,t (sec),PT1 (psi),PT2 (psi),DP (psi),w (RPM),q (GPM),Tm (mNm),Te (mNm),V (V),dt (sec),DP_ref (psi),w_ref (RPM),PT2_ref (psi),q_pred (GPM),w_pred (RPM),g_des (deg),I_des (A),g (deg),I (A),P_f (W),P_t (W),P_e (W),eff_t (),eff_g (),V_measured (V),PT1_measured (psi),PT2_measured (psi),g_measured (deg),I_measured (A),q_measured (GPM),w_measured (RPM)
0,0.0,43.498,35.471,6.1932,3258.785,25.5675,73.41,73.41,11.9158,0.0,6.1932,3258.785,35.471,25.567,3258.0,0.0,1.467,0.0,1.467,63.41788350863394,25.051835434617317,17.4804786,0.3950279329521722,0.6977723706361648,11.825832705901439,43.527809399011694,35.47537139703525,0.00019097017665856633,1.467364477536477,25.58541465632983,3258.81342018003
1,0.1,42.880762000000004,34.804324304187496,5.992368127892641,3258.785,25.705910008839542,73.90711606859854,78.70167199999997,12.324187099641405,0.1,6.1932,3258.785,35.471,25.567,3258.0,0.0,1.467,0.0,1.467,61.51552338214138,25.221480849988993,18.079582475173943,0.41000188998328607,0.7168327102879779,12.416086271129323,42.8604771624852,34.78079305616019,0.00031302494525041,1.4677067010487015,25.778064868421378,3258.7476911228964
2,0.2,42.44925495644185,35.1820844734335,6.1729810674304435,3245.8115612613738,25.863209652921782,76.20901135706202,78.70167199999997,12.324187099641405,0.1,6.1932,3258.785,35.471,25.567,3258.0,0.0,1.467,0.0,1.467,63.92389598165363,25.903488035720486,18.079582475173943,0.4052238624997899,0.6979593810008325,12.205388291198437,42.455296433000896,35.18299745777247,0.00019023344807000205,1.4690374980182843,25.85106416210404,3245.836374548049
3,0.30000000000000004,41.95885758605105,35.613875809319005,6.160337655993609,3239.0667488929244,25.945795958234395,76.25724706858736,78.70167199999997,12.262815810117555,0.1,6.1932,3258.785,35.471,25.567,3258.0,0.0,1.467,0.0,1.467,63.98532136423217,25.866021737604722,17.989550793442454,0.4042493057175429,0.6954896650105554,12.290352252278046,41.91968288939305,35.663988426092544,-0.0005732553650694618,1.4679877161831378,25.93150298509665,3239.044327075758
4,0.4,41.70138652060845,35.841631774454065,6.108042075044935,3232.4524560256427,25.959732371356644,76.53679216591865,78.70167199999997,12.230909247718202,0.1,6.1932,3258.785,35.471,25.567,3258.0,0.0,1.467,0.0,1.467,63.42915435698174,25.907828845284634,17.942743866402605,0.40845300726341655,0.6925606917334673,12.18258219530738,41.66459187692479,35.83333137812277,0.0005481276527208249,1.4666787456387322,26.03493873546299,3232.5285768729773
5,0.5,41.657938359058534,35.88013712610275,6.093945871948003,3226.594575482422,25.940992349878574,76.82440771696918,78.70167199999997,12.19962011222131,0.1,6.1932,3258.785,35.471,25.53755183918067,3237.9618286745012,0.0,1.467,0.0,1.467,63.22430238708662,25.958060334727982,17.896842704628664,0.4105709253350313,0.689452234637323,12.240733204027787,41.64507459776263,35.89533183001463,0.00043603335280567254,1.4679648230063618,25.99659118909701,3226.6154985256867
6,0.6,41.71636225001856,35.82836452645449,6.099086235818014,3221.5149448512298,25.91713065161405,77.04858312020417,78.70167199999997,12.17190921073582,0.1,6.1932,3258.785,35.471,25.53755183918067,3237.9618286745012,0.0,1.467,0.0,1.467,63.224096931005754,25.992821512556674,17.85619081214945,0.4111220685512002,0.6869662381024484,12.157009291297124,41.692967767120074,35.7677544698131,0.0005285556055785821,1.4676859536524,25.81835125802151,3221.324473363091
7,0.7,41.79075348052805,35.762496506359064,6.1081410057256225,3217.0419034229144,25.901198291025654,77.25565461372153,78.70167199999997,12.14787984670815,0.1,6.1932,3258.785,35.471,25.53755183918067,3237.9618286745012,0.0,1.467,0.0,1.467,63.287248747555424,26.026490606831157,17.820939735120856,0.41124383065927594,0.6847231155491784,12.181287299647739,41.8113370864042,35.781371170961314,-0.0003271657642712031,1.469194787831358,25.769623395035453,3216.9258949161294
8,0.7999999999999999,41.84042420789842,35.71855044105414,6.1125149154661385,3213.129170263832,25.89516887150668,77.44773140372833,78.70167199999997,12.126719973363853,0.1,6.1932,3258.785,35.471,25.53755183918067,3237.9618286745012,0.0,1.467,0.0,1.467,63.3217849324075,26.059465472800404,17.789898200924775,0.41154028586871705,0.6826655066848167,12.036088350764908,41.80895911425417,35.7542973246673,-0.001209381730949794,1.4684164217634603,25.869013796296866,3212.985173716265
9,0.8999999999999999,41.85922152619078,35.70192660414725,6.111730079010981,3209.7361716753576,25.89587525099298,77.6157139698233,78.70167199999997,12.108210657185353,0.1,6.1932,3258.785,35.471,25.53755183918067,3237.9618286745012,0.0,1.467,0.0,1.467,63.31467146681248,26.088409979077024,17.762745034090912,0.4120436760498984,0.6808672911969983,12.14336286947775,41.865005247045,35.72621240030466,-0.0005421888814332824,1.4694046608730065,25.98715564837447,3209.8504572734278
10,0.9999999999999999,41.857019317504296,35.703873977447955,6.108011405846764,3206.797711851593,25.899314355762804,77.75828674102806,78.70167199999997,12.09215996292283,0.1,6.1932,3258.785,35.471,25.53755183918067,3237.9618286745012,0.0,1.467,0.0,1.467,63.28118545042724,26.11240456097789,17.73919866560779,0.41264088804773796,0.6793399138782136,11.956780943452284,41.79451284381229,35.690538709219204,-0.00042073882503674827,1.4664943949211702,25.663938979309282,3206.986608964455
11,1.0999999999999999,41.846297564473886,35.71335578856961,6.103392077485214,3204.2450352243295,25.902720936760137,77.87984852467822,78.70167199999997,12.07825947961754,0.1,6.1932,3258.785,35.471,25.165194562168093,3216.437520901724,0.0,1.467,0.0,1.467,63.23746078778919,26.13240833598533,17.718806656598932,0.4132425307790245,0.678039560257424,12.085474242485887,41.820964250733006,35.720776911359806,0.0003302082120214065,1.467807141035661,25.719385433592386,3204.2381045770708
12,1.2,41.8356772075566,35.722749171109974,6.099168611416108,3202.021288820367,25.904951263960154,77.98521047813597,78.70167199999997,12.066183956735076,0.1,6.1932,3258.785,35.471,25.165194562168093,3216.437520901724,0.0,1.467,0.0,1.467,63.19531390864421,26.149601873043018,17.70109186453036,0.41379020461620225,0.6769163045185013,12.100123245912181,41.78302281085709,35.76693486234118,0.0006622441511575993,1.4683167390352685,25.936383001401765,3202.026076423395
13,1.3,41.828723939477825,35.72889979436926,6.09586857519883,3200.0826380265344,25.905989786230904,78.07751669909592,78.70167199999997,12.055664449368159,0.1,6.1932,3258.785,35.471,25.165194562168093,3216.437520901724,0.0,1.467,0.0,1.467,63.160659638840414,26.164702613020992,17.68565974722309,0.4142563228856955,0.6759358212014126,11.980471017073683,41.79012485317105,35.70336671404833,-0.000234916601033565,1.4672796157197123,25.898830419838053,3199.923974113538
14,1.4000000000000001,41.825486242446544,35.73176393119289,6.093462714795847,3198.3937557451463,25.906288341398408,78.15858904128504,78.70167199999997,12.046493596400726,0.1,6.1932,3258.785,35.471,25.165194562168093,3216.437520901724,0.0,1.467,0.0,1.467,63.134275843814265,26.178047840829826,17.672206105919866,0.4146408189679851,0.6750773095599809,12.070776723276047,41.84703123811368,35.74237168917245,0.0010011844784199781,1.4651991368755222,25.96939261858749,3198.398493906832
15,1.5000000000000002,41.824555466856324,35.73258733666115,6.091682733002938,3196.9242445754603,25.906307935000775,78.22962900806472,78.70167199999997,12.038504281805656,0.1,6.1932,3258.785,35.471,25.165194562168093,3216.437520901724,0.0,1.467,0.0,1.467,63.114264924679425,26.189803101690686,17.660485781408898,0.4149585380253672,0.6743267871406343,12.048136098180784,41.85918120834184,35.76326490665972,0.0002458556499481259,1.4668417681768429,26.010302424120702,3196.8835547472677
16,1.6000000000000003,41.82449438184159,35.73264137551277,6.090259561746985,3195.6469582270497,25.9063294759692,78.29162760210016,78.70167199999997,12.031552709653484,0.1,6.1932,3258.785,35.471,25.67563330453186,3206.300567711198,0.0,1.467,0.0,1.467,63.09827963015884,26.20008699854936,17.65028782506166,0.4152266456727071,0.6736728708587463,12.006320861993277,41.847465219240874,35.740701956315164,0.0002568958260398022,1.4668650752883647,25.631199839381072,3195.5197070228105
17,1.7000000000000004,41.82442722571842,35.73270078521696,6.089022133252913,3194.5374319325647,25.906449744634628,78.34553780485899,78.70167199999997,12.025510463501753,0.1,6.1932,3258.785,35.471,25.67563330453186,3206.300567711198,0.0,1.467,0.0,1.467,63.084627864485164,26.209024991034116,17.64142384995707,0.41545818495331166,0.673104926871261,11.9477487777463,41.84494182163887,35.70375080547766,-0.0021040663639243272,1.4660174614261492,25.879483933387345,3194.4855787800966
18,1.8000000000000005,41.82405227612709,35.73303248550321,6.087897415571335,3193.573779567362,25.906653858054945,78.39231390337717,78.70167199999997,12.020261811943364,0.1,6.1932,3258.785,35.471,25.67563330453186,3206.300567711198,0.0,1.467,0.0,1.467,63.07245025257661,26.216762216303366,17.633724078120917,0.41566107090048193,0.672612580174186,11.996321673456762,41.78207214829798,35.75728657806359,0.0002878570023088673,1.4683159227990572,25.981931615182567,3193.474728568465
19,1.9000000000000006,41.823415932127915,35.73359543266472,6.086871735784634,3192.7366971822034,25.90688952604416,78.43288037688407,78.70167199999997,12.015703221927511,0.1,6.1932,3258.785,35.471,25.67563330453186,3206.300567711198,0.0,1.467,0.0,1.467,63.06146533451664,26.22345351999209,17.62703662656766,0.4158395841404387,0.6721859351259458,11.995116934236538,41.84056715390244,35.774776608453465,0.0001965827765233471,1.466472903239182,25.903542754561023,3192.676640340304
20,2.0000000000000004,41.822681213604724,35.73424541320717,6.085952633764797,3192.0093823472444,25.907112090340604,78.46808375834557,78.70167199999997,12.011743375471232,0.1,6.1932,3258.785,35.471,25.67563330453186,3206.300567711198,0.0,1.467,0.0,1.467,63.05164938094439,26.22924704896149,17.6212275318163,0.41599620797372117,0.6718159884240362,12.007177363325974,41.833421925999616,35.74270292821191,-0.0011264359581207816,1.4653264262774581,25.92468982179333,3191.967525903718
21,2.1000000000000005,41.821987347154135,35.73485925873617,6.085146107649307,3191.3773232396807,25.907299512696145,78.4986627632253,78.70167199999997,12.008302788113436,0.1,6.1932,3258.785,35.471,25.827789006043574,3187.851215792226,0.0,1.467,0.0,1.467,63.04301640633254,26.234272830207598,17.616180190162414,0.4161328934694251,0.6714948915937996,11.923140691350882,41.85439984149112,35.76828806558334,0.0024069934435343656,1.4673427504352423,25.960677171385832,3191.3721767218094
22,2.2000000000000006,41.82140303921851,35.73537618479826,6.084448989129481,3190.828006903746,25.90744910696799,78.52524471455101,78.70167199999997,12.005312811186888,0.1,6.1932,3258.785,35.471,25.827789006043574,3187.851215792226,0.0,1.467,0.0,1.467,63.035524234192586,26.23863941747843,17.611793894011168,0.4162516253532752,0.6712159732748706,12.034743293053799,41.82034182904365,35.74485209240902,0.0007867769107123574,1.467097021225245,25.878408424688686,3190.7292193792546
23,2.3000000000000007,41.8209366641166,35.73578878062017,6.083850371373388,3190.3506178374087,25.907568199752834,78.54835922857694,78.70167199999997,12.002714251732295,0.1,6.1932,3258.785,35.471,25.827789006043574,3187.851215792226,0.0,1.467,0.0,1.467,63.029067829394585,26.242436169467375,17.607981807291278,0.4163545023464365,0.6709735976333578,12.052608024090862,41.808877012962746,35.712788592621536,-0.0002798751430317511,1.4677485384873823,25.948377557883042,3190.539697145333
24,2.400000000000001,41.820565380450574,35.73611725202246,6.08333602839593,3189.9357736106726,25.907666132277875,78.56845725634093,78.70167199999997,12.000455946652512,0.1,6.1932,3258.785,35.471,25.827789006043574,3187.851215792226,0.0,1.467,0.0,1.467,63.02350963332328,26.245737573301625,17.604668873739236,0.41644360534666824,0.6707629695896798,11.937611484359504,41.83536257474647,35.744611186152916,-0.00010059328216574852,1.4661051509423355,25.772529692736583,3189.7934888081863
25,2.500000000000001,41.820260066010505,35.73638736216059,6.082892166993232,3189.575312007832,25.907750070425593,78.58592789391795,78.70167199999997,11.998493512045986,0.1,6.1932,3258.785,35.471,25.827789006043574,3187.851215792226,0.0,1.467,0.0,1.467,63.01871165679225,26.248607208985113,17.60178998217146,0.41652084783862764,0.6705799603777157,12.069598137264935,41.815192229439916,35.7104143242855,-0.0007254203289974302,1.4685025177623212,25.915898681707436,3189.6530517065444
26,2.600000000000001,41.81999838044118,35.73661887487045,6.082507304443322,3189.262123656065,25.907824078558978,78.601110393884,78.70167199999997,11.996788336276026,0.1,6.1932,3258.785,35.471,25.85484586305133,3186.2181371882302,0.0,1.467,0.0,1.467,63.01455439451619,26.251100458054776,17.59928848931693,0.4165878932302545,0.6704209797771292,11.925609056973228,41.825588115924944,35.77921361825396,-0.0016009151811428024,1.4673270443759456,25.874873254054897,3189.3794166771
27,2.700000000000001,41.81976765268453,35.73682299988637,6.082172553030915,3188.990017155469,25.907889909819612,78.61430191666963,78.70167199999997,11.99530678821471,0.1,6.1932,3258.785,35.471,25.85484586305133,3186.2181371882302,0.0,1.467,0.0,1.467,63.01094195897605,26.25326603760018,17.597115058310983,0.41664614464409455,0.6702828910166159,11.956498879777598,41.82775561814735,35.7245890450489,-7.183814052278568e-05,1.4672855568322154,25.915436312485866,3189.189207603752
28,2.800000000000001,41.819562417146386,35.73700457240788,6.081881081458647,3188.7536051832462,25.90794818571426,78.62576264289225,78.70167199999997,11.99401957923598,0.1,6.1932,3258.785,35.471,25.85484586305133,3186.2181371882302,0.0,1.467,0.0,1.467,63.00779888257422,26.255146811719825,17.595226722739184,0.416696778451994,0.6701629531503892,11.948030340091668,41.85824202507351,35.69579723687264,-4.8802977054528204e-05,1.4673631766771411,25.893540343284915,3188.7400781682586
29,2.9000000000000012,41.81938073621723,35.737165306478246,6.081627407478959,3188.5482044311816,25.907999265881973,78.63571969627009,78.70167199999997,11.992901224427628,0.1,6.1932,3258.785,35.471,25.85484586305133,3186.2181371882302,0.0,1.467,0.0,1.467,63.005064262425904,26.256780309405574,17.59358609623533,0.4167407908678895,0.6700587767774804,11.943159842872296,41.86207041842046,35.756289804520726,0.0002041248484938866,1.466195509001677,25.797650904641728,3188.5950892607593
30,3.0000000000000013,41.81922148868637,35.73730619390088,6.081406862698859,3188.369746158017,25.908043648129876,78.64437070344901,78.70167199999997,11.991929569242188,0.1,6.1932,3258.785,35.471,25.85484586305133,3186.2181371882302,0.0,1.467,0.0,1.467,63.002686702203526,26.258199200805606,17.59216067807829,0.41677903872450606,0.6699682847077556,11.937636260365988,41.82912036758553,35.744366784187484,0.00019508588914258728,1.4666593508457533,25.82499270162764,3188.1543685114552
31,3.1000000000000014,41.8190831225903,35.73742860759523,6.081215304344374,3188.214696374245,25.90808202313784,78.6518872551721,78.70167199999997,11.991085366361906,0.1,6.1932,3258.785,35.471,25.797378421469926,3192.2495864641924,0.0,1.467,0.0,1.467,63.00062119703579,26.259431813896875,17.590922232452918,0.41681226811668953,0.6698896745794608,12.036493209594685,41.793689748101315,35.748328184594364,2.51514839313409e-05,1.467376515402692,25.846883750810957,3188.1987763513584
32,3.2000000000000015,41.818963484665474,35.737534452481874,6.081049009636062,3188.0799853923763,25.90811517350868,78.65841822263683,78.70167199999997,11.990351898130221,0.1,6.1932,3258.785,35.471,25.797378421469926,3192.2495864641924,0.0,1.467,0.0,1.467,62.9988276978321,26.26050267535754,17.589846234557037,0.416841132366995,0.6698213835435483,12.00599046958456,41.77150640108706,35.765045625892704,0.0012453103034487862,1.4674399058271428,25.924109279011837,3188.1936474447175
33,3.3000000000000016,41.81886013506934,35.73762588704498,6.080904657266512,3187.9629463508336,25.90814385652982,78.66409279958484,78.70167199999997,11.989714643286932,0.1,6.1932,3258.785,35.471,25.797378421469926,3192.2495864641924,0.0,1.467,0.0,1.467,62.99727061764478,26.261433030287744,17.58891138170193,0.41686620345314185,0.6697620560696878,12.026756417125853,41.752726895944164,35.7785993499458,-0.0002884382077135695,1.466196462930207,25.903172903515326,3188.042337681199
34,3.4000000000000017,41.81877071288264,35.73770499996497,6.08077932588582,3187.8612619693376,25.908168733102894,78.66902318140475,78.70167199999997,11.989160986153399,0.1,6.1932,3258.785,35.471,25.797378421469926,3192.2495864641924,0.0,1.467,0.0,1.467,62.995918641979124,26.262241305903668,17.588099166687037,0.41688798055566534,0.6697105156342192,11.979856467216239,41.790726905052104,35.760440027955845,-0.0019027140299711658,1.4670988362162032,25.739089987609887,3187.869601109541
35,3.5000000000000018,41.818693157678425,35.73777361408898,6.08067047769831,3187.772918553598,25.9081903487816,78.67330686441248,78.70167199999997,11.9886799647571,0.1,6.1932,3258.785,35.471,25.797378421469926,3192.2495864641924,0.0,1.467,0.0,1.467,62.994744497993004,26.26294350615426,17.587393508298668,0.41690689779670415,0.6696657404063399,12.022617528866322,41.86691180801996,35.70945703624869,-0.0008840706383406593,1.4695238842092722,26.003601520163976,3187.862423904172
36,3.600000000000002,41.8186257686385,35.7378332341253,6.080575923256458,3187.6961662215526,25.90820914756674,78.67702860125185,78.70167199999997,11.98826205324928,0.1,6.1932,3258.785,35.471,25.841295188586066,3190.564052716819,0.0,1.467,0.0,1.467,62.99372459140543,26.26355354129393,17.586780432116694,0.4169233318341873,0.6696268425544613,11.95822925802077,41.79707810104235,35.740772550108794,-0.000471989163125441,1.468075147879344,25.845829547384838,3187.579438641561
37,3.700000000000002,41.81856716154593,35.73788508468906,6.080493776086373,3187.629484420663,25.908225496768377,78.68026206970168,78.70167199999997,11.98789897375382,0.1,6.1932,3258.785,35.471,25.841295188586066,3190.564052716819,0.0,1.467,0.0,1.467,62.99283855568116,26.264083504245733,17.586247794496856,0.41693760920188033,0.6695930505876568,12.015656056334908,41.863192968154706,35.703719036026186,-0.0010545555719887524,1.4689009484030882,25.89871250657227,3187.8009160247752
38,3.800000000000002,41.81851619127491,35.73793017887417,6.080422407021408,3187.5715519607866,25.908239709175025,78.68307131016272,78.70167199999997,11.987583533245656,0.1,6.1932,3258.785,35.471,25.841295188586066,3190.564052716819,0.0,1.467,0.0,1.467,62.99206879134919,26.264543906099043,17.58578504327138,0.4169500130738046,0.6695636941629007,12.024500508677852,41.838205035020586,35.73190506446078,-0.00029647400264838126,1.466710813145732,25.9248640468249,3187.529134198547
39,3.900000000000002,41.81847188267595,35.73796937939836,6.0803604043136605,3187.521220936693,25.90825205764378,78.68551197477106,78.70167199999997,11.987309481790252,0.1,6.1932,3258.785,35.471,25.841295188586066,3190.564052716819,0.0,1.467,0.0,1.467,62.99140005198889,26.264943880132297,17.5853830097863,0.41696078922606844,0.669538190907329,11.963535984330425,41.866898755679536,35.68118826898329,0.00043080510891526876,1.4671385496047302,26.19278652532146,3187.4348454722594
40,4.000000000000002,41.81843338508976,35.738003438844316,6.080306541321488,3187.477494030527,25.90826278286946,78.68763241816303,78.70167199999997,11.987071389183203,0.1,6.1932,3258.785,35.471,25.841295188586066,3190.564052716819,0.0,1.467,0.0,1.467,62.990819098998806,26.2652913603427,17.58503372793176,0.4169701511431873,0.6695160349328146,12.044618102678596,41.79463754043623,35.707109627752665,-0.0004803950000971662,1.467807443607047,25.833069259480933,3187.5402226020196
41,4.100000000000001,41.81839994812617,35.73803302108763,6.080259750880747,3187.4395047657267,25.90827209712217,78.68947465077989,78.70167199999997,11.986864537578754,0.1,6.1932,3258.785,35.471,25.841295188586066,3190.564052716819,0.0,1.467,0.0,1.467,62.99031442187838,26.26559323804504,17.584730276628033,0.41697828434592205,0.6694967868137469,12.005192842618769,41.843026587151684,35.742766778000295,-0.00019642747728081198,1.4661425361578464,26.060568651386525,3187.216246041019
42,4.200000000000001,41.818370910011936,35.73805871160497,6.080219104542186,3187.4065003404694,25.90828018647376,78.69107517064691,78.70167199999997,11.986684828080307,0.1,6.1932,3258.785,35.471,25.801671640648426,3194.1512834862538,0.0,1.467,0.0,1.467,62.98987600967016,26.265855498884683,17.58446664279381,0.4169853500720079,0.6694800648522753,12.025421117950337,41.8280517814726,35.75272269282581,0.0002970372118702319,1.4683159875132206,26.06113170724829,3187.4640195709662
43,4.300000000000001,41.81834569064941,35.73808102361471,6.080183795051979,3187.377826711795,25.908287212933924,78.69246568738671,78.70167199999997,11.986528699533446,0.1,6.1932,3258.785,35.471,25.801671640648426,3194.1512834862538,0.0,1.467,0.0,1.467,62.989495158726804,26.266083342216675,17.584237602215566,0.4169914884383332,0.669465537480914,11.965198682858304,41.81811010791923,35.73062576693598,-0.0008555612009809556,1.46529040076845,25.921129601984465,3187.510251942194
44,4.4,41.8183237849572,35.73810040396821,6.080153121045139,3187.3529156388186,25.90829331692119,78.69367375124641,78.70167199999997,11.986393057965893,0.1,6.1932,3258.785,35.471,25.801671640648426,3194.1512834862538,0.0,1.467,0.0,1.467,62.98916430622764,26.266281284765736,17.584038616035965,0.4169968211845101,0.6694529166652375,12.016620976473446,41.790875164567254,35.730694928637476,3.814667638260659e-05,1.468190079422608,26.10360979726774,3187.222513073052
45,4.5,41.81830475516651,35.73811723996502,6.080126473455479,3187.3312734280057,25.908298619941938,78.69472329910873,78.70167199999997,11.986275215294972,0.1,6.1932,3258.785,35.471,25.801671640648426,3194.1512834862538,0.0,1.467,0.0,1.467,62.98887688354287,26.266453250483945,17.583865740837727,0.41700145406698924,0.669441952179583,12.050119380561117,41.809317088586276,35.767187837926016,0.0005016691242396685,1.4674341016302344,25.909745061052817,3187.429136539706
46,4.6,41.81828822246902,35.73813186674194,6.080103323455259,3187.312471155884,25.90830322719933,78.69563512842373,78.70167199999997,11.986172836086768,0.1,6.1932,3258.785,35.471,25.801671640648426,3194.1512834862538,0.0,1.467,0.0,1.467,62.988627186664665,26.266602648434972,17.58371555053929,0.41700547895090306,0.6694324266403355,12.089465890443249,41.75692164574123,35.708343447362644,-6.164343382637526e-05,1.466004679856097,26.001770534040297,3187.349852787124
47,4.699999999999999,41.81827385888337,35.738144574468755,6.08008321184516,3187.296136174149,25.90830722992439,78.69642730875057,78.70167199999997,11.986083891304329,0.1,6.1932,3258.785,35.471,25.801671640648426,3194.1512834862538,0.0,1.467,0.0,1.467,62.988410262305905,26.26673244035419,17.583585068543453,0.417008975634887,0.6694241511947403,11.966056803926163,41.790281628409346,35.76344106026546,0.001590802807585793,1.4681559189565734,25.93067105844713,3187.1540282508654
48,4.799999999999999,41.81826137998773,35.73815561477771,6.080065739809374,3187.281944728351,25.908310707350907,78.69711553930046,78.70167199999997,11.986006618122284,0.1,6.1932,3258.785,35.471,25.879891609961607,3189.8543230091936,0.0,1.467,0.0,1.467,62.98822180851638,26.26684519931103,17.583471708785392,0.4170120134389887,0.669416961776841,11.92134378107505,41.89351306518068,35.71923068599256,-0.0011034612088610305,1.465627707749428,25.866236726063008,3187.352874900495
49,4.899999999999999,41.81825053876281,35.73816520621057,6.080050560911925,3187.2696155440435,25.90831372835432,78.69771345966939,78.70167199999997,11.985939485009283,0.1,6.1932,3258.785,35.471,25.879891609961607,3189.8543230091936,0.0,1.467,0.0,1.467,62.98805808846951,26.266943160681596,17.58337322450862,0.4170146525836455,0.6694107158547775,11.90779237386051,41.81241101787219,35.740726953635935,0.0005551370831954109,1.4659852667466626,25.936670005576435,3187.353057875034
50,4.999999999999998,41.81824112048258,35.73817353873891,6.080037374183545,3187.2589042537365,25.908316352818844,78.69823291991773,78.70167199999997,11.985881161387075,0.1,6.1932,3258.785,35.471,25.879891609961607,3189.8543230091936,0.0,1.467,0.0,1.467,62.9879158558782,26.267028266452304,17.58328766375484,0.4170169453860568,0.6694052896045285,11.958452199341588,41.78826250179663,35.69764343129589,-0.00026933275305135413,1.4653438061744823,25.76135344281974,3187.2689348669783
51,5.099999999999998,41.818232938451985,35.738180777534915,6.0800259181454885,3187.2495985546475,25.908318632799574,78.69868421529989,78.70167199999997,11.985830491267006,0.1,6.1932,3258.785,35.471,25.879891609961607,3189.8543230091936,0.0,1.467,0.0,1.467,62.98779229047072,26.267102203725496,17.583213330688697,0.417018937298099,0.6694005754542215,11.898284097980767,41.84607158737797,35.7424615953237,-0.0008555762609142028,1.4685247889773203,25.896514500968802,3187.3365845349226
52,5.1999999999999975,41.81822583038405,35.73818706617658,6.08001596563158,3187.241514001599,25.90832061352934,78.69907629024249,78.70167199999997,11.985786470343601,0.1,6.1932,3258.785,35.471,25.879891609961607,3189.8543230091936,0.0,1.467,0.0,1.467,62.98768494208491,26.26716643817879,17.583148751994063,0.41702066780721625,0.6693964799506245,11.947386194376119,41.834790400152336,35.74342096892376,-0.0006346414201133778,1.4655611493007328,26.068359989760157,3187.144909798482
53,5.299999999999997,41.81821965526093,35.73819252942484,6.080007319292186,3187.2344903518588,25.908322334301012,78.69941691557577,78.70167199999997,11.985748226092728,0.1,6.1932,3258.785,35.471,25.879891609961607,3189.8543230091936,0.0,1.467,0.0,1.467,62.98759168214427,26.26722224313347,17.583092647678033,0.4170221712188387,0.66939292190572,11.939496997493695,41.80267286644589,35.71890152356889,0.0004522071068502555,1.4656314253244425,25.875117304650146,3187.141829004199
54,5.399999999999997,41.81821429058317,35.7381972756571,6.079999807685304,3187.22838838954,25.90832382924262,78.69971284251363,78.70167199999997,11.985715000480736,0.1,6.1932,3258.785,35.471,25.760735889594635,3197.054565139738,0.0,1.467,0.0,1.467,62.98751066149019,26.267270724804984,17.583043905705242,0.41702347733619005,0.6693898307866846,12.07902938728748,41.84958025479792,35.76747373989021,0.0006068082596868747,1.4667507496167038,26.021051745190576,3187.306165838391
55,5.4999999999999964,41.818209629953216,35.738201399005156,6.079993281876993,3187.2230871666548,25.908325127996218,78.69996993642829,78.70167199999997,11.98568613494218,0.1,6.1932,3258.785,35.471,25.760735889594635,3197.054565139738,0.0,1.467,0.0,1.467,62.987440273720026,26.26731284423624,17.583001559960177,0.41702461205104147,0.6693871453173165,11.948974721981466,41.84422015193535,35.70943056914395,-0.0013712542718868678,1.466923846018617,25.62946777752134,3187.088776686724
56,5.599999999999996,41.818205580959,35.73820498122762,6.079987612485691,3187.2184816061413,25.90832625630959,78.70019329307222,78.70167199999997,11.98566105732852,0.1,6.1932,3258.785,35.471,25.760735889594635,3197.054565139738,0.0,1.467,0.0,1.467,62.987379123315826,26.26734943635023,17.58296477110094,0.41702559785706234,0.6693848122631151,11.972792426497907,41.85504559692851,35.694406359088816,-0.0012952871371445145,1.4665421467749395,25.86390947465165,3187.2633191659274
57,5.699999999999996,41.818202063329224,35.73820809334196,6.079982687113864,3187.214480419376,25.908327236549958,78.7003873395524,78.70167199999997,11.985639270569173,0.1,6.1932,3258.785,35.471,25.760735889594635,3197.054565139738,0.0,1.467,0.0,1.467,62.98732599794848,26.26738122650112,17.582932809924976,0.41702645429584767,0.6693827853758632,12.006976017600332,41.80613140830181,35.74260505040086,0.0010292362354205134,1.4678462162411436,25.863603147130046,3187.167663885633
58,5.799999999999995,41.818199007331856,35.7382107970414,6.079978408117057,3187.211004296904,25.908328088149155,78.70055592205875,78.70167199999997,11.985620342820226,0.1,6.1932,3258.785,35.471,25.760735889594635,3197.054565139738,0.0,1.467,0.0,1.467,62.987279844417614,26.267408844853083,17.58290504291727,0.41702719834441443,0.6693810244767451,12.03761064768393,41.7840687936289,35.758632457054794,0.0006362531468453221,1.467934801439582,25.821425526060324,3187.2919452796823
59,5.899999999999995,41.818196352386195,35.738213145922785,6.07997469066652,3187.207984336556,25.908328827989326,78.70070238208491,78.70167199999997,11.98560389890563,0.1,6.1932,3258.785,35.471,25.760735889594635,3197.054565139738,0.0,1.467,0.0,1.467,62.987239747755496,26.26743283887235,17.58288091969456,0.4170278447518153,0.6693794946597982,12.088120673874192,41.78788862549532,35.76589246518889,0.0006275734382555449,1.4683579704353362,25.851614246892517,3187.386628610979
60,5.999999999999995,41.81819404586048,35.73821518655043,6.079971461066712,3187.2053606778063,25.908329470737456,78.70082962265003,78.70167199999997,11.985589612881345,0.1,6.1932,3258.785,35.471,25.861263664723403,3190.4763856731274,0.0,1.467,0.0,1.467,62.987204913078806,26.267453684179937,17.582859962096933,0.41702840633154853,0.6693781655999088,11.941358834058418,41.829393439735135,35.743479244367904,0.0008870967423922647,1.466914690408021,25.959967175050497,3187.1916682801675
61,6.099999999999994,41.81819204202891,35.73821695937878,6.079968655293981,3187.203081315317,25.908330029135822,78.70094016583313,78.70167199999997,11.98557720157514,0.1,6.1932,3258.785,35.471,25.861263664723403,3190.4763856731274,0.0,1.467,0.0,1.467,62.98717464982603,26.26747179398029,17.58284175471073,0.4170288942155757,0.6693770109516283,11.982461053938431,41.80420410327742,35.72891863212144,-0.003468541353173641,1.4685709032729966,25.93016941416089,3187.1860172345882
62,6.199999999999994,41.81819030116617,35.73821849955359,6.079966217727194,3187.2011010681645,25.908330514254384,78.70103620275918,78.70167199999997,11.985566418974004,0.1,6.1932,3258.785,35.471,25.861263664723403,3190.4763856731274,0.0,1.467,0.0,1.467,62.98714835806538,26.26748752725261,17.582825936634865,0.417029318074996,0.6693760078268858,11.961316860309466,41.827449743140114,35.71525128751599,-0.0006465917340671196,1.467535229547755,25.93287602445411,3187.1234006435907
63,6.299999999999994,41.81818878876054,35.73821983760802,6.07996410004499,3187.1993806843225,25.908330935710172,78.7011196370261,78.70167199999997,11.98555705134806,0.1,6.1932,3258.785,35.471,25.861263664723403,3190.4763856731274,0.0,1.467,0.0,1.467,62.9871255166004,26.267501195866988,17.582812194327605,0.41702968631175474,0.6693751363412573,11.909238124268674,41.816026083701765,35.70060680176974,0.0003561134878595608,1.467297282249852,25.81305720886805,3187.219563842822
64,6.399999999999993,41.81818747482997,35.738221000067746,6.079962260267728,3187.1978860626505,25.90833130185797,78.70119212243412,78.70167199999997,11.98554891301427,0.1,6.1932,3258.785,35.471,25.861263664723403,3190.4763856731274,0.0,1.467,0.0,1.467,62.98710567263636,26.267513070766785,17.582800255391934,0.41703000622519865,0.6693743792197785,11.94617445052089,41.821013391507535,35.78446786253442,-0.0012283584174136034,1.466315500211754,25.81252749885207,3187.1393898590563
65,6.499999999999993,41.8181863333276,35.738222009976944,6.079960661925116,3187.196587576974,25.90833161995603,78.7012550957644,78.70167199999997,11.985541842656039,0.1,6.1932,3258.785,35.471,25.861263664723403,3190.4763856731274,0.0,1.467,0.0,1.467,62.987088432802516,26.267523387339498,17.58278988317641,0.4170302841567742,0.6693737214544946,12.044196544301927,41.84193433045885,35.74400987464032,-0.0003667562597908222,1.4661099024841457,25.93139137925714,3187.328871169139
66,6.5999999999999925,41.81818534162508,35.73822288735532,6.07995927333316,3187.1954594888593,25.908331896310017,78.70130980525633,78.70167199999997,11.98553570012575,0.1,6.1932,3258.785,35.471,25.768261782193594,3197.363265356633,0.0,1.467,0.0,1.467,62.9870734553533,26.267532350082764,17.582780872084477,0.4170305256157329,0.6693731500069544,12.074727663234206,41.82890118469327,35.77120034213538,-7.561256516259392e-05,1.4679055374818855,25.81172722628631,3187.3322535986104
67,6.699999999999992,41.81818448006389,35.73822364959516,6.079958066965926,3187.194479437446,25.908332136398066,78.70135733534855,78.70167199999997,11.985530363666877,0.1,6.1932,3258.785,35.471,25.768261782193594,3197.363265356633,0.0,1.467,0.0,1.467,62.98706044339221,26.267540136658127,17.58277304349931,0.4170307353883472,0.6693726535497461,11.932068928680641,41.80006312648629,35.75757652072769,-0.00015724684448007803,1.466289706007427,25.824946323936942,3187.1562188380753
68,6.799999999999992,41.8181837315654,35.73822431180626,6.079957018909858,3187.19362799622,25.9083323449794,78.70139862817334,78.70167199999997,11.98552572750061,0.1,6.1932,3258.785,35.471,25.768261782193594,3197.363265356633,0.0,1.467,0.0,1.467,62.98704913898607,26.267546901412707,17.582766242243395,0.4170309176327854,0.6693722222419547,11.904912746232895,41.85169162436621,35.72788447625665,0.0008331088227053754,1.465771029151834,25.92637028932828,3187.145918962932
69,6.8999999999999915,41.81818308129223,35.73822488711552,6.079956108389649,3187.192888287956,25.908332526188676,78.70143450223048,78.70167199999997,11.985521699729174,0.1,6.1932,3258.785,35.471,25.768261782193594,3197.363265356633,0.0,1.467,0.0,1.467,62.98703931805111,26.26755277843876,17.5827603335027,0.41703107596154126,0.6693718475340873,11.898543856550841,41.80852500189931,35.782280054710725,0.00038272590649724667,1.4683870820938136,25.85859378650309,3187.169481512211
70,6.999999999999991,41.818182516354184,35.73822538692714,6.079955317356394,3187.1922456501798,25.908332683617953,78.7014656686109,78.70167199999997,11.985518200514282,0.1,6.1932,3258.785,35.471,25.768261782193594,3197.363265356633,0.0,1.467,0.0,1.467,62.98703078591063,26.267557884231696,17.582755200154452,0.4170312135130428,0.6693715219985983,11.970910156321153,41.84649283267762,35.75191228603531,0.0005395832383505671,1.4655539872011312,25.894157774455238,3187.2151806447314
71,7.099999999999991,41.81818202555267,35.738225821148745,6.079954630129794,3187.191687344536,25.90833282038789,78.7014927450915,78.70167199999997,11.985515160494606,0.1,6.1932,3258.785,35.471,25.768261782193594,3197.363265356633,0.0,1.467,0.0,1.467,62.98702337343594,26.267562319999403,17.582750740445587,0.4170313330138641,0.6693712391826538,12.008565689515097,41.83415869583022,35.77993389989425,0.0015203433040811459,1.4670104498447145,25.883543338599644,3187.2983169534623
72,7.19999999999999,41.81818159915872,35.738226198387736,6.079954033087305,3187.1912023042933,25.908332939209625,78.70151626838015,78.70167199999997,11.985512519410928,0.1,6.1932,3258.785,35.471,25.8188877417028,3193.984440211198,0.0,1.467,0.0,1.467,62.98701693369334,26.26756617366832,17.58274686597583,0.4170314368327727,0.6693709934802218,11.994087524686533,41.83711491660051,35.74023014915225,0.00020849130157252899,1.4674255617820327,26.03339924688849,3187.190318651351
73,7.29999999999999,41.81818122872008,35.738226526121984,6.079953514394088,3187.19078091498,25.9083330424385,78.70153670475419,78.70167199999997,11.9855102249117,0.1,6.1932,3258.785,35.471,25.8188877417028,3193.984440211198,0.0,1.467,0.0,1.467,62.987011339031476,26.267569521626438,17.582743499945465,0.4170315270276855,0.6693707800209441,12.033248737002717,41.82877657252747,35.728544808675885,-0.0016193960884456151,1.468122859743926,25.97999222383421,3187.329270945343
74,7.39999999999999,41.818180906893744,35.738226810847976,6.079953063768395,3187.190414823812,25.90833313212076,78.70155445930256,78.70167199999997,11.985508231515341,0.1,6.1932,3258.785,35.471,25.8188877417028,3193.984440211198,0.0,1.467,0.0,1.467,62.98700647855069,26.26757243023741,17.582740575633007,0.41703160538646095,0.6693705945735957,12.013963791059574,41.77264507990783,35.73827849454227,0.0007161890656508953,1.4651993686487514,25.8223053222058,3187.209965489
75,7.499999999999989,41.81818062730032,35.73822705820969,6.079952672277765,3187.19009677412,25.90833321003412,78.70156988395556,78.70167199999997,11.985506499708722,0.1,6.1932,3258.785,35.471,25.8188877417028,3193.984440211198,0.0,1.467,0.0,1.467,62.987002255904876,26.26757495715611,17.582738035072694,0.41703167346233866,0.6693704334622106,11.902919284180342,41.80316659145985,35.77119732766169,-0.00023843316461675092,1.4668499172282814,26.01841576522679,3187.1116781449273
76,7.599999999999989,41.818180384397635,35.738227273110404,6.079952332161958,3187.189820461513,25.908333277723003,78.70158328446045,78.70167199999997,11.985504995163927,0.1,6.1932,3258.785,35.471,25.8188877417028,3193.984440211198,0.0,1.467,0.0,1.467,62.98699858739152,26.267577152471404,17.58273582790548,0.4170317326047274,0.6693702934932161,11.940177352398804,41.80177683539651,35.75733609799428,0.0009642199360060314,1.4681377958483461,25.808162875052524,3187.2799808385366
77,7.699999999999989,41.81818017337078,35.73822745980996,6.079952036679095,3187.189580408913,25.90833333652916,78.70159492644211,78.70167199999997,11.98550368805782,0.1,6.1932,3258.785,35.471,25.8188877417028,3193.984440211198,0.0,1.467,0.0,1.467,62.98699540029227,26.2675790596991,17.582733910380824,0.41703178398595614,0.6693701718921271,11.953511861898377,41.86071266487107,35.68387075520801,-0.0011372577574236672,1.4664995912940417,25.970675670284667,3187.2639079846617
78,7.799999999999988,41.8181799900367,35.73822762200918,6.079951779972039,3187.1893718579868,25.908333387618267,78.70160504066806,78.70167199999997,11.9855025524809,0.1,6.1932,3258.785,35.471,25.814164074145243,3195.40403085053,0.0,1.467,0.0,1.467,62.98699263143161,26.26758071664448,17.58273224448948,0.4170318286245103,0.6693700662485511,12.014210551879485,41.81504620258213,35.708871656390386,-0.00033384181139860063,1.4689037074411222,25.963606219012924,3187.11432869237
79,7.899999999999988,41.818179830761295,35.73822776292321,6.079951556952286,3187.1891906748274,25.908333432003023,78.70161382762258,78.70167199999997,11.985501565923709,0.1,6.1932,3258.785,35.471,25.814164074145243,3195.40403085053,0.0,1.467,0.0,1.467,62.98699022592462,26.267582156151665,17.582730797210083,0.4170318674052197,0.6693699744684093,11.97083715690513,41.81246772195633,35.73875641940793,-0.0012639871011415349,1.4664548806448519,25.89032057001304,3187.0150659306196
80,7.999999999999988,41.81817969238739,35.738227885345296,6.079951363199087,3187.189033268013,25.908333470563228,78.70162146148107,78.70167199999997,11.985500708830662,0.1,6.1932,3258.785,35.471,25.814164074145243,3195.40403085053,0.0,1.467,0.0,1.467,62.98698813608874,26.267583406754746,17.582729539854583,0.4170319010968011,0.6693698947324237,12.04218805589318,41.82837164487779,35.77291928037261,0.0004530202482947118,1.4678782775738544,25.996174012411046,3187.256838339361
81,8.099999999999987,41.818179572172085,35.7382279917021,6.079951194871831,3187.1888965174176,25.908333504063236,78.70162809356205,78.70167199999997,11.98549996421242,0.1,6.1932,3258.785,35.471,25.814164074145243,3195.40403085053,0.0,1.467,0.0,1.467,62.98698632049891,26.267584493243277,17.58272844749962,0.417031930367092,0.6693698254600595,11.97475716422999,41.7987892185979,35.77314961585272,0.0008996552329634645,1.467764467902105,25.859438479637195,3187.008659148682
82,8.199999999999987,41.81817946773246,35.73822808410186,6.079951048633904,3187.188777712362,25.908333533167088,78.70163385532695,78.70167199999997,11.985499317309113,0.1,6.1932,3258.785,35.471,25.814164074145243,3195.40403085053,0.0,1.467,0.0,1.467,62.986984743166154,26.267585437153755,17.58272749849247,0.4170319557962915,0.6693697652781923,12.001417754798606,41.851017369022244,35.78151541137252,0.001559161478436049,1.46751229730799,26.167777413092406,3187.198915005111
83,8.299999999999986,41.81817937699829,35.738228164376146,6.079950921586554,3187.188674497886,25.908333558451687,78.7016388609857,78.70167199999997,11.985498755297792,0.1,6.1932,3258.785,35.471,25.814164074145243,3195.40403085053,0.0,1.467,0.0,1.467,62.98698337282432,26.26758625719646,17.582726674021863,0.41703197788845986,0.6693697129938908,12.055192233795012,41.79280171385969,35.67570559907643,0.0015223468769169056,1.4680575063567973,26.01493143094736,3186.90804340418
84,8.399999999999986,41.81817929817103,35.73822823411615,6.079950811211425,3187.1885848280654,25.908333580418226,78.7016432097607,78.70167199999997,11.985498267038231,0.1,6.1932,3258.785,35.471,25.80995184890673,3197.370132927564,0.0,1.467,0.0,1.467,62.986982182310264,26.26758696962634,17.582725957745087,0.41703199708151006,0.6693696675707705,12.029861691703628,41.78966275883197,35.75015446745354,0.0004041746028551196,1.4685195630828312,25.985011157468474,3187.1795787528877
85,8.499999999999986,41.81817922968814,35.738228294704285,6.07995071532065,3187.1885069254586,25.908333599502132,78.70164698785365,78.70167199999997,11.985497842852121,0.1,6.1932,3258.785,35.471,25.80995184890673,3197.370132927564,0.0,1.467,0.0,1.467,62.98698114802548,26.26758758856525,17.582725335464062,0.41703201375588844,0.6693696281084501,11.959418350895614,41.85407627467771,35.73681073186641,0.0005322723040617578,1.4675966354835384,25.878670005824574,3187.3249086150977
86,8.599999999999985,41.81817917019215,35.73822834734154,6.079950632013467,3187.188439245875,25.908333616081688,78.70165027015412,78.70167199999997,11.985497474331211,0.1,6.1932,3258.785,35.471,25.80995184890673,3197.370132927564,0.0,1.467,0.0,1.467,62.98698024946823,26.267588126281865,17.582724794843887,0.41703202824211644,0.6693695938247032,12.022901852237847,41.84511940711673,35.73854343708648,-0.0005010742926940183,1.4684797166774575,25.775036890422104,3187.1747003699784
87,8.699999999999985,41.818179118503735,35.73822839307129,6.079950559638551,3187.1883804477657,25.908333630485533,78.70165312172409,78.70167199999997,11.985497154170659,0.1,6.1932,3258.785,35.471,25.80995184890673,3197.370132927564,0.0,1.467,0.0,1.467,62.98697946882719,26.26758859343485,17.582724325168357,0.41703204082734135,0.6693695640399541,11.942621585590866,41.79144039352977,35.725917648288714,0.0001510858672632001,1.4679531022340306,25.935961368382223,3187.1998962141847
88,8.799999999999985,41.8181790735983,35.738228432799986,6.079950496761281,3187.18832936563,25.908333642999185,78.7016555990875,78.70167199999997,11.98549687602422,0.1,6.1932,3258.785,35.471,25.80995184890673,3197.370132927564,0.0,1.467,0.0,1.467,62.98697879062844,26.26758899928414,17.58272391712753,0.4170320517610281,0.6693695381638073,11.93906284015418,41.812685534731,35.76509076372542,8.650842109114946e-05,1.4681958442889498,25.785140658054253,3187.217148757769
89,8.899999999999984,41.81817903458574,35.73822846731516,6.079950442135286,3187.188284986915,25.90833365387069,78.70165775135084,78.70167199999997,11.985496634378455,0.1,6.1932,3258.785,35.471,25.80995184890673,3197.370132927564,0.0,1.467,0.0,1.467,62.98697820142853,26.26758935187452,17.582723562633195,0.4170320612599062,0.6693695156833434,11.960683992876659,41.84563927152216,35.730140535347964,-0.0009324062812430399,1.46630603206975,25.896696571365407,3187.2680236529213
90,8.999999999999984,41.81817900069274,35.738228497300966,6.079950394677772,3187.1882464319415,25.90833366331555,78.70165962117642,78.70167199999997,11.985496424443445,0.1,6.1932,3258.785,35.471,25.736126549609917,3203.196253505961,0.0,1.467,0.0,1.467,62.98697768954838,26.267589658195075,17.582723254658536,0.4170320695122626,0.6693694961529523,12.12003922258518,41.751013649122946,35.73136667564017,0.00012683282713702755,1.4679908284710181,25.800931205856042,3186.9981535797074
91,9.099999999999984,41.81817897124745,35.73822852335178,6.079950353448026,3187.1882129364703,25.90833367152097,78.70166124562803,78.70167199999997,11.985496242057843,0.1,6.1932,3258.785,35.471,25.736126549609917,3203.196253505961,0.0,1.467,0.0,1.467,62.98697724484137,26.267589924317697,17.582722987098858,0.41703207668167647,0.6693694791855013,11.97950401243719,41.82616786797874,35.76269432413216,-0.0008628859060674461,1.4668419062620797,25.834279770625077,3187.230621896479
92,9.199999999999983,41.81817894566622,35.738228545983986,6.079950317628795,3187.188183836552,25.908333678649612,78.70166265690568,78.70167199999997,11.985496083606387,0.1,6.1932,3258.785,35.471,25.736126549609917,3203.196253505961,0.0,1.467,0.0,1.467,62.986976858492575,26.267590155517503,17.58272275465057,0.41703208291026,0.66936946444466,12.020166494739673,41.87038629345627,35.74020406531188,-0.00012327873137208282,1.4670377133010253,25.75266195409625,3187.1983671860685
93,9.299999999999983,41.81817892344198,35.73822856564621,6.0799502865100585,3187.188158555366,25.908333684842773,78.70166388298382,78.70167199999997,11.985495945948243,0.1,6.1932,3258.785,35.471,25.736126549609917,3203.196253505961,0.0,1.467,0.0,1.467,62.986976522843655,26.267590356377365,17.582722552706073,0.4170320883214775,0.6693694516382337,12.03905676589847,41.79578050890748,35.7679422635661,0.00014143327819577653,1.4651943340341778,26.052732402312774,3187.180670321203
94,9.399999999999983,41.81817890413417,35.7382285827282,6.079950259474984,3187.188136591786,25.908333690223216,78.70166494816584,78.70167199999997,11.98549582635474,0.1,6.1932,3258.785,35.471,25.736126549609917,3203.196253505961,0.0,1.467,0.0,1.467,62.986976231241385,26.267590530878717,17.582722377262403,0.4170320930225899,0.6693694405123733,11.992242618083194,41.792229159274186,35.75521018832655,0.0014263996526708862,1.4667678175863,26.03265281147964,3187.22567414009
95,9.499999999999982,41.818178887360105,35.738228597568536,6.079950235987671,3187.188117510449,25.908333694897593,78.70166587356587,78.70167199999997,11.985495722455283,0.1,6.1932,3258.785,35.471,25.736126549609917,3203.196253505961,0.0,1.467,0.0,1.467,62.98697597790555,26.267590682480563,17.582722224841902,0.41703209710678374,0.6693694308465404,11.970828909377627,41.81712686957325,35.78518661618376,0.0006786995141951645,1.4656172938216472,25.844944040563362,3187.1308045907767
96,9.599999999999982,41.81817887278727,35.73822861046141,6.0799502155825635,3187.1881009331228,25.908333698958558,78.70166667752726,78.70167199999997,11.985495632190375,0.1,6.1932,3258.785,35.471,25.801633019917922,3197.582306434131,0.0,1.467,0.0,1.467,62.98697575781459,26.267590814187955,17.582722092423282,0.4170321006550155,0.6693694224491383,12.02052533668409,41.83942302676841,35.73247935191244,0.0007554076292936662,1.4676367495258185,25.747678933210167,3187.176764605359
97,9.699999999999982,41.81817886012681,35.73822862166237,6.07995019785518,3187.1880865312105,25.90833370248661,78.7016673759862,78.70167199999997,11.985495553770773,0.1,6.1932,3258.785,35.471,25.801633019917922,3197.582306434131,0.0,1.467,0.0,1.467,62.986975566605764,26.267590928611625,17.582721977381727,0.4170321037376193,0.6693694151537125,11.953754493436346,41.81028037371595,35.70506789992743,0.0004492330436866338,1.466233830083266,25.94513691973107,3187.1812464760237
98,9.799999999999981,41.81817884912776,35.73822863139345,6.079950182454134,3187.1880740192364,25.90833370555168,78.70166798278757,78.70167199999997,11.985495485642042,0.1,6.1932,3258.785,35.471,25.801633019917922,3197.582306434131,0.0,1.467,0.0,1.467,62.98697540048896,26.267591028019666,17.582721877436878,0.41703210641569805,0.6693694088156531,11.920606564047658,41.80795431762295,35.74647243161475,0.0002130255127475829,1.4666650037851052,25.871149786794813,3187.197804012077
99,9.89999999999998,41.818178839572084,35.73822863984753,6.079950169074143,3187.188063149187,25.908333708214528,78.7016685099594,78.70167199999997,11.985495426453726,0.1,6.1932,3258.785,35.471,25.801633019917922,3197.582306434131,0.0,1.467,0.0,1.467,62.98697525617142,26.267591114382547,17.582721790607618,0.41703210874233665,0.6693694033093267,11.93649936481798,41.92821052617698,35.728130918921146,0.0006368668744974156,1.4671133272878298,25.929061888252008,3187.35558336103
100,9.99999999999998,41.81817883127039,35.738228647192194,6.079950157449978,3187.188053705596,25.908333710527934,78.70166896795143,78.70167199999997,11.985495375032592,0.1,6.1932,3258.785,35.471,25.801633019917922,3197.582306434131,0.0,1.467,0.0,1.467,62.98697513079234,26.267591189412194,17.582721715172813,0.4170321107636553,0.6693693985255856,11.916855051269932,41.81499434553932,35.766895428649015,0.0008453941031518622,1.4678937025454393,26.079735240102792,3187.243711169712
101,10.09999999999998,41.81817882405812,35.73822865357304,6.079950147351239,3187.1880455012706,25.908333712537758,78.70166936584195,78.70167199999997,11.985495330359365,0.1,6.1932,3258.785,35.471,25.801633019917922,3197.582306434131,0.0,1.467,0.0,1.467,62.98697502186661,26.26759125459582,17.58272164963719,0.4170321125197192,0.669369394369607,11.987834012583836,41.82554691711525,35.75122323736253,0.0019055353372643827,1.4663639664271895,25.815545010776443,3187.279174535386
102,10.19999999999998,41.81817881779229,35.73822865911654,6.079950138577734,3187.1880383735847,25.908333714283835,78.70166971151795,78.70167199999997,11.985495291548528,0.1,6.1932,3258.785,35.471,25.808164476560744,3197.770783652071,0.0,1.467,0.0,1.467,62.98697492723496,26.267591311225505,17.58272159270169,0.41703211404533813,0.6693693907590104,12.027811476165049,41.776968657093775,35.68712502764738,-0.0009410133196564306,1.4682090893743303,25.876887213293898,3187.1426440910855
103,10.29999999999998,41.81817881234872,35.73822866393257,6.079950130955567,3187.1880321812528,25.908333715800776,78.70167001183151,78.70167199999997,11.985495257830769,0.1,6.1932,3258.785,35.471,25.808164476560744,3197.770783652071,0.0,1.467,0.0,1.467,62.98697484502171,26.267591360423776,17.58272154323774,0.4170321153707524,0.6693693876222261,11.929003855834146,41.8005249653664,35.76152990696044,-0.0011890745154855833,1.4678891863762953,26.119308163066574,3187.1174672289467
104,10.399999999999979,41.8181788076195,35.73822866811659,6.079950124333644,3187.1880268015298,25.90833371711865,78.70167027273546,78.70167199999997,11.985495228537733,0.1,6.1932,3258.785,35.471,25.808164476560744,3197.770783652071,0.0,1.467,0.0,1.467,62.98697477359718,26.26759140316585,17.582721500264856,0.4170321165222349,0.6693693848970764,11.968239421349422,41.811591186444076,35.75605427470284,-0.0002971839133200671,1.4671168816735083,26.094347375034012,3186.916601104053
105,10.499999999999979,41.818178803510904,35.73822867175156,6.079950118580699,3187.188022127779,25.908333718263584,78.70167049940144,78.70167199999997,11.985495203088773,0.1,6.1932,3258.785,35.471,25.808164476560744,3197.770783652071,0.0,1.467,0.0,1.467,62.9869747115455,26.267591440298965,17.582721462931232,0.41703211752261093,0.6693693825295431,12.05790330442276,41.787963796798344,35.74374002412264,0.001272640058044609,1.4700240006242578,25.969321545399918,3187.1460076594594
106,10.599999999999978,41.81817879994145,35.73822867490952,6.07995011358271,3187.188018067356,25.90833371925827,78.7016706963224,78.70167199999997,11.985495180979436,0.1,6.1932,3258.785,35.471,25.808164476560744,3197.770783652071,0.0,1.467,0.0,1.467,62.98697465763683,26.267591472559147,17.582721430496832,0.4170321183917085,0.6693693804726977,12.00692484753782,41.86984745254627,35.75781438869596,0.00020997420816321543,1.46722326862735,25.807716180148955,3187.2320529803474
107,10.699999999999978,41.81817879684043,35.73822867765306,6.079950109240596,3187.188014539776,25.908333720122425,78.70167086740179,78.70167199999997,11.98549516177147,0.1,6.1932,3258.785,35.471,25.808164476560744,3197.770783652071,0.0,1.467,0.0,1.467,62.98697461080248,26.267591500585898,17.582721402318747,0.41703211914675636,0.6693693786857682,11.990625303174465,41.826970838428764,35.75227657450763,-0.0002531263154939717,1.4671798786036965,25.772629549485263,3187.1672231740404
108,10.799999999999978,41.818178794146334,35.73822868003658,6.079950105468288,3187.188011475114,25.908333720873177,78.70167101603066,78.70167199999997,11.985495145084132,0.1,6.1932,3258.785,35.471,25.871537637603044,3194.376360823542,0.0,1.467,0.0,1.467,62.986974570114086,26.267591524934716,17.58272137783842,0.4170321198027203,0.6693693771333351,11.95646198552427,41.85219586892589,35.73598409665536,-0.0007895294298179601,1.4673517982981554,25.857638836045954,3187.128023845346
109,10.899999999999977,41.81817879180579,35.7382286821073,6.079950102191017,3187.1880088126222,25.90833372152541,78.70167114515527,78.70167199999997,11.985495130586646,0.1,6.1932,3258.785,35.471,25.871537637603044,3194.376360823542,0.0,1.467,0.0,1.467,62.9869745347652,26.267591546088305,17.58272135657061,0.41703212037260334,0.6693693757846245,12.049037020294866,41.79490840142157,35.7581012585482,-0.00041686818995446837,1.4673743910557373,25.99318937516198,3187.2835613812836
110,10.999999999999977,41.81817878977239,35.738228683906286,6.079950099343816,3187.188006499525,25.908333722092053,78.70167125733508,78.70167199999997,11.985495117991638,0.1,6.1932,3258.785,35.471,25.871537637603044,3194.376360823542,0.0,1.467,0.0,1.467,62.98697450405509,26.267591564465942,17.582721338093734,0.4170321208677016,0.669369374612903,11.914819200516597,41.831864897363594,35.74094240232481,0.0007389001324223594,1.4671272799873878,25.941602585434456,3187.039908005979
111,11.099999999999977,41.818178788005824,35.7382286854692,6.0799500968702445,3187.1880044899713,25.908333722584334,78.70167135479372,78.70167199999997,11.985495107049454,0.1,6.1932,3258.785,35.471,25.871537637603044,3194.376360823542,0.0,1.467,0.0,1.467,62.98697447737497,26.267591580431915,17.58272132204155,0.41703212129782924,0.6693693735949445,12.049116796778192,41.81709484375563,35.75250364284333,-0.0002584379894177458,1.467472853746696,25.87696885320646,3187.011594329843
112,11.199999999999976,41.81817878647108,35.738228686827014,6.079950094721281,3187.188002744128,25.908333723012017,78.701671439463,78.70167199999997,11.985495097543193,0.1,6.1932,3258.785,35.471,25.871537637603044,3194.376360823542,0.0,1.467,0.0,1.467,62.9869744541961,26.26759159430269,17.582721308095866,0.41703212167151144,0.6693693727105713,11.978767869963026,41.82469868977321,35.75762978781611,0.00034034094928580904,1.4670732970370004,26.05053598190054,3187.0729411708876
113,11.299999999999976,41.818178785137746,35.73822868800665,6.079950092854321,3187.1880012273887,25.908333723383574,78.70167151302128,78.70167199999997,11.985495089284422,0.1,6.1932,3258.785,35.471,25.871537637603044,3194.376360823542,0.0,1.467,0.0,1.467,62.986974434058936,26.267591606353225,17.58272129598025,0.41703212199615597,0.6693693719422528,11.975433058747432,41.81591167580041,35.736322694001785,-0.0006638504001707155,1.4673484594170463,25.868013299569913,3187.33138335822
114,11.399999999999975,41.81817878397938,35.73822868903148,6.079950091232353,3187.187999909688,25.908333723706374,78.70167157692667,78.70167199999997,11.985495082109436,0.1,6.1932,3258.785,35.471,25.8957678662469,3192.3016728238163,0.0,1.467,0.0,1.467,62.98697441656429,26.2675916168224,17.582721285454543,0.4170321222781985,0.669369371274759,11.930121927577202,41.85712644579446,35.74485794154559,0.00011159857365537935,1.4663398869391147,25.87260965476307,3187.1220380260806
115,11.499999999999975,41.81817878297302,35.738228689921826,6.079950089823239,3187.187998764907,25.90833372398681,78.70167163244585,78.70167199999997,11.98549507587601,0.1,6.1932,3258.785,35.471,25.8957678662469,3192.3016728238163,0.0,1.467,0.0,1.467,62.986974401365465,26.267591625917717,17.582721276310107,0.4170321225232288,0.6693693706948596,12.00689779379285,41.83214372499703,35.71580954534315,0.0010164036052149289,1.4671430182240834,25.733665114391556,3187.33035796753
116,11.599999999999975,41.81817878209873,35.73822869069533,6.0799500885990385,3187.187997770354,25.90833372423045,78.70167168067937,78.70167199999997,11.985495070460583,0.1,6.1932,3258.785,35.471,25.8957678662469,3192.3016728238163,0.0,1.467,0.0,1.467,62.98697438816116,26.26759163381948,17.582721268365678,0.4170321227361043,0.669369370191059,11.957694028798691,41.82448134058955,35.723803291688064,0.0005150314923688945,1.4671738396245528,26.084747280115813,3187.152970224568
117,11.699999999999974,41.81817878133916,35.738228691367325,6.0799500875354875,3187.1879969063143,25.908333724442112,78.70167172258328,78.70167199999997,11.985495065755815,0.1,6.1932,3258.785,35.471,25.8957678662469,3192.3016728238163,0.0,1.467,0.0,1.467,62.98697437668961,26.26759164068431,17.58272126146378,0.41703212292104463,0.6693693697533714,11.993500898785378,41.81630016651973,35.720464851522706,0.0023021618199682847,1.4656792650174788,25.925923244213745,3187.1751949303007
118,11.799999999999974,41.818178780679276,35.738228691951136,6.0799500866115075,3187.187996155661,25.908333724626,78.7016717589882,78.70167199999997,11.985495061668448,0.1,6.1932,3258.785,35.471,25.8957678662469,3192.3016728238163,0.0,1.467,0.0,1.467,62.9869743667235,26.26759164664827,17.582721255467614,0.4170321230817151,0.669369369373121,12.034110567057926,41.7741007175707,35.682338831326625,-0.00230812680214591,1.4659328237276334,25.82863593663561,3187.215649308316
119,11.899999999999974,41.81817878010598,35.73822869245834,6.079950085808778,3187.1879955035147,25.90833372478576,78.70167179061576,78.70167199999997,11.985495058117458,0.1,6.1932,3258.785,35.471,25.8957678662469,3192.3016728238163,0.0,1.467,0.0,1.467,62.986974358065204,26.267591651829594,17.582721250258313,0.4170321232213013,0.6693693690427702,11.992005867139987,41.831116161199255,35.67800267234481,2.783971462094871e-06,1.467577048016871,25.87773850615189,3187.1750968087267
120,11.999999999999973,41.81817877960792,35.738228692898986,6.079950085111387,3187.1879949369486,25.908333724924553,78.70167181809289,78.70167199999997,11.985495055032457,0.1,6.1932,3258.785,35.471,25.871985283449213,3197.0369219804606,0.0,1.467,0.0,1.467,62.9869743505431,26.267591656330982,17.582721245732614,0.41703212334257,0.6693693687557706,12.027678541879798,41.79170884678466,35.77862108461055,0.001323397379191913,1.467586398563808,25.985453680641243,3187.0558727045973
121,12.099999999999973,41.81817877917521,35.73822869328181,6.079950084505513,3187.187994444732,25.908333725045132,78.70167184196423,78.70167199999997,11.985495052352297,0.1,6.1932,3258.785,35.471,25.871985283449213,3197.0369219804606,0.0,1.467,0.0,1.467,62.986974344008104,26.267591660241656,17.582721241800822,0.41703212344792473,0.6693693685064337,11.976607663561818,41.793419382335316,35.7086685956678,-0.0003450363849115768,1.465337814139825,26.024865011309075,3187.358175068027
122,12.199999999999973,41.81817877879931,35.73822869361439,6.079950083979151,3187.187994017108,25.908333725149888,78.70167186270298,78.70167199999997,11.985495050023848,0.1,6.1932,3258.785,35.471,25.871985283449213,3197.0369219804606,0.0,1.467,0.0,1.467,62.986974338330725,26.267591663639138,17.582721238384988,0.4170321235394537,0.6693693682898167,11.858134641441115,41.8118856397852,35.71797859814483,7.288145450612434e-05,1.4661681662363297,25.797550882084654,3187.0232827088466
123,12.299999999999972,41.81817877847271,35.738228693903324,6.079950083521861,3187.1879936456003,25.908333725240894,78.70167188072026,78.70167199999997,11.98549504800096,0.1,6.1932,3258.785,35.471,25.871985283449213,3197.0369219804606,0.0,1.467,0.0,1.467,62.98697433339836,26.267591666590786,17.58272123541741,0.41703212361897174,0.669369368101626,11.977584156264925,41.76838613224745,35.763473342125245,0.0007880085945288587,1.4679375623021835,26.056962506316044,3187.271778050011
124,12.399999999999972,41.818178778188994,35.73822869415434,6.079950083124583,3187.187993322845,25.90833372531996,78.70167189637311,78.70167199999997,11.98549504624353,0.1,6.1932,3258.785,35.471,25.871985283449213,3197.0369219804606,0.0,1.467,0.0,1.467,62.986974329113295,26.26759166915508,17.58272123283926,0.41703212368805437,0.6693693679381313,11.999355390125059,41.81218960061805,35.704192687303355,-0.001859043322210614,1.468556060183256,25.847591997468275,3187.182685255132
125,12.499999999999972,41.81817877794251,35.73822869437242,6.079950082779433,3187.1879930424443,25.908333725388648,78.70167190997188,78.70167199999997,11.985495044716727,0.1,6.1932,3258.785,35.471,25.871985283449213,3197.0369219804606,0.0,1.467,0.0,1.467,62.98697432539047,26.26759167138287,17.58272123059944,0.41703212374807197,0.6693693677960918,12.065171730534527,41.79532235098879,35.72436492398579,0.0010392803822692268,1.4663233807434033,25.82084635507882,3187.236465209631
126,12.599999999999971,41.81817877772836,35.738228694561876,6.079950082479583,3187.1879927988402,25.908333725448323,78.70167192178612,78.70167199999997,11.98549504339028,0.1,6.1932,3258.785,35.471,25.8539980926663,3196.7303349200247,0.0,1.467,0.0,1.467,62.986974322156264,26.267591673318314,17.582721228653543,0.4170321238002131,0.6693693676726917,11.980697346728608,41.821831191283735,35.698805419303085,0.0006407348984006407,1.4662713478670146,25.83750168565295,3187.3202365071825
127,12.69999999999997,41.818178777542315,35.73822869472647,6.079950082219076,3187.187992587204,25.908333725500167,78.70167193204998,78.70167199999997,11.985495042237902,0.1,6.1932,3258.785,35.471,25.8539980926663,3196.7303349200247,0.0,1.467,0.0,1.467,62.986974319346416,26.26759167499977,17.582721226963002,0.4170321238455122,0.6693693675654853,11.97662010596157,41.82033893262656,35.72777793397877,0.0039678207447060646,1.4678268988438579,25.941385063593096,3187.0930631486394
128,12.79999999999997,41.81817877738068,35.73822869486947,6.079950081992757,3187.18799240334,25.90833372554521,78.70167194096695,78.70167199999997,11.985495041236751,0.1,6.1932,3258.785,35.471,25.8539980926663,3196.7303349200247,0.0,1.467,0.0,1.467,62.986974316905325,26.26759167646058,17.582721225494314,0.4170321238848667,0.6693693674723473,12.068255566265984,41.80383432882205,35.73399728268958,-0.0021124312774359884,1.4678087200350902,25.970214131758947,3187.2142078583283
129,12.89999999999997,41.81817877724026,35.7382286949937,6.07995008179614,3187.1879922436046,25.908333725584342,78.70167194871374,78.70167199999997,11.985495040366976,0.1,6.1932,3258.785,35.471,25.8539980926663,3196.7303349200247,0.0,1.467,0.0,1.467,62.98697431478461,26.26759167772968,17.582721224218353,0.4170321239190564,0.6693693673914317,11.869973157546513,41.79027379673441,35.79768489636657,-0.0006964745365582494,1.468884055333258,26.050021333018197,3187.1765433205073
130,12.99999999999997,41.81817877711826,35.73822869510164,6.07995008162532,3187.1879921048308,25.908333725618338,78.70167195544394,78.70167199999997,11.985495039611342,0.1,6.1932,3258.785,35.471,25.8539980926663,3196.7303349200247,0.0,1.467,0.0,1.467,62.98697431294213,26.267591678832243,17.58272122310984,0.41703212394876,0.6693693673211346,11.981742500456228,41.783437590029436,35.72298068371718,0.0010933685782876421,1.464672476642614,25.911003562824362,3187.127027089625
131,13.09999999999997,41.81817877701228,35.7382286951954,6.079950081476919,3187.187991984268,25.90833372564787,78.70167196129097,78.70167199999997,11.985495038954868,0.1,6.1932,3258.785,35.471,25.8539980926663,3196.7303349200247,0.0,1.467,0.0,1.467,62.986974311341456,26.267591679790122,17.58272122214679,0.4170321239745655,0.6693693672600622,11.955963666627872,41.853173150783334,35.760082010276065,-0.0007200598420936289,1.4655604766328152,25.89649283470763,3187.3704258059756
132,13.199999999999969,41.818178776920206,35.73822869527687,6.079950081347993,3187.1879918795266,25.90833372567353,78.70167196637067,78.70167199999997,11.985495038384542,0.1,6.1932,3258.785,35.471,25.882936959595416,3196.6646962828104,0.0,1.467,0.0,1.467,62.98697430995086,26.267591680622292,17.582721221310123,0.4170321239969843,0.6693693672070047,11.97049678492628,41.748400293733695,35.71764346078665,-0.0005085535138475587,1.4663693532608866,25.772879223943,3187.1295255622713
133,13.299999999999969,41.81817877684021,35.73822869534764,6.079950081235986,3187.1879917885303,25.908333725695822,78.70167197078379,78.70167199999997,11.98549503788906,0.1,6.1932,3258.785,35.471,25.882936959595416,3196.6646962828104,0.0,1.467,0.0,1.467,62.98697430874274,26.267591681345262,17.582721220583252,0.4170321240164613,0.6693693671609097,12.04900788963809,41.84019733547065,35.68262160062765,0.00045415782839460043,1.4657777676625614,25.99121915906469,3187.165521121764
134,13.399999999999968,41.81817877677071,35.73822869540913,6.0799500811386755,3187.187991709475,25.908333725715188,78.70167197461777,78.70167199999997,11.985495037458598,0.1,6.1932,3258.785,35.471,25.882936959595416,3196.6646962828104,0.0,1.467,0.0,1.467,62.986974307693146,26.267591681973357,17.582721219951765,0.41703212403338236,0.6693693671208635,11.990099242310235,41.76961313493095,35.70103421290261,0.001071110291046417,1.467508286006011,25.973917981174477,3187.293895610206
135,13.499999999999968,41.81817877671034,35.73822869546254,6.079950081054135,3187.1879916407943,25.908333725732014,78.70167197794864,78.70167199999997,11.985495037084625,0.1,6.1932,3258.785,35.471,25.882936959595416,3196.6646962828104,0.0,1.467,0.0,1.467,62.98697430678129,26.267591682519033,17.582721219403147,0.417032124048083,0.6693693670860725,12.041307170382415,41.858967566707406,35.729006588263836,0.0023368617781484293,1.4658438769832074,25.94387378831158,3187.059084117721
136,13.599999999999968,41.818178776657874,35.73822869550895,6.0799500809806934,3187.1879915811264,25.90833372574663,78.70167198084238,78.70167199999997,11.985495036759728,0.1,6.1932,3258.785,35.471,25.882936959595416,3196.6646962828104,0.0,1.467,0.0,1.467,62.98697430598914,26.26759168299309,17.582721218926523,0.41703212406085405,0.6693693670558473,11.98322291787825,41.83469232244751,35.72874917369311,-0.0016850304256889165,1.4686098149631905,25.948326610300995,3187.165688024377
137,13.699999999999967,41.818178776612314,35.73822869554926,6.079950080916883,3187.1879915292884,25.908333725759327,78.70167198335639,78.70167199999997,11.985495036477467,0.1,6.1932,3258.785,35.471,25.882936959595416,3196.6646962828104,0.0,1.467,0.0,1.467,62.986974305300876,26.26759168340494,17.582721218512443,0.4170321240719497,0.6693693670295883,11.973397893539056,41.78934383601269,35.7742299811115,-0.00022195770520965912,1.467293173879155,25.89887859233951,3187.310742167188
138,13.799999999999967,41.81817877657272,35.73822869558428,6.079950080861452,3187.187991484253,25.90833372577036,78.70167198554051,78.70167199999997,11.985495036232246,0.1,6.1932,3258.785,35.471,25.867648114875877,3197.132657857442,0.0,1.467,0.0,1.467,62.98697430470298,26.267591683762756,17.582721218152706,0.4170321240815891,0.6693693670067751,11.98625150381379,41.79085341934677,35.728619808330066,-0.0007985223078660303,1.4690700667158771,25.883603098425567,3186.996395681492
139,13.899999999999967,41.81817877653833,35.73822869561471,6.0799500808132905,3187.1879914451274,25.908333725779944,78.70167198743798,78.70167199999997,11.985495036019204,0.1,6.1932,3258.785,35.471,25.867648114875877,3197.132657857442,0.0,1.467,0.0,1.467,62.98697430418352,26.267591684073594,17.582721217840174,0.4170321240899633,0.6693693669869561,11.993959826952146,41.745971166056115,35.71428978378005,0.0005714509365904129,1.4653570752543386,25.93669525885364,3187.2494376839004
140,13.999999999999966,41.81817877650845,35.73822869564115,6.079950080771451,3187.1879914111364,25.90833372578827,78.7016719890865,78.70167199999997,11.985495035834118,0.1,6.1932,3258.785,35.471,25.867648114875877,3197.132657857442,0.0,1.467,0.0,1.467,62.98697430373223,26.26759168434367,17.582721217568654,0.4170321240972391,0.6693693669697371,11.947552764195274,41.78761350022015,35.80950086367479,-0.0015878494609764388,1.4665857951736747,25.932613935145888,3186.967995030932
141,14.099999999999966,41.8181787764825,35.73822869566412,6.079950080735102,3187.187991381606,25.908333725795504,78.70167199051863,78.70167199999997,11.985495035673322,0.1,6.1932,3258.785,35.471,25.867648114875877,3197.132657857442,0.0,1.467,0.0,1.467,62.98697430334017,26.26759168457828,17.582721217332764,0.41703212410355966,0.6693693669547783,11.96364447459017,41.815399382014235,35.739879027144546,0.0005181239222136444,1.466103049636047,26.11977478930976,3187.139299390005
142,14.199999999999966,41.818178776459945,35.73822869568407,6.079950080703522,3187.1879913559505,25.90833372580179,78.70167199176286,78.70167199999997,11.985495035533628,0.1,6.1932,3258.785,35.471,25.867648114875877,3197.132657857442,0.0,1.467,0.0,1.467,62.98697430299955,26.26759168478212,17.582721217127833,0.41703212410905105,0.6693693669417824,11.985117047494391,41.80818921517662,35.71363423473543,-0.0005566909704009817,1.4673786282990513,25.961778912503146,3187.213352330545
143,14.299999999999965,41.81817877644035,35.73822869570141,6.079950080676086,3187.187991333662,25.90833372580725,78.70167199284383,78.70167199999997,11.985495035412265,0.1,6.1932,3258.785,35.471,25.867648114875877,3197.132657857442,0.0,1.467,0.0,1.467,62.98697430270362,26.267591684959207,17.582721216949793,0.4170321241138219,0.6693693669304918,11.99784942461904,41.79106043135622,35.715381575435,0.0013703038840870935,1.4668024170036482,25.82847283757462,3187.228741287717
144,14.399999999999965,41.81817877642332,35.738228695716465,6.079950080652253,3187.1879913142984,25.908333725811993,78.7016719937829,78.70167199999997,11.985495035306828,0.1,6.1932,3258.785,35.471,25.88808215595851,3194.8687071555337,0.0,1.467,0.0,1.467,62.986974302446555,26.267591685113043,17.582721216795118,0.41703212411796625,0.6693693669206832,11.936143497510303,41.84586547438108,35.73247588455256,0.001038775839820406,1.4690469977812903,26.001649288033825,3187.0162943708524
145,14.499999999999964,41.818178776408544,35.738228695729546,6.079950080631547,3187.187991297476,25.908333725816114,78.70167199459877,78.70167199999997,11.985495035215228,0.1,6.1932,3258.785,35.471,25.88808215595851,3194.8687071555337,0.0,1.467,0.0,1.467,62.98697430222321,26.267591685246707,17.58272121666074,0.4170321241215671,0.6693693669121613,12.032330631753931,41.807209424006054,35.744818374314804,-0.0006484789958777306,1.4671793916860378,25.912076191450602,3187.1456987003176
146,14.599999999999964,41.81817877639568,35.73822869574091,6.079950080613555,3187.187991282861,25.908333725819695,78.70167199530758,78.70167199999997,11.98549503513565,0.1,6.1932,3258.785,35.471,25.88808215595851,3194.8687071555337,0.0,1.467,0.0,1.467,62.986974302029154,26.26759168536283,17.582721216543998,0.41703212412469554,0.6693693669047578,12.043621000596165,41.78080456545481,35.732936702243194,-0.00045548151870530536,1.468188229767605,25.958676682737366,3187.3022968873124
147,14.699999999999964,41.81817877638453,35.73822869575079,6.079950080597925,3187.187991270164,25.908333725822807,78.70167199592333,78.70167199999997,11.985495035066512,0.1,6.1932,3258.785,35.471,25.88808215595851,3194.8687071555337,0.0,1.467,0.0,1.467,62.98697430186057,26.2675916854637,17.582721216442575,0.41703212412741314,0.6693693668983263,11.963763027351737,41.852720583377085,35.746489949675826,0.00013637307969451384,1.4666082929689825,25.926911335255706,3187.107454851062
148,14.799999999999963,41.81817877637482,35.738228695759375,6.079950080584349,3187.187991259133,25.90833372582551,78.70167199645829,78.70167199999997,11.985495035006448,0.1,6.1932,3258.785,35.471,25.88808215595851,3194.8687071555337,0.0,1.467,0.0,1.467,62.98697430171414,26.267591685551334,17.58272121635446,0.417032124129774,0.6693693668927386,11.999558791481594,41.85747188285742,35.727479821356965,-0.0008637163922871006,1.4674632750055554,25.850318077981807,3187.186774602002
149,14.899999999999963,41.818178776366395,35.73822869576683,6.079950080572552,3187.1879912495497,25.90833372582786,78.70167199692304,78.70167199999997,11.985495034954265,0.1,6.1932,3258.785,35.471,25.88808215595851,3194.8687071555337,0.0,1.467,0.0,1.467,62.986974301586905,26.267591685627465,17.582721216277907,0.41703212413182505,0.6693693668878842,11.95091009033312,41.79735096681679,35.71554371363308,-0.0016440053469557255,1.464651648935967,25.90654509179555,3187.128794178376
150,14.999999999999963,41.818178776359076,35.73822869577331,6.079950080562305,3187.1879912412237,25.9083337258299,78.70167199732684,78.70167199999997,11.985495034908931,0.1,6.1932,3258.785,35.471,25.862236082466186,3194.825239915103,0.0,1.467,0.0,1.467,62.98697430147637,26.26759168569362,17.582721216211404,0.4170321241336072,0.6693693668836667,11.959593606339078,41.85201628102937,35.71517536885269,-0.0004002215968700267,1.4677742749285845,25.975436854729217,3187.2214465372836
151,15.099999999999962,41.81817877635271,35.73822869577893,6.079950080553401,3187.1879912339905,25.908333725831667,78.70167199767765,78.70167199999997,11.985495034869546,0.1,6.1932,3258.785,35.471,25.862236082466186,3194.825239915103,0.0,1.467,0.0,1.467,62.986974301380336,26.267591685751096,17.582721216153626,0.41703212413515556,0.6693693668800024,11.96878915485749,41.856292164818896,35.71964740758778,0.00014210658413681753,1.4682986262646576,25.79184280054163,3187.237508398267
152,15.199999999999962,41.818178776347196,35.73822869578382,6.079950080545662,3187.187991227707,25.908333725833206,78.7016719979824,78.70167199999997,11.985495034835328,0.1,6.1932,3258.785,35.471,25.862236082466186,3194.825239915103,0.0,1.467,0.0,1.467,62.98697430129685,26.26759168580102,17.582721216103426,0.4170321241365009,0.6693693668768191,12.033349540153981,41.76873038657958,35.702748684156695,-0.00046153225585579636,1.468488647129337,25.88047828324075,3187.2677125500563
153,15.299999999999962,41.81817877634241,35.73822869578806,6.079950080538946,3187.1879912222475,25.90833372583454,78.70167199824715,78.70167199999997,11.985495034805604,0.1,6.1932,3258.785,35.471,25.862236082466186,3194.825239915103,0.0,1.467,0.0,1.467,62.986974301224414,26.26759168584439,17.582721216059824,0.41703212413766905,0.669369366874054,11.968839692706235,41.82472605141982,35.71812854078488,0.0017127719570789305,1.4669461267000943,26.096693832831672,3187.1212670151126
154,15.399999999999961,41.81817877633824,35.73822869579174,6.07995008053311,3187.1879912175045,25.908333725835703,78.70167199847718,78.70167199999997,11.985495034779778,0.1,6.1932,3258.785,35.471,25.862236082466186,3194.825239915103,0.0,1.467,0.0,1.467,62.98697430116147,26.267591685882074,17.582721216021934,0.4170321241386841,0.6693693668716513,12.033447143886137,41.844455900443066,35.686929777852114,-0.0006235043255259065,1.467976306678589,25.961925344860465,3187.2658447753797
155,15.499999999999961,41.81817877633462,35.738228695794945,6.079950080528039,3187.187991213384,25.908333725836716,78.70167199867703,78.70167199999997,11.98549503475734,0.1,6.1932,3258.785,35.471,25.862236082466186,3194.825239915103,0.0,1.467,0.0,1.467,62.98697430110677,26.267591685914816,17.582721215989018,0.4170321241395661,0.6693693668695638,11.925580693440443,41.791570759564244,35.719450680641,0.0015596683354687825,1.4686188435794045,25.81856677295235,3187.0320131668354
156,15.59999999999996,41.818178776331465,35.73822869579774,6.07995008052363,3187.1879912098043,25.908333725837593,78.70167199885066,78.70167199999997,11.985495034737848,0.1,6.1932,3258.785,35.471,25.853329099549867,3195.0242920548126,0.0,1.467,0.0,1.467,62.98697430105922,26.267591685943266,17.582721215960426,0.4170321241403326,0.6693693668677503,11.977301768041954,41.81070318474167,35.717381987488444,-0.0008093689502534706,1.4670936688051466,25.923748704832253,3187.1459136651765
157,15.69999999999996,41.81817877632872,35.73822869580016,6.079950080519798,3187.1879912066943,25.908333725838357,78.70167199900146,78.70167199999997,11.985495034720914,0.1,6.1932,3258.785,35.471,25.853329099549867,3195.0242920548126,0.0,1.467,0.0,1.467,62.986974301017895,26.267591685967968,17.58272121593558,0.4170321241409984,0.669369366866175,11.965179401454513,41.785906248428304,35.73143011495541,-9.1820116948535e-05,1.4667437196878639,25.90561425736375,3187.14923148941
158,15.79999999999996,41.81817877632635,35.73822869580227,6.079950080516474,3187.1879912039926,25.908333725839018,78.70167199913249,78.70167199999997,11.985495034706203,0.1,6.1932,3258.785,35.471,25.853329099549867,3195.0242920548126,0.0,1.467,0.0,1.467,62.986974300982034,26.26759168598943,17.582721215914,0.41703212414157653,0.6693693668648064,11.9906704557561,41.86548384577414,35.784874883135195,0.0009312695732139212,1.46572292686037,25.93955065220895,3187.1992293171065
159,15.89999999999996,41.81817877632429,35.73822869580409,6.079950080513585,3187.187991201645,25.908333725839594,78.70167199924632,78.70167199999997,11.985495034693422,0.1,6.1932,3258.785,35.471,25.853329099549867,3195.0242920548126,0.0,1.467,0.0,1.467,62.98697430095088,26.26759168600808,17.58272121589525,0.4170321241420789,0.6693693668636176,12.028330901363873,41.795585595158215,35.76187197646292,-0.0010203851742923114,1.4675606406727184,26.02932303493843,3187.0232104373545
160,15.99999999999996,41.81817877632248,35.738228695805674,6.079950080511075,3187.187991199606,25.908333725840095,78.70167199934522,78.70167199999997,11.985495034682318,0.1,6.1932,3258.785,35.471,25.853329099549867,3195.0242920548126,0.0,1.467,0.0,1.467,62.98697430092381,26.267591686024282,17.582721215878962,0.41703212414251534,0.6693693668625845,11.924140235190928,41.81085414449691,35.75292121021303,0.0007003344663347035,1.466760081476458,25.888492642172142,3187.007510243956
161,16.09999999999996,41.81817877632092,35.73822869580706,6.079950080508892,3187.1879911978344,25.908333725840528,78.70167199943111,78.70167199999997,11.985495034672672,0.1,6.1932,3258.785,35.471,25.853329099549867,3195.0242920548126,0.0,1.467,0.0,1.467,62.986974300900265,26.267591686038347,17.58272121586481,0.41703212414289453,0.6693693668616874,12.017932960317511,41.800211543435,35.74953695744449,0.0010582901418573886,1.4669687791569437,25.950765867846506,3187.157422346307
162,16.19999999999996,41.81817877631957,35.73822869580825,6.0799500805069995,3187.187991196295,25.908333725840905,78.70167199950578,78.70167199999997,11.985495034664291,0.1,6.1932,3258.785,35.471,25.87255920753696,3194.296117351897,0.0,1.467,0.0,1.467,62.986974300879844,26.267591686050583,17.582721215852516,0.417032124143224,0.6693693668609074,11.958504868426436,41.814027315311705,35.73358414945967,0.0002882930517558663,1.4659902483826914,25.97064915683441,3187.418563773713
163,16.29999999999996,41.818178776318405,35.73822869580929,6.079950080505353,3187.1879911949577,25.90833372584123,78.70167199957064,78.70167199999997,11.98549503465701,0.1,6.1932,3258.785,35.471,25.87255920753696,3194.296117351897,0.0,1.467,0.0,1.467,62.98697430086209,26.267591686061206,17.582721215841836,0.4170321241435102,0.6693693668602302,11.852399279306262,41.81384477757878,35.76450917847483,0.0018762766555598265,1.466872335002559,25.96889003284728,3187.0715688920045
164,16.399999999999963,41.81817877631738,35.73822869581019,6.079950080503924,3187.187991193796,25.908333725841516,78.70167199962698,78.70167199999997,11.985495034650683,0.1,6.1932,3258.785,35.471,25.87255920753696,3194.296117351897,0.0,1.467,0.0,1.467,62.98697430084667,26.26759168607044,17.582721215832553,0.4170321241437589,0.6693693668596415,11.924368244765809,41.80630968244881,35.69227207531897,0.0008123664393187603,1.4676534837952304,25.849184081346465,3187.3352947007215
165,16.499999999999964,41.8181787763165,35.738228695810975,6.0799500805026785,3187.1879911927867,25.90833372584176,78.70167199967594,78.70167199999997,11.985495034645187,0.1,6.1932,3258.785,35.471,25.87255920753696,3194.296117351897,0.0,1.467,0.0,1.467,62.986974300833225,26.26759168607846,17.58272121582449,0.4170321241439753,0.6693693668591301,11.918056137732114,41.78420368604172,35.74792556870851,-0.0005266931933026272,1.4667469117201024,25.972413700837507,3187.2332832098728
166,16.599999999999966,41.81817877631573,35.73822869581165,6.079950080501603,3187.18799119191,25.908333725841977,78.70167199971849,78.70167199999997,11.985495034640413,0.1,6.1932,3258.785,35.471,25.87255920753696,3194.296117351897,0.0,1.467,0.0,1.467,62.986974300821636,26.26759168608544,17.582721215817486,0.4170321241441628,0.6693693668586856,11.91321573357681,41.84661693123229,35.6967507934291,-0.0001397482411046806,1.466787380008226,26.01046825461872,3187.3729759430908
167,16.699999999999967,41.81817877631505,35.73822869581225,6.079950080500665,3187.1879911911483,25.908333725842166,78.70167199975539,78.70167199999997,11.985495034636266,0.1,6.1932,3258.785,35.471,25.90439235660018,3192.8261045751324,0.0,1.467,0.0,1.467,62.986974300811525,26.267591686091478,17.582721215811404,0.4170321241443256,0.6693693668583002,11.928499198969076,41.82805302673112,35.75244061155721,0.0018924797071343388,1.464507203871553,25.70865426058464,3187.201098500835
168,16.79999999999997,41.81817877631447,35.73822869581277,6.079950080499851,3187.1879911904866,25.908333725842326,78.7016719997875,78.70167199999997,11.985495034632661,0.1,6.1932,3258.785,35.471,25.90439235660018,3192.8261045751324,0.0,1.467,0.0,1.467,62.98697430080275,26.267591686096736,17.582721215806114,0.41703212414446716,0.6693693668579649,12.092081496986623,41.800746036095575,35.721101022938925,-0.00045341401835282986,1.4664438352718978,26.032077697429276,3187.3605733083123
169,16.89999999999997,41.81817877631397,35.738228695813206,6.079950080499141,3187.187991189912,25.908333725842464,78.70167199981536,78.70167199999997,11.985495034629531,0.1,6.1932,3258.785,35.471,25.90439235660018,3192.8261045751324,0.0,1.467,0.0,1.467,62.98697430079507,26.267591686101298,17.582721215801524,0.41703212414459045,0.6693693668576739,12.045901397950866,41.801169692135986,35.78305115346254,0.0007701330151379613,1.4669238580092165,25.90769252915606,3187.1868160639906
170,16.99999999999997,41.818178776313545,35.738228695813596,6.079950080498529,3187.1879911894125,25.90833372584259,78.70167199983959,78.70167199999997,11.985495034626814,0.1,6.1932,3258.785,35.471,25.90439235660018,3192.8261045751324,0.0,1.467,0.0,1.467,62.98697430078848,26.267591686105277,17.582721215797537,0.41703212414469726,0.6693693668574208,11.963855164408955,41.73879171234426,35.7752395516472,0.0004667200953101408,1.4681602948301384,25.982468854444853,3187.207285281646
171,17.099999999999973,41.81817877631315,35.73822869581394,6.079950080497994,3187.1879911889787,25.908333725842695,78.70167199986062,78.70167199999997,11.985495034624451,0.1,6.1932,3258.785,35.471,25.90439235660018,3192.8261045751324,0.0,1.467,0.0,1.467,62.98697430078271,26.267591686108716,17.58272121579407,0.41703212414479,0.669369366857201,12.056916065356369,41.79250890868928,35.760646974515076,-0.0005919192070814378,1.4661751360404416,25.966174918114394,3187.30888827943
172,17.199999999999974,41.81817877631282,35.73822869581423,6.079950080497531,3187.1879911886017,25.908333725842787,78.7016719998789,78.70167199999997,11.9854950346224,0.1,6.1932,3258.785,35.471,25.844550654758905,3196.3814989623984,0.0,1.467,0.0,1.467,62.98697430077772,26.26759168611171,17.58272121579106,0.4170321241448707,0.6693693668570102,12.009085757537052,41.82250376746753,35.72447434938107,0.0008438398786811403,1.4664793695659402,25.92618784353532,3187.247228924635
173,17.299999999999976,41.818178776312536,35.738228695814485,6.079950080497128,3187.1879911882743,25.908333725842866,78.7016719998948,78.70167199999997,11.985495034620616,0.1,6.1932,3258.785,35.471,25.844550654758905,3196.3814989623984,0.0,1.467,0.0,1.467,62.986974300773376,26.26759168611432,17.582721215788446,0.4170321241449408,0.6693693668568442,12.053607122384406,41.82147574449904,35.73890422095553,-0.0005748469432415509,1.4679450704067714,25.888008962654677,3187.1016046990285
174,17.399999999999977,41.818178776312294,35.738228695814705,6.07995008049678,3187.1879911879896,25.908333725842937,78.7016719999086,78.70167199999997,11.985495034619067,0.1,6.1932,3258.785,35.471,25.844550654758905,3196.3814989623984,0.0,1.467,0.0,1.467,62.98697430076962,26.267591686116578,17.582721215786172,0.41703212414500157,0.6693693668567,12.031627665122366,41.90307401055286,35.7151714450511,-0.0002719827722554863,1.4668788990859132,25.80269788737556,3187.1085933234313
175,17.49999999999998,41.81817877631207,35.7382286958149,6.079950080496473,3187.187991187742,25.908333725842997,78.70167199992059,78.70167199999997,11.98549503461772,0.1,6.1932,3258.785,35.471,25.844550654758905,3196.3814989623984,0.0,1.467,0.0,1.467,62.986974300766306,26.26759168611854,17.582721215784197,0.41703212414505464,0.6693693668565749,11.958276695735911,41.82807315712977,35.729726014844054,-0.0025489200127617483,1.4680223597815607,25.971489886996217,3187.1918212430633
176,17.59999999999998,41.81817877631188,35.73822869581506,6.079950080496206,3187.1879911875276,25.90833372584305,78.701671999931,78.70167199999997,11.98549503461655,0.1,6.1932,3258.785,35.471,25.844550654758905,3196.3814989623984,0.0,1.467,0.0,1.467,62.98697430076342,26.267591686120245,17.58272121578248,0.41703212414510077,0.6693693668564661,12.07231439444051,41.78916456831606,35.74278600835557,0.0011944143955501365,1.4671628445616485,26.05854243350762,3187.373385200623
177,17.69999999999998,41.81817877631171,35.73822869581521,6.07995008049598,3187.187991187341,25.908333725843097,78.70167199994003,78.70167199999997,11.985495034615534,0.1,6.1932,3258.785,35.471,25.77838908792743,3200.211812648142,0.0,1.467,0.0,1.467,62.986974300760984,26.267591686121726,17.58272121578099,0.41703212414514046,0.6693693668563715,12.075842017527087,41.834294748039476,35.7164949386648,5.3001862770581625e-05,1.4667771741496431,26.021604631960717,3187.192196523248
178,17.799999999999983,41.81817877631157,35.73822869581534,6.079950080495779,3187.187991187179,25.908333725843136,78.7016719999479,78.70167199999997,11.985495034614653,0.1,6.1932,3258.785,35.471,25.77838908792743,3200.211812648142,0.0,1.467,0.0,1.467,62.98697430075882,26.267591686123016,17.582721215779696,0.41703212414517526,0.6693693668562894,11.981730782193809,41.85455994045806,35.71906403950759,0.0004168872328378491,1.466173660753118,25.890097675040188,3187.0574980329816
179,17.899999999999984,41.81817877631144,35.738228695815444,6.079950080495606,3187.187991187038,25.90833372584317,78.70167199995473,78.70167199999997,11.985495034613884,0.1,6.1932,3258.785,35.471,25.77838908792743,3200.211812648142,0.0,1.467,0.0,1.467,62.98697430075695,26.26759168612413,17.58272121577857,0.41703212414520535,0.6693693668562182,12.153471763923681,41.75712101025336,35.70802929248569,0.001390543271306294,1.4668485547039263,25.983183752797014,3187.1380676104104
180,17.999999999999986,41.81817877631133,35.73822869581554,6.079950080495454,3187.1879911869155,25.9083337258432,78.70167199996067,78.70167199999997,11.985495034613217,0.1,6.1932,3258.785,35.471,25.77838908792743,3200.211812648142,0.0,1.467,0.0,1.467,62.986974300755314,26.2675916861251,17.582721215777593,0.41703212414523155,0.6693693668561562,12.041445142403052,41.8388232536441,35.738276775084756,0.0008950725697741991,1.4667554960780653,25.937444510441388,3187.1224612122114
181,18.099999999999987,41.81817877631124,35.73822869581562,6.079950080495325,3187.187991186809,25.908333725843224,78.70167199996584,78.70167199999997,11.985495034612638,0.1,6.1932,3258.785,35.471,25.77838908792743,3200.211812648142,0.0,1.467,0.0,1.467,62.986974300753914,26.267591686125954,17.58272121577674,0.41703212414525437,0.669369366856102,12.010302525614865,41.79877884625802,35.72430037333403,0.0005053080290144546,1.466307600217337,25.76447974062375,3187.202928642571
182,18.19999999999999,41.81817877631117,35.73822869581569,6.079950080495212,3187.1879911867168,25.908333725843246,78.7016719999703,78.70167199999997,11.985495034612136,0.1,6.1932,3258.785,35.471,25.846383008061412,3195.8995376866646,0.0,1.467,0.0,1.467,62.986974300752685,26.267591686126682,17.582721215776004,0.4170321241452741,0.6693693668560555,11.97513506699409,41.816232031646145,35.77867605790596,0.0015290941357346767,1.4664838655982557,25.966056389647186,3187.1992420923366
183,18.29999999999999,41.8181787763111,35.73822869581575,6.079950080495116,3187.1879911866363,25.908333725843267,78.70167199997422,78.70167199999997,11.985495034611699,0.1,6.1932,3258.785,35.471,25.846383008061412,3195.8995376866646,0.0,1.467,0.0,1.467,62.986974300751655,26.26759168612733,17.58272121577536,0.41703212414529117,0.6693693668560146,11.896792760358297,41.759876359822336,35.73725777707295,0.00015775928208686409,1.468176331819737,25.83367795443489,3187.1385843125745
184,18.39999999999999,41.81817877631103,35.73822869581581,6.079950080495027,3187.1879911865667,25.908333725843285,78.70167199997758,78.70167199999997,11.985495034611318,0.1,6.1932,3258.785,35.471,25.846383008061412,3195.8995376866646,0.0,1.467,0.0,1.467,62.98697430075071,26.267591686127876,17.582721215774804,0.4170321241453061,0.6693693668559794,12.000431553597268,41.85161731429637,35.75231163060612,-3.49634305604022e-05,1.4663960661057531,26.020897983288872,3187.018539127313
185,18.499999999999993,41.81817877631099,35.738228695815856,6.079950080494951,3187.187991186506,25.9083337258433,78.70167199998053,78.70167199999997,11.985495034610988,0.1,6.1932,3258.785,35.471,25.846383008061412,3195.8995376866646,0.0,1.467,0.0,1.467,62.986974300749885,26.267591686128362,17.58272121577432,0.4170321241453193,0.6693693668559486,11.925475365329621,41.83229961170801,35.69099768955922,0.0009611558106044427,1.4684540119183889,25.93903061497246,3187.312621570458
186,18.599999999999994,41.81817877631093,35.7382286958159,6.079950080494889,3187.1879911864535,25.908333725843313,78.70167199998309,78.70167199999997,11.985495034610702,0.1,6.1932,3258.785,35.471,25.846383008061412,3195.8995376866646,0.0,1.467,0.0,1.467,62.986974300749225,26.26759168612878,17.5827212157739,0.4170321241453303,0.669369366855922,11.932042261777118,41.87116597443569,35.743655457386105,0.001440569206116275,1.4676121603735943,25.918085988888443,3187.261243768181
187,18.699999999999996,41.81817877631089,35.738228695815934,6.079950080494828,3187.187991186408,25.908333725843324,78.70167199998531,78.70167199999997,11.985495034610453,0.1,6.1932,3258.785,35.471,25.88831864102542,3193.4120727199343,0.0,1.467,0.0,1.467,62.98697430074856,26.267591686129148,17.582721215773535,0.4170321241453406,0.6693693668558987,11.935568890530412,41.89190453681278,35.769105398960484,-0.0005886302861841795,1.467278800979148,25.938433653682438,3187.0309418244765
188,18.799999999999997,41.81817877631086,35.73822869581596,6.07995008049478,3187.1879911863684,25.908333725843335,78.70167199998721,78.70167199999997,11.985495034610238,0.1,6.1932,3258.785,35.471,25.88831864102542,3193.4120727199343,0.0,1.467,0.0,1.467,62.98697430074804,26.267591686129453,17.58272121577322,0.41703212414534885,0.6693693668558789,11.981378708849133,41.84717693002447,35.75402650390585,0.00041723531119419494,1.4648455174858894,25.97816741248235,3187.335104293479
189,18.9,41.81817877631083,35.73822869581599,6.079950080494742,3187.187991186334,25.90833372584334,78.70167199998889,78.70167199999997,11.98549503461005,0.1,6.1932,3258.785,35.471,25.88831864102542,3193.4120727199343,0.0,1.467,0.0,1.467,62.986974300747626,26.26759168612973,17.582721215772946,0.41703212414535595,0.6693693668558613,11.89714926498216,41.79178521581112,35.722217211054726,-0.0015877443899927862,1.465565886873868,25.926373026900475,3187.194935085045
190,19.0,41.8181787763108,35.73822869581602,6.079950080494704,3187.187991186304,25.90833372584335,78.70167199999035,78.70167199999997,11.985495034609887,0.1,6.1932,3258.785,35.471,25.88831864102542,3193.4120727199343,0.0,1.467,0.0,1.467,62.98697430074723,26.267591686129972,17.582721215772704,0.41703212414536245,0.669369366855846,11.958339938560822,41.808440791202685,35.77617190854223,-0.002726139589802332,1.4668871793598768,25.93033327589263,3187.295285323351
191,19.1,41.81817877631079,35.738228695816034,6.079950080494672,3187.187991186278,25.908333725843356,78.70167199999162,78.70167199999997,11.985495034609745,0.1,6.1932,3258.785,35.471,25.88831864102542,3193.4120727199343,0.0,1.467,0.0,1.467,62.986974300746866,26.26759168613018,17.582721215772498,0.41703212414536817,0.6693693668558328,12.080438942379438,41.81657100757283,35.70608708861203,-0.00017316544923686318,1.468131715510141,25.768949161193895,3187.018404494497
192,19.200000000000003,41.81817877631076,35.738228695816055,6.079950080494642,3187.187991186255,25.908333725843363,78.7016719999927,78.70167199999997,11.985495034609622,0.1,6.1932,3258.785,35.471,25.781260863237424,3199.9714067387217,0.0,1.467,0.0,1.467,62.98697430074656,26.267591686130352,17.582721215772317,0.4170321241453729,0.6693693668558216,12.089059600718757,41.80579326912488,35.72263911246948,-0.0004891472059665312,1.465483853987772,25.862701158792785,3187.2018734829353
193,19.300000000000004,41.81817877631073,35.73822869581607,6.0799500804946165,3187.1879911862356,25.908333725843367,78.70167199999366,78.70167199999997,11.985495034609515,0.1,6.1932,3258.785,35.471,25.781260863237424,3199.9714067387217,0.0,1.467,0.0,1.467,62.98697430074627,26.267591686130515,17.58272121577216,0.41703212414537744,0.6693693668558115,11.974933563131438,41.755185032943466,35.80068199011962,-0.0006469924675882058,1.4667331572115612,25.903104940099055,3187.2719169041984
194,19.400000000000006,41.81817877631073,35.73822869581608,6.079950080494597,3187.1879911862184,25.90833372584337,78.70167199999449,78.70167199999997,11.985495034609423,0.1,6.1932,3258.785,35.471,25.781260863237424,3199.9714067387217,0.0,1.467,0.0,1.467,62.98697430074607,26.267591686130647,17.582721215772025,0.4170321241453808,0.669369366855803,11.898416551980358,41.83590827875675,35.77257483698154,0.0017341755438827929,1.4663349390863973,25.88999282753729,3187.1964045380832
195,19.500000000000007,41.81817877631072,35.7382286958161,6.079950080494577,3187.1879911862034,25.908333725843374,78.70167199999523,78.70167199999997,11.985495034609341,0.1,6.1932,3258.785,35.471,25.781260863237424,3199.9714067387217,0.0,1.467,0.0,1.467,62.98697430074585,26.267591686130768,17.582721215771905,0.4170321241453842,0.6693693668557953,12.0690145304087,41.75092049962604,35.71113782292622,-0.0008516482809050893,1.469130894737335,25.822821629423707,3187.0935465200787
196,19.60000000000001,41.8181787763107,35.7382286958161,6.079950080494564,3187.1879911861906,25.908333725843377,78.70167199999585,78.70167199999997,11.98549503460927,0.1,6.1932,3258.785,35.471,25.781260863237424,3199.9714067387217,0.0,1.467,0.0,1.467,62.98697430074572,26.26759168613087,17.5827212157718,0.4170321241453867,0.6693693668557887,12.066038264918562,41.81578033572886,35.711169412644836,-0.000559447086040913,1.4692288082379898,25.71440531159657,3187.1573814227813
197,19.70000000000001,41.81817877631069,35.73822869581611,6.079950080494549,3187.1879911861793,25.90833372584338,78.70167199999639,78.70167199999997,11.98549503460921,0.1,6.1932,3258.785,35.471,25.85765690556688,3195.136075130954,0.0,1.467,0.0,1.467,62.98697430074555,26.26759168613096,17.582721215771713,0.4170321241453892,0.6693693668557831,11.963269737954372,41.74517776414304,35.76847078314294,-0.0006412802811003253,1.4671830603719977,25.987130427764843,3187.0504921113684
198,19.80000000000001,41.81817877631069,35.73822869581612,6.079950080494539,3187.1879911861697,25.908333725843384,78.70167199999685,78.70167199999997,11.985495034609157,0.1,6.1932,3258.785,35.471,25.85765690556688,3195.136075130954,0.0,1.467,0.0,1.467,62.98697430074546,26.267591686131034,17.582721215771635,0.41703212414539104,0.6693693668557782,11.968641054465385,41.80041195323977,35.754684314918656,0.000765287314242736,1.466649724526873,25.9566102611028,3187.3299885008023
199,19.900000000000013,41.818178776310674,35.73822869581613,6.079950080494525,3187.187991186161,25.908333725843388,78.70167199999725,78.70167199999997,11.98549503460911,0.1,6.1932,3258.785,35.471,25.85765690556688,3195.136075130954,0.0,1.467,0.0,1.467,62.9869743007453,26.267591686131095,17.582721215771567,0.41703212414539303,0.6693693668557741,12.022907253084805,41.827257184882335,35.787186761291295,-0.0005642551589341278,1.4657384240161635,25.788482226911857,3187.2426336843064
200,20.000000000000014,41.81817877631066,35.73822869581614,6.079950080494516,3187.187991186154,25.908333725843388,78.70167199999761,78.70167199999997,11.98549503460907,0.1,6.1932,3258.785,35.471,25.85765690556688,3195.136075130954,0.0,1.467,0.0,1.467,62.9869743007452,26.26759168613116,17.582721215771507,0.4170321241453947,0.6693693668557702,12.023030001913533,41.80541360808917,35.668661323540235,-0.00021899381734799726,1.467398519436642,26.012971570889654,3187.164746484794
201,20.100000000000016,41.81817877631066,35.73822869581614,6.079950080494507,3187.1879911861474,25.908333725843388,78.70167199999793,78.70167199999997,11.985495034609036,0.1,6.1932,3258.785,35.471,25.85765690556688,3195.136075130954,0.0,1.467,0.0,1.467,62.986974300745096,26.26759168613121,17.582721215771457,0.41703212414539625,0.669369366855767,12.009725906844755,41.782103307702315,35.68891365580914,0.00024518886343592066,1.468273081057961,26.0903081660094,3187.2841820516137
202,20.200000000000017,41.81817877631066,35.73822869581614,6.079950080494503,3187.187991186142,25.908333725843388,78.70167199999817,78.70167199999997,11.985495034609006,0.1,6.1932,3258.785,35.471,25.84664502268544,3196.1229869131853,0.0,1.467,0.0,1.467,62.986974300745054,26.267591686131247,17.58272121577141,0.4170321241453971,0.6693693668557643,11.994816465631006,41.79399754400762,35.70957082116789,-0.00019192137208284545,1.4672148913561813,25.963517680069724,3187.215944453163
203,20.30000000000002,41.81817877631066,35.73822869581614,6.079950080494498,3187.187991186137,25.908333725843388,78.70167199999841,78.70167199999997,11.985495034608979,0.1,6.1932,3258.785,35.471,25.84664502268544,3196.1229869131853,0.0,1.467,0.0,1.467,62.986974300745004,26.267591686131283,17.58272121577137,0.417032124145398,0.6693693668557619,12.05726419792943,41.73591564032819,35.70978559808592,-0.00036589446931816573,1.4683402681111601,25.843858969968014,3187.0039663515367
204,20.40000000000002,41.81817877631066,35.73822869581614,6.079950080494494,3187.187991186133,25.908333725843388,78.70167199999864,78.70167199999997,11.985495034608956,0.1,6.1932,3258.785,35.471,25.84664502268544,3196.1229869131853,0.0,1.467,0.0,1.467,62.986974300744954,26.267591686131325,17.58272121577134,0.417032124145399,0.6693693668557595,11.887009038952227,41.844437025874235,35.70455133521572,0.000925849389468719,1.4679374910351177,25.953358311362305,3187.267161620318
205,20.50000000000002,41.81817877631066,35.73822869581614,6.0799500804944895,3187.1879911861292,25.90833372584339,78.7016719999988,78.70167199999997,11.985495034608936,0.1,6.1932,3258.785,35.471,25.84664502268544,3196.1229869131853,0.0,1.467,0.0,1.467,62.986974300744905,26.26759168613135,17.58272121577131,0.4170321241453997,0.6693693668557579,12.070215516265476,41.802742775083885,35.724703165457775,-0.0011244876145113441,1.466418888854785,25.88582252086029,3187.1730578357347
206,20.600000000000023,41.818178776310646,35.73822869581615,6.079950080494485,3187.187991186126,25.908333725843395,78.70167199999895,78.70167199999997,11.985495034608919,0.1,6.1932,3258.785,35.471,25.84664502268544,3196.1229869131853,0.0,1.467,0.0,1.467,62.98697430074487,26.267591686131375,17.582721215771283,0.41703212414540036,0.6693693668557562,11.988909726087515,41.841745640032016,35.7434949764566,0.001025964321252345,1.4654452883432239,25.69620953597219,3187.111725996239
207,20.700000000000024,41.81817877631063,35.73822869581616,6.079950080494479,3187.1879911861233,25.908333725843395,78.70167199999909,78.70167199999997,11.985495034608904,0.1,6.1932,3258.785,35.471,25.787725695568803,3199.413995569934,0.0,1.467,0.0,1.467,62.9869743007448,26.2675916861314,17.582721215771265,0.4170321241454012,0.6693693668557549,12.057112873607329,41.83749938731598,35.70931143320263,0.0008692696958520956,1.4670985448756508,25.769105387701547,3187.35432212504
208,20.800000000000026,41.81817877631063,35.73822869581616,6.079950080494476,3187.187991186121,25.908333725843395,78.7016719999992,78.70167199999997,11.985495034608892,0.1,6.1932,3258.785,35.471,25.787725695568803,3199.413995569934,0.0,1.467,0.0,1.467,62.98697430074476,26.26759168613142,17.582721215771244,0.4170321241454018,0.6693693668557535,11.968905547987179,41.78213466260656,35.71441793953974,-0.0003724278660249977,1.46795291613531,25.945319437170397,3187.4186737732985
209,20.900000000000027,41.81817877631063,35.73822869581616,6.079950080494476,3187.187991186119,25.908333725843395,78.70167199999929,78.70167199999997,11.98549503460888,0.1,6.1932,3258.785,35.471,25.787725695568803,3199.413995569934,0.0,1.467,0.0,1.467,62.98697430074476,26.26759168613143,17.582721215771226,0.4170321241454019,0.6693693668557527,12.01363602992572,41.840315490475625,35.75504201902998,0.0003913469582716051,1.46745389577489,25.93820202146261,3187.210196459929
210,21.00000000000003,41.81817877631063,35.73822869581616,6.079950080494471,3187.187991186117,25.908333725843395,78.7016719999994,78.70167199999997,11.985495034608869,0.1,6.1932,3258.785,35.471,25.787725695568803,3199.413995569934,0.0,1.467,0.0,1.467,62.986974300744706,26.26759168613145,17.582721215771212,0.4170321241454026,0.6693693668557515,11.963394525136964,41.786063145961506,35.75500046511048,-0.0018293624788698678,1.4682542106494139,25.71829382011021,3187.013290145421
211,21.10000000000003,41.81817877631063,35.73822869581616,6.079950080494469,3187.1879911861156,25.908333725843395,78.70167199999949,78.70167199999997,11.985495034608862,0.1,6.1932,3258.785,35.471,25.787725695568803,3199.413995569934,0.0,1.467,0.0,1.467,62.98697430074469,26.267591686131468,17.5827212157712,0.41703212414540297,0.6693693668557507,11.968934077023144,41.75846409768335,35.71369168009291,-0.001793835720418137,1.4663455373501904,26.08553728731207,3187.233886973798
212,21.20000000000003,41.81817877631063,35.73822869581616,6.079950080494471,3187.1879911861142,25.908333725843395,78.70167199999953,78.70167199999997,11.985495034608855,0.1,6.1932,3258.785,35.471,25.795796797520513,3198.6843469579553,0.0,1.467,0.0,1.467,62.986974300744706,26.26759168613147,17.58272121577119,0.41703212414540297,0.6693693668557502,12.038470211087612,41.80433925781396,35.69181201366836,-0.0009607813418517904,1.4678459244972994,25.93706235033464,3187.2399077753034
213,21.300000000000033,41.81817877631063,35.73822869581616,6.079950080494468,3187.187991186113,25.908333725843395,78.7016719999996,78.70167199999997,11.985495034608848,0.1,6.1932,3258.785,35.471,25.795796797520513,3198.6843469579553,0.0,1.467,0.0,1.467,62.98697430074468,26.267591686131485,17.58272121577118,0.41703212414540336,0.6693693668557494,11.983010547160767,41.819056494288155,35.751676703907634,-0.00019807431067147128,1.466331708848655,26.05022369166615,3187.097968152401
214,21.400000000000034,41.81817877631063,35.73822869581616,6.079950080494466,3187.187991186112,25.908333725843395,78.70167199999966,78.70167199999997,11.985495034608842,0.1,6.1932,3258.785,35.471,25.795796797520513,3198.6843469579553,0.0,1.467,0.0,1.467,62.986974300744656,26.2675916861315,17.582721215771173,0.41703212414540375,0.6693693668557488,11.970803324529962,41.814854228580145,35.74891179872633,0.0011811291838666662,1.4656213460405645,25.91391982380545,3187.0747781163413
215,21.500000000000036,41.81817877631063,35.73822869581616,6.079950080494466,3187.187991186111,25.908333725843395,78.70167199999968,78.70167199999997,11.985495034608837,0.1,6.1932,3258.785,35.471,25.795796797520513,3198.6843469579553,0.0,1.467,0.0,1.467,62.986974300744656,26.267591686131496,17.582721215771166,0.4170321241454037,0.6693693668557487,12.002395148142027,41.821269436846976,35.77398096235977,0.0006453899233825405,1.4680980283285778,25.859624246960333,3187.1155563829457
216,21.600000000000037,41.81817877631063,35.73822869581616,6.079950080494465,3187.18799118611,25.908333725843395,78.70167199999972,78.70167199999997,11.985495034608833,0.1,6.1932,3258.785,35.471,25.795796797520513,3198.6843469579553,0.0,1.467,0.0,1.467,62.986974300744635,26.2675916861315,17.58272121577116,0.41703212414540386,0.6693693668557482,11.930961359946703,41.785358523621795,35.731745916844936,-0.0001702178439818507,1.4670521886844161,25.850685680557596,3187.2568576718827
217,21.70000000000004,41.81817877631063,35.73822869581616,6.079950080494464,3187.1879911861092,25.908333725843395,78.70167199999975,78.70167199999997,11.985495034608828,0.1,6.1932,3258.785,35.471,25.75928632290603,3200.6871299387967,0.0,1.467,0.0,1.467,62.986974300744635,26.267591686131503,17.58272121577115,0.4170321241454039,0.6693693668557479,12.083506730808676,41.83767320798088,35.781660136297944,-5.850084086687294e-05,1.4671623698459841,25.914075610087657,3187.2136646054555
218,21.80000000000004,41.81817877631063,35.73822869581616,6.079950080494462,3187.187991186109,25.908333725843395,78.70167199999979,78.70167199999997,11.985495034608824,0.1,6.1932,3258.785,35.471,25.75928632290603,3200.6871299387967,0.0,1.467,0.0,1.467,62.986974300744606,26.267591686131514,17.582721215771148,0.4170321241454043,0.6693693668557474,12.029704299461734,41.81944929187834,35.76378027162671,0.0009765681377651163,1.4686236629243203,25.960075141697278,3187.1232545397456
219,21.90000000000004,41.81817877631063,35.73822869581616,6.079950080494462,3187.1879911861083,25.908333725843395,78.70167199999982,78.70167199999997,11.985495034608823,0.1,6.1932,3258.785,35.471,25.75928632290603,3200.6871299387967,0.0,1.467,0.0,1.467,62.986974300744606,26.26759168613152,17.582721215771144,0.4170321241454044,0.6693693668557472,12.005487282997443,41.792665257742556,35.72564450670339,-0.0010344769971446174,1.467992900032313,25.912728844719,3187.035029643241
220,22.000000000000043,41.81817877631063,35.73822869581616,6.079950080494462,3187.187991186108,25.908333725843395,78.70167199999983,78.70167199999997,11.985495034608821,0.1,6.1932,3258.785,35.471,25.75928632290603,3200.6871299387967,0.0,1.467,0.0,1.467,62.986974300744606,26.26759168613152,17.58272121577114,0.4170321241454044,0.669369366855747,11.957368416468714,41.80687682763581,35.72085816999026,-0.0008731364173829327,1.4680109698886774,25.802904750344354,3187.1364657837976
221,22.100000000000044,41.81817877631063,35.73822869581616,6.079950080494462,3187.1879911861074,25.908333725843395,78.70167199999986,78.70167199999997,11.985495034608817,0.1,6.1932,3258.785,35.471,25.75928632290603,3200.6871299387967,0.0,1.467,0.0,1.467,62.986974300744606,26.267591686131524,17.582721215771137,0.41703212414540447,0.6693693668557468,12.021049051201889,41.77320964764494,35.71216129557721,0.0008252877692248366,1.4680591319649736,25.93245519583688,3187.1838020592945
222,22.200000000000045,41.81817877631063,35.73822869581616,6.079950080494462,3187.187991186107,25.908333725843395,78.70167199999986,78.70167199999997,11.985495034608816,0.1,6.1932,3258.785,35.471,25.726960817374575,3199.341386324463,0.0,1.467,0.0,1.467,62.986974300744606,26.26759168613152,17.582721215771134,0.4170321241454044,0.6693693668557468,12.090939169323608,41.781105305248104,35.76238128148136,0.0017385266500061698,1.46642303057456,26.160719698276765,3187.2524716369635
223,22.300000000000047,41.81817877631063,35.73822869581616,6.079950080494462,3187.1879911861065,25.908333725843395,78.70167199999989,78.70167199999997,11.985495034608814,0.1,6.1932,3258.785,35.471,25.726960817374575,3199.341386324463,0.0,1.467,0.0,1.467,62.986974300744606,26.267591686131528,17.58272121577113,0.4170321241454045,0.6693693668557464,12.030486051743894,41.84707748766705,35.70312993610208,0.0006199035069320111,1.4670628475015892,25.999145341349596,3187.3701098247952
224,22.40000000000005,41.81817877631063,35.73822869581616,6.079950080494462,3187.187991186106,25.908333725843395,78.70167199999992,78.70167199999997,11.985495034608812,0.1,6.1932,3258.785,35.471,25.726960817374575,3199.341386324463,0.0,1.467,0.0,1.467,62.986974300744606,26.267591686131535,17.582721215771127,0.41703212414540464,0.6693693668557461,11.905212653398166,41.9063094768127,35.71987399561181,-0.0005110129369379514,1.4665081601995515,25.879706996788876,3187.261881179325
225,22.50000000000005,41.81817877631063,35.73822869581616,6.079950080494461,3187.187991186106,25.908333725843395,78.70167199999992,78.70167199999997,11.98549503460881,0.1,6.1932,3258.785,35.471,25.726960817374575,3199.341386324463,0.0,1.467,0.0,1.467,62.9869743007446,26.267591686131535,17.582721215771127,0.4170321241454047,0.6693693668557461,11.921616148262643,41.82611853440067,35.671290285559245,-0.0001434039655588358,1.4664559652210643,25.933128035679427,3186.981579385971
226,22.60000000000005,41.81817877631063,35.73822869581616,6.079950080494461,3187.187991186106,25.908333725843395,78.70167199999992,78.70167199999997,11.98549503460881,0.1,6.1932,3258.785,35.471,25.726960817374575,3199.341386324463,0.0,1.467,0.0,1.467,62.9869743007446,26.267591686131535,17.582721215771127,0.4170321241454047,0.6693693668557461,12.01846499061538,41.83339770686079,35.79110208262576,0.001021592766643411,1.4658810634940753,25.85695778648757,3187.182046608815
227,22.700000000000053,41.81817877631063,35.73822869581616,6.079950080494461,3187.187991186106,25.908333725843395,78.70167199999992,78.70167199999997,11.98549503460881,0.1,6.1932,3258.785,35.471,25.812819024128874,3192.6716653765725,0.0,1.467,0.0,1.467,62.9869743007446,26.267591686131535,17.582721215771127,0.4170321241454047,0.6693693668557461,11.989824302687492,41.80847443552754,35.700306152693905,0.0010054391863043668,1.4687128410944177,25.894592355329365,3187.1423264865693
228,22.800000000000054,41.81817877631063,35.73822869581616,6.079950080494461,3187.187991186106,25.908333725843395,78.70167199999992,78.70167199999997,11.98549503460881,0.1,6.1932,3258.785,35.471,25.812819024128874,3192.6716653765725,0.0,1.467,0.0,1.467,62.9869743007446,26.267591686131535,17.582721215771127,0.4170321241454047,0.6693693668557461,11.975935099625904,41.79517963982327,35.692440255710856,2.791690959752585e-05,1.466445834785261,25.86648737505994,3187.2018330239175
229,22.900000000000055,41.81817877631063,35.73822869581616,6.079950080494461,3187.187991186106,25.908333725843395,78.70167199999992,78.70167199999997,11.98549503460881,0.1,6.1932,3258.785,35.471,25.812819024128874,3192.6716653765725,0.0,1.467,0.0,1.467,62.9869743007446,26.267591686131535,17.582721215771127,0.4170321241454047,0.6693693668557461,12.035336016219665,41.84548741215022,35.707739067460466,0.001250587606219753,1.4671332647841613,25.840280299764405,3187.201511491314
230,23.000000000000057,41.81817877631063,35.73822869581616,6.079950080494461,3187.187991186106,25.908333725843395,78.70167199999992,78.70167199999997,11.98549503460881,0.1,6.1932,3258.785,35.471,25.812819024128874,3192.6716653765725,0.0,1.467,0.0,1.467,62.9869743007446,26.267591686131535,17.582721215771127,0.4170321241454047,0.6693693668557461,11.99963474751217,41.85545924563908,35.768247333209246,0.002064415103594337,1.4656762026283927,25.87598813616002,3187.121307978055
231,23.10000000000006,41.81817877631063,35.73822869581616,6.079950080494461,3187.187991186106,25.908333725843395,78.70167199999992,78.70167199999997,11.98549503460881,0.1,6.1932,3258.785,35.471,25.812819024128874,3192.6716653765725,0.0,1.467,0.0,1.467,62.9869743007446,26.267591686131535,17.582721215771127,0.4170321241454047,0.6693693668557461,11.966675665572865,41.87269966018306,35.710401503314095,0.0013218992690371722,1.468554001237264,25.829797956116316,3187.1560970650276
232,23.20000000000006,41.81817877631063,35.73822869581616,6.079950080494461,3187.187991186106,25.908333725843395,78.70167199999992,78.70167199999997,11.98549503460881,0.1,6.1932,3258.785,35.471,25.87821646947255,3190.337281481707,0.0,1.467,0.0,1.467,62.9869743007446,26.267591686131535,17.582721215771127,0.4170321241454047,0.6693693668557461,11.942968784455447,41.76227063967714,35.715525965716466,-0.0003353868217289111,1.4668353799573095,25.82969078557784,3187.1100970383472
233,23.30000000000006,41.81817877631063,35.73822869581616,6.079950080494461,3187.187991186106,25.908333725843395,78.70167199999992,78.70167199999997,11.98549503460881,0.1,6.1932,3258.785,35.471,25.87821646947255,3190.337281481707,0.0,1.467,0.0,1.467,62.9869743007446,26.267591686131535,17.582721215771127,0.4170321241454047,0.6693693668557461,12.034455996201945,41.85372975174372,35.70787662415558,0.0003074890953857176,1.4680991362282787,25.903504412425324,3187.0129797386453
234,23.400000000000063,41.81817877631063,35.73822869581616,6.079950080494461,3187.187991186106,25.908333725843395,78.70167199999992,78.70167199999997,11.98549503460881,0.1,6.1932,3258.785,35.471,25.87821646947255,3190.337281481707,0.0,1.467,0.0,1.467,62.9869743007446,26.267591686131535,17.582721215771127,0.4170321241454047,0.6693693668557461,11.916751415387218,41.83940249540068,35.7783290037951,-0.00046915614409034386,1.4668306234402098,25.988178979283436,3187.1223220405104
235,23.500000000000064,41.81817877631063,35.73822869581616,6.079950080494461,3187.187991186106,25.908333725843395,78.70167199999992,78.70167199999997,11.98549503460881,0.1,6.1932,3258.785,35.471,25.87821646947255,3190.337281481707,0.0,1.467,0.0,1.467,62.9869743007446,26.267591686131535,17.582721215771127,0.4170321241454047,0.6693693668557461,11.960314279956037,41.79192625077825,35.70456582287533,0.00022224870371728803,1.467249209476812,25.600145156114944,3187.3525046750487
236,23.600000000000065,41.81817877631063,35.73822869581616,6.079950080494461,3187.187991186106,25.908333725843395,78.70167199999992,78.70167199999997,11.98549503460881,0.1,6.1932,3258.785,35.471,25.87821646947255,3190.337281481707,0.0,1.467,0.0,1.467,62.9869743007446,26.267591686131535,17.582721215771127,0.4170321241454047,0.6693693668557461,11.985987292956969,41.78486698750462,35.77294480868129,0.0007941597608460512,1.4680414689688381,25.87467171910795,3187.255547253419
237,23.700000000000067,41.81817877631063,35.73822869581616,6.079950080494461,3187.187991186106,25.908333725843395,78.70167199999992,78.70167199999997,11.98549503460881,0.1,6.1932,3258.785,35.471,25.912218815213183,3188.7647728041475,0.0,1.467,0.0,1.467,62.9869743007446,26.267591686131535,17.582721215771127,0.4170321241454047,0.6693693668557461,11.913185145329448,41.77071298226516,35.728826858795,-0.0005288839935608624,1.4678449294010476,26.06248132977715,3187.1035172117813
238,23.800000000000068,41.81817877631063,35.73822869581616,6.079950080494461,3187.187991186106,25.908333725843395,78.70167199999992,78.70167199999997,11.98549503460881,0.1,6.1932,3258.785,35.471,25.912218815213183,3188.7647728041475,0.0,1.467,0.0,1.467,62.9869743007446,26.267591686131535,17.582721215771127,0.4170321241454047,0.6693693668557461,12.085945234686392,41.86211986595158,35.73976413715282,-0.0010680483500903786,1.4661308339569767,25.93723841128264,3186.9071879801495
239,23.90000000000007,41.81817877631063,35.73822869581616,6.079950080494461,3187.187991186106,25.908333725843395,78.70167199999992,78.70167199999997,11.98549503460881,0.1,6.1932,3258.785,35.471,25.912218815213183,3188.7647728041475,0.0,1.467,0.0,1.467,62.9869743007446,26.267591686131535,17.582721215771127,0.4170321241454047,0.6693693668557461,11.969803193604047,41.82425697127446,35.780486370262025,0.0004167011715667084,1.4664806431359385,25.97539515072511,3187.327345504491
240,24.00000000000007,41.81817877631063,35.73822869581616,6.079950080494461,3187.187991186106,25.908333725843395,78.70167199999992,78.70167199999997,11.98549503460881,0.1,6.1932,3258.785,35.471,25.912218815213183,3188.7647728041475,0.0,1.467,0.0,1.467,62.9869743007446,26.267591686131535,17.582721215771127,0.4170321241454047,0.6693693668557461,11.866373819113765,41.87870521181988,35.7376290113024,-0.0007935464405409604,1.4669715209496654,25.84738244654856,3187.0974394634027
241,24.100000000000072,41.81817877631063,35.73822869581616,6.079950080494461,3187.187991186106,25.908333725843395,78.70167199999992,78.70167199999997,11.98549503460881,0.1,6.1932,3258.785,35.471,25.912218815213183,3188.7647728041475,0.0,1.467,0.0,1.467,62.9869743007446,26.267591686131535,17.582721215771127,0.4170321241454047,0.6693693668557461,11.916643745998133,41.82922642220519,35.71089940145276,-7.669280696013298e-06,1.4676757127891509,25.978385953988436,3187.0674733870105
242,24.200000000000074,41.81817877631063,35.73822869581616,6.079950080494461,3187.187991186106,25.908333725843395,78.70167199999992,78.70167199999997,11.98549503460881,0.1,6.1932,3258.785,35.471,25.893517913328676,3195.327862365348,0.0,1.467,0.0,1.467,62.9869743007446,26.267591686131535,17.582721215771127,0.4170321241454047,0.6693693668557461,12.02633413585813,41.80244220004497,35.75738535451022,-0.000924302538586598,1.4661585223290252,25.89303780984391,3187.2985636933695
243,24.300000000000075,41.81817877631063,35.73822869581616,6.079950080494461,3187.187991186106,25.908333725843395,78.70167199999992,78.70167199999997,11.98549503460881,0.1,6.1932,3258.785,35.471,25.893517913328676,3195.327862365348,0.0,1.467,0.0,1.467,62.9869743007446,26.267591686131535,17.582721215771127,0.4170321241454047,0.6693693668557461,11.996231484629188,41.81544665748274,35.67112578731943,-0.0005332006750884878,1.4681152144155596,26.06308590220163,3187.0093681224193
244,24.400000000000077,41.81817877631063,35.73822869581616,6.079950080494461,3187.187991186106,25.908333725843395,78.70167199999992,78.70167199999997,11.98549503460881,0.1,6.1932,3258.785,35.471,25.893517913328676,3195.327862365348,0.0,1.467,0.0,1.467,62.9869743007446,26.267591686131535,17.582721215771127,0.4170321241454047,0.6693693668557461,11.997309489454976,41.83987969788561,35.74001863978773,2.1148569174981934e-05,1.4663059292293357,25.80439390396443,3187.0627437543517
245,24.500000000000078,41.81817877631063,35.73822869581616,6.079950080494461,3187.187991186106,25.908333725843395,78.70167199999992,78.70167199999997,11.98549503460881,0.1,6.1932,3258.785,35.471,25.893517913328676,3195.327862365348,0.0,1.467,0.0,1.467,62.9869743007446,26.267591686131535,17.582721215771127,0.4170321241454047,0.6693693668557461,11.946467522221038,41.836918254484424,35.69457630464666,0.0008541454472104127,1.4651354701552508,26.19090043725126,3187.2054333115234
246,24.60000000000008,41.81817877631063,35.73822869581616,6.079950080494461,3187.187991186106,25.908333725843395,78.70167199999992,78.70167199999997,11.98549503460881,0.1,6.1932,3258.785,35.471,25.893517913328676,3195.327862365348,0.0,1.467,0.0,1.467,62.9869743007446,26.267591686131535,17.582721215771127,0.4170321241454047,0.6693693668557461,12.003830633212772,41.76666925205388,35.7646838519676,0.000949823284055793,1.4660670423919016,25.922583792327156,3187.184289464477
247,24.70000000000008,41.81817877631063,35.73822869581616,6.079950080494461,3187.187991186106,25.908333725843395,78.70167199999992,78.70167199999997,11.98549503460881,0.1,6.1932,3258.785,35.471,25.797364499554018,3198.775679319115,0.0,1.467,0.0,1.467,62.9869743007446,26.267591686131535,17.582721215771127,0.4170321241454047,0.6693693668557461,12.059488964526466,41.824541244486845,35.666814881079866,-0.0007621829081988159,1.467824917504643,25.865889155101875,3187.1025429520614
248,24.800000000000082,41.81817877631063,35.73822869581616,6.079950080494461,3187.187991186106,25.908333725843395,78.70167199999992,78.70167199999997,11.98549503460881,0.1,6.1932,3258.785,35.471,25.797364499554018,3198.775679319115,0.0,1.467,0.0,1.467,62.9869743007446,26.267591686131535,17.582721215771127,0.4170321241454047,0.6693693668557461,12.020657239336785,41.89168885226021,35.78786734330191,-0.00011829360149366136,1.4660507873142914,25.981472628429977,3187.175018259018
249,24.900000000000084,41.81817877631063,35.73822869581616,6.079950080494461,3187.187991186106,25.908333725843395,78.70167199999992,78.70167199999997,11.98549503460881,0.1,6.1932,3258.785,35.471,25.797364499554018,3198.775679319115,0.0,1.467,0.0,1.467,62.9869743007446,26.267591686131535,17.582721215771127,0.4170321241454047,0.6693693668557461,11.961731166351758,41.793817303434764,35.79953218526752,-0.0004882715923319975,1.4691593513255161,26.021259616464544,3187.1136089715096
250,25.000000000000085,41.81817877631063,35.73822869581616,6.079950080494461,3187.187991186106,25.908333725843395,78.70167199999992,78.70167199999997,11.98549503460881,0.1,6.1932,3258.785,35.471,25.797364499554018,3198.775679319115,0.0,1.467,0.0,1.467,62.9869743007446,26.267591686131535,17.582721215771127,0.4170321241454047,0.6693693668557461,11.993977124727074,41.85701632005272,35.73341542457792,-0.0005879111640711605,1.4665147831906673,25.784755865886464,3187.34039152528
251,25.100000000000087,41.81817877631063,35.73822869581616,6.079950080494461,3187.187991186106,25.908333725843395,78.70167199999992,78.70167199999997,11.98549503460881,0.1,6.1932,3258.785,35.471,25.797364499554018,3198.775679319115,0.0,1.467,0.0,1.467,62.9869743007446,26.267591686131535,17.582721215771127,0.4170321241454047,0.6693693668557461,11.928624183280537,41.81484200928846,35.748739838055045,-0.00013084299009149812,1.4668210331015554,25.83598376564367,3187.082363920968
252,25.200000000000088,41.81817877631063,35.73822869581616,6.079950080494461,3187.187991186106,25.908333725843395,78.70167199999992,78.70167199999997,11.98549503460881,0.1,6.1932,3258.785,35.471,25.88401848743721,3193.785931834969,0.0,1.467,0.0,1.467,62.9869743007446,26.267591686131535,17.582721215771127,0.4170321241454047,0.6693693668557461,11.900565520245252,41.81142629580141,35.70772386589528,2.5591354214751876e-05,1.466379413768477,25.8432807267984,3187.1201617722463
253,25.30000000000009,41.81817877631063,35.73822869581616,6.079950080494461,3187.187991186106,25.908333725843395,78.70167199999992,78.70167199999997,11.98549503460881,0.1,6.1932,3258.785,35.471,25.88401848743721,3193.785931834969,0.0,1.467,0.0,1.467,62.9869743007446,26.267591686131535,17.582721215771127,0.4170321241454047,0.6693693668557461,11.956467855246308,41.84482424451981,35.742029319692584,-0.0008423333174802898,1.4675304525194122,26.012985490085494,3187.249317951439
254,25.40000000000009,41.81817877631063,35.73822869581616,6.079950080494461,3187.187991186106,25.908333725843395,78.70167199999992,78.70167199999997,11.98549503460881,0.1,6.1932,3258.785,35.471,25.88401848743721,3193.785931834969,0.0,1.467,0.0,1.467,62.9869743007446,26.267591686131535,17.582721215771127,0.4170321241454047,0.6693693668557461,12.01329744573866,41.794317009993115,35.70523381406797,0.001081660625615027,1.4664694422687854,25.803451670592445,3187.0865309001765
255,25.500000000000092,41.81817877631063,35.73822869581616,6.079950080494461,3187.187991186106,25.908333725843395,78.70167199999992,78.70167199999997,11.98549503460881,0.1,6.1932,3258.785,35.471,25.88401848743721,3193.785931834969,0.0,1.467,0.0,1.467,62.9869743007446,26.267591686131535,17.582721215771127,0.4170321241454047,0.6693693668557461,11.970217488295198,41.82854542721101,35.78739100183705,-0.0009136463398722095,1.4672460081740657,25.88851915133546,3187.1571972604092
256,25.600000000000094,41.81817877631063,35.73822869581616,6.079950080494461,3187.187991186106,25.908333725843395,78.70167199999992,78.70167199999997,11.98549503460881,0.1,6.1932,3258.785,35.471,25.88401848743721,3193.785931834969,0.0,1.467,0.0,1.467,62.9869743007446,26.267591686131535,17.582721215771127,0.4170321241454047,0.6693693668557461,11.93843802554558,41.8292777464647,35.76287168445657,-0.0008889720358128323,1.4667375536012446,25.914539267318712,3187.1749241816433
257,25.700000000000095,41.81817877631063,35.73822869581616,6.079950080494461,3187.187991186106,25.908333725843395,78.70167199999992,78.70167199999997,11.98549503460881,0.1,6.1932,3258.785,35.471,25.873353143800035,3194.3364636276065,0.0,1.467,0.0,1.467,62.9869743007446,26.267591686131535,17.582721215771127,0.4170321241454047,0.6693693668557461,11.961064776668735,41.787838308204925,35.7153261027719,-0.0008899185135404264,1.4669165047834203,25.852863978207594,3187.2176370055286
258,25.800000000000097,41.81817877631063,35.73822869581616,6.079950080494461,3187.187991186106,25.908333725843395,78.70167199999992,78.70167199999997,11.98549503460881,0.1,6.1932,3258.785,35.471,25.873353143800035,3194.3364636276065,0.0,1.467,0.0,1.467,62.9869743007446,26.267591686131535,17.582721215771127,0.4170321241454047,0.6693693668557461,12.023152975010417,41.81018394504593,35.69484675860607,-0.0012362508887882192,1.467035128259261,25.926930794028976,3187.1342553006184
259,25.900000000000098,41.81817877631063,35.73822869581616,6.079950080494461,3187.187991186106,25.908333725843395,78.70167199999992,78.70167199999997,11.98549503460881,0.1,6.1932,3258.785,35.471,25.873353143800035,3194.3364636276065,0.0,1.467,0.0,1.467,62.9869743007446,26.267591686131535,17.582721215771127,0.4170321241454047,0.6693693668557461,12.004124233735647,41.827276406679495,35.74385701488845,0.0008817180220406217,1.4658450323886902,25.779787546951834,3187.339317394272
260,26.0000000000001,41.81817877631063,35.73822869581616,6.079950080494461,3187.187991186106,25.908333725843395,78.70167199999992,78.70167199999997,11.98549503460881,0.1,6.1932,3258.785,35.471,25.873353143800035,3194.3364636276065,0.0,1.467,0.0,1.467,62.9869743007446,26.267591686131535,17.582721215771127,0.4170321241454047,0.6693693668557461,12.072023987171516,41.80650103113368,35.732910327079935,-5.0205326728767385e-05,1.4684011267215957,25.787553603377084,3187.091390631971
261,26.1000000000001,41.81817877631063,35.73822869581616,6.079950080494461,3187.187991186106,25.908333725843395,78.70167199999992,78.70167199999997,11.98549503460881,0.1,6.1932,3258.785,35.471,25.873353143800035,3194.3364636276065,0.0,1.467,0.0,1.467,62.9869743007446,26.267591686131535,17.582721215771127,0.4170321241454047,0.6693693668557461,11.930086311283514,41.816644256290495,35.73641398758229,0.0015187341833839516,1.469154830629832,25.81685551010148,3187.2911440094167
262,26.200000000000102,41.81817877631063,35.73822869581616,6.079950080494461,3187.187991186106,25.908333725843395,78.70167199999992,78.70167199999997,11.98549503460881,0.1,6.1932,3258.785,35.471,25.78561042208428,3198.889851501823,0.0,1.467,0.0,1.467,62.9869743007446,26.267591686131535,17.582721215771127,0.4170321241454047,0.6693693668557461,12.075901717003987,41.812675745214285,35.721267952901286,0.0006553810968523443,1.4663658613084205,25.803780506717334,3187.1678502096443
263,26.300000000000104,41.81817877631063,35.73822869581616,6.079950080494461,3187.187991186106,25.908333725843395,78.70167199999992,78.70167199999997,11.98549503460881,0.1,6.1932,3258.785,35.471,25.78561042208428,3198.889851501823,0.0,1.467,0.0,1.467,62.9869743007446,26.267591686131535,17.582721215771127,0.4170321241454047,0.6693693668557461,11.971045134887289,41.790009647777296,35.768871616437416,-0.00010094071918165529,1.4668307429079257,25.826843625632517,3187.099468565431
264,26.400000000000105,41.81817877631063,35.73822869581616,6.079950080494461,3187.187991186106,25.908333725843395,78.70167199999992,78.70167199999997,11.98549503460881,0.1,6.1932,3258.785,35.471,25.78561042208428,3198.889851501823,0.0,1.467,0.0,1.467,62.9869743007446,26.267591686131535,17.582721215771127,0.4170321241454047,0.6693693668557461,11.950889111676213,41.87120369246695,35.68184096245394,-0.00025109311771813974,1.4671087134383294,25.95159431074902,3187.217141783783
265,26.500000000000107,41.81817877631063,35.73822869581616,6.079950080494461,3187.187991186106,25.908333725843395,78.70167199999992,78.70167199999997,11.98549503460881,0.1,6.1932,3258.785,35.471,25.78561042208428,3198.889851501823,0.0,1.467,0.0,1.467,62.9869743007446,26.267591686131535,17.582721215771127,0.4170321241454047,0.6693693668557461,11.998338666149408,41.84020470126658,35.733238584417855,-5.132051453576607e-05,1.4683036385025612,25.77334739275394,3187.1816013948724
266,26.600000000000108,41.81817877631063,35.73822869581616,6.079950080494461,3187.187991186106,25.908333725843395,78.70167199999992,78.70167199999997,11.98549503460881,0.1,6.1932,3258.785,35.471,25.78561042208428,3198.889851501823,0.0,1.467,0.0,1.467,62.9869743007446,26.267591686131535,17.582721215771127,0.4170321241454047,0.6693693668557461,11.960996883306027,41.84679487177746,35.72899666684135,-0.00019904986495943087,1.4668958172718807,25.87017467590552,3187.3804109988287
267,26.70000000000011,41.81817877631063,35.73822869581616,6.079950080494461,3187.187991186106,25.908333725843395,78.70167199999992,78.70167199999997,11.98549503460881,0.1,6.1932,3258.785,35.471,25.79650400677911,3198.238272379349,0.0,1.467,0.0,1.467,62.9869743007446,26.267591686131535,17.582721215771127,0.4170321241454047,0.6693693668557461,12.038134319821268,41.837929449782806,35.7614716839382,-0.0004064503730708701,1.4652795462770005,26.042915939073154,3187.023813482171
268,26.80000000000011,41.81817877631063,35.73822869581616,6.079950080494461,3187.187991186106,25.908333725843395,78.70167199999992,78.70167199999997,11.98549503460881,0.1,6.1932,3258.785,35.471,25.79650400677911,3198.238272379349,0.0,1.467,0.0,1.467,62.9869743007446,26.267591686131535,17.582721215771127,0.4170321241454047,0.6693693668557461,11.934385232948822,41.744047741163605,35.76947012308826,-0.0011865285770942626,1.4669442862912985,25.95326614829364,3187.2958130444113
269,26.900000000000112,41.81817877631063,35.73822869581616,6.079950080494461,3187.187991186106,25.908333725843395,78.70167199999992,78.70167199999997,11.98549503460881,0.1,6.1932,3258.785,35.471,25.79650400677911,3198.238272379349,0.0,1.467,0.0,1.467,62.9869743007446,26.267591686131535,17.582721215771127,0.4170321241454047,0.6693693668557461,11.955100577388391,41.78469206677989,35.75690356212972,-8.684544040108032e-05,1.4663595685060198,25.962096940552062,3187.215574085413
270,27.000000000000114,41.81817877631063,35.73822869581616,6.079950080494461,3187.187991186106,25.908333725843395,78.70167199999992,78.70167199999997,11.98549503460881,0.1,6.1932,3258.785,35.471,25.79650400677911,3198.238272379349,0.0,1.467,0.0,1.467,62.9869743007446,26.267591686131535,17.582721215771127,0.4170321241454047,0.6693693668557461,11.861736216023465,41.78847364258762,35.74468202000979,0.0006453009763656185,1.4675593227423784,25.790417023232934,3187.2946777455745
271,27.100000000000115,41.81817877631063,35.73822869581616,6.079950080494461,3187.187991186106,25.908333725843395,78.70167199999992,78.70167199999997,11.98549503460881,0.1,6.1932,3258.785,35.471,25.79650400677911,3198.238272379349,0.0,1.467,0.0,1.467,62.9869743007446,26.267591686131535,17.582721215771127,0.4170321241454047,0.6693693668557461,12.12783416036514,41.791600532984106,35.77623681601761,-0.0016365013618732534,1.467548710234092,25.934918721845843,3187.2527215131604
272,27.200000000000117,41.81817877631063,35.73822869581616,6.079950080494461,3187.187991186106,25.908333725843395,78.70167199999992,78.70167199999997,11.98549503460881,0.1,6.1932,3258.785,35.471,25.910637313994602,3193.5185474595155,0.0,1.467,0.0,1.467,62.9869743007446,26.267591686131535,17.582721215771127,0.4170321241454047,0.6693693668557461,11.910895753082524,41.83288661093495,35.8086434520636,0.00010167209304366839,1.4658532722622983,26.060847000430922,3187.1931108282783
273,27.300000000000118,41.81817877631063,35.73822869581616,6.079950080494461,3187.187991186106,25.908333725843395,78.70167199999992,78.70167199999997,11.98549503460881,0.1,6.1932,3258.785,35.471,25.910637313994602,3193.5185474595155,0.0,1.467,0.0,1.467,62.9869743007446,26.267591686131535,17.582721215771127,0.4170321241454047,0.6693693668557461,11.987879824402334,41.85355989338151,35.755046786397884,-0.0001300657695263228,1.4671877931394905,25.932552420335984,3187.076985970273
274,27.40000000000012,41.81817877631063,35.73822869581616,6.079950080494461,3187.187991186106,25.908333725843395,78.70167199999992,78.70167199999997,11.98549503460881,0.1,6.1932,3258.785,35.471,25.910637313994602,3193.5185474595155,0.0,1.467,0.0,1.467,62.9869743007446,26.267591686131535,17.582721215771127,0.4170321241454047,0.6693693668557461,12.034883594672367,41.85709675993969,35.798553294297356,0.00037745229949981,1.4670504476375237,26.010588199122395,3187.3423538458064
275,27.50000000000012,41.81817877631063,35.73822869581616,6.079950080494461,3187.187991186106,25.908333725843395,78.70167199999992,78.70167199999997,11.98549503460881,0.1,6.1932,3258.785,35.471,25.910637313994602,3193.5185474595155,0.0,1.467,0.0,1.467,62.9869743007446,26.267591686131535,17.582721215771127,0.4170321241454047,0.6693693668557461,12.066416329788378,41.8274776019189,35.758574468832755,0.0017484400825212533,1.4673298380061424,25.85712369012123,3187.317922482689
276,27.600000000000122,41.81817877631063,35.73822869581616,6.079950080494461,3187.187991186106,25.908333725843395,78.70167199999992,78.70167199999997,11.98549503460881,0.1,6.1932,3258.785,35.471,25.910637313994602,3193.5185474595155,0.0,1.467,0.0,1.467,62.9869743007446,26.267591686131535,17.582721215771127,0.4170321241454047,0.6693693668557461,11.932216793543118,41.87135625496841,35.79982536711504,-0.0006698773220983434,1.4677151051173614,25.866072436215646,3187.150494783852
277,27.700000000000124,41.81817877631063,35.73822869581616,6.079950080494461,3187.187991186106,25.908333725843395,78.70167199999992,78.70167199999997,11.98549503460881,0.1,6.1932,3258.785,35.471,25.850103829118574,3196.44695950548,0.0,1.467,0.0,1.467,62.9869743007446,26.267591686131535,17.582721215771127,0.4170321241454047,0.6693693668557461,11.973828457028599,41.82839516134441,35.675037091778414,-0.0007924988605486824,1.4668626327229761,25.89436161480413,3187.2134515605235
278,27.800000000000125,41.81817877631063,35.73822869581616,6.079950080494461,3187.187991186106,25.908333725843395,78.70167199999992,78.70167199999997,11.98549503460881,0.1,6.1932,3258.785,35.471,25.850103829118574,3196.44695950548,0.0,1.467,0.0,1.467,62.9869743007446,26.267591686131535,17.582721215771127,0.4170321241454047,0.6693693668557461,11.940090903649756,41.80520384666252,35.78781613711685,0.0017604151631762837,1.4660637626642332,26.17533619645729,3187.159052874053
279,27.900000000000126,41.81817877631063,35.73822869581616,6.079950080494461,3187.187991186106,25.908333725843395,78.70167199999992,78.70167199999997,11.98549503460881,0.1,6.1932,3258.785,35.471,25.850103829118574,3196.44695950548,0.0,1.467,0.0,1.467,62.9869743007446,26.267591686131535,17.582721215771127,0.4170321241454047,0.6693693668557461,11.898964384595226,41.82647551326573,35.7624015302688,0.0016449683635331124,1.4670616170182116,26.038654572105663,3187.3402417827306
280,28.000000000000128,41.81817877631063,35.73822869581616,6.079950080494461,3187.187991186106,25.908333725843395,78.70167199999992,78.70167199999997,11.98549503460881,0.1,6.1932,3258.785,35.471,25.850103829118574,3196.44695950548,0.0,1.467,0.0,1.467,62.9869743007446,26.267591686131535,17.582721215771127,0.4170321241454047,0.6693693668557461,12.08740890217436,41.817248912877695,35.71903313334696,-0.00021971644810985078,1.4666884355306429,25.795299212914923,3187.154349226585
281,28.10000000000013,41.81817877631063,35.73822869581616,6.079950080494461,3187.187991186106,25.908333725843395,78.70167199999992,78.70167199999997,11.98549503460881,0.1,6.1932,3258.785,35.471,25.850103829118574,3196.44695950548,0.0,1.467,0.0,1.467,62.9869743007446,26.267591686131535,17.582721215771127,0.4170321241454047,0.6693693668557461,11.95142412089022,41.81923184329578,35.77426168078905,-0.00044907663291835013,1.466703732557016,26.012768855908988,3187.198052897188
282,28.20000000000013,41.81817877631063,35.73822869581616,6.079950080494461,3187.187991186106,25.908333725843395,78.70167199999992,78.70167199999997,11.98549503460881,0.1,6.1932,3258.785,35.471,25.889111844096234,3194.4839075962905,0.0,1.467,0.0,1.467,62.9869743007446,26.267591686131535,17.582721215771127,0.4170321241454047,0.6693693668557461,11.939167879827421,41.80607552411542,35.73720853228111,-0.0005048530050320968,1.4661833418941832,25.82921875090347,3187.182299842662
283,28.300000000000132,41.81817877631063,35.73822869581616,6.079950080494461,3187.187991186106,25.908333725843395,78.70167199999992,78.70167199999997,11.98549503460881,0.1,6.1932,3258.785,35.471,25.889111844096234,3194.4839075962905,0.0,1.467,0.0,1.467,62.9869743007446,26.267591686131535,17.582721215771127,0.4170321241454047,0.6693693668557461,12.051200855090627,41.87223328950024,35.73519598058607,2.4734492536532932e-05,1.467243028660529,25.812139315199545,3187.311114543469
284,28.400000000000134,41.81817877631063,35.73822869581616,6.079950080494461,3187.187991186106,25.908333725843395,78.70167199999992,78.70167199999997,11.98549503460881,0.1,6.1932,3258.785,35.471,25.889111844096234,3194.4839075962905,0.0,1.467,0.0,1.467,62.9869743007446,26.267591686131535,17.582721215771127,0.4170321241454047,0.6693693668557461,11.976961723899576,41.875784394303906,35.679525340618724,-9.35573057808956e-05,1.4681058173562214,25.886031425353703,3187.323971986233
285,28.500000000000135,41.81817877631063,35.73822869581616,6.079950080494461,3187.187991186106,25.908333725843395,78.70167199999992,78.70167199999997,11.98549503460881,0.1,6.1932,3258.785,35.471,25.889111844096234,3194.4839075962905,0.0,1.467,0.0,1.467,62.9869743007446,26.267591686131535,17.582721215771127,0.4170321241454047,0.6693693668557461,11.942091661509311,41.801597078422255,35.68084320150064,-0.0005390413427239785,1.4670099634211897,25.869017771695354,3187.2008955822585
286,28.600000000000136,41.81817877631063,35.73822869581616,6.079950080494461,3187.187991186106,25.908333725843395,78.70167199999992,78.70167199999997,11.98549503460881,0.1,6.1932,3258.785,35.471,25.889111844096234,3194.4839075962905,0.0,1.467,0.0,1.467,62.9869743007446,26.267591686131535,17.582721215771127,0.4170321241454047,0.6693693668557461,12.04031252147882,41.836712812342526,35.705864333665204,0.0015916871639391598,1.4676280751397344,25.847734187199652,3187.1473883262825
287,28.700000000000138,41.81817877631063,35.73822869581616,6.079950080494461,3187.187991186106,25.908333725843395,78.70167199999992,78.70167199999997,11.98549503460881,0.1,6.1932,3258.785,35.471,25.890903004794954,3194.989976511564,0.0,1.467,0.0,1.467,62.9869743007446,26.267591686131535,17.582721215771127,0.4170321241454047,0.6693693668557461,11.961150398097457,41.82408604899388,35.772114609799594,0.002733284310545078,1.4666496004310616,25.79575662000262,3187.3507063959205
288,28.80000000000014,41.81817877631063,35.73822869581616,6.079950080494461,3187.187991186106,25.908333725843395,78.70167199999992,78.70167199999997,11.98549503460881,0.1,6.1932,3258.785,35.471,25.890903004794954,3194.989976511564,0.0,1.467,0.0,1.467,62.9869743007446,26.267591686131535,17.582721215771127,0.4170321241454047,0.6693693668557461,11.95109066018044,41.84066346280481,35.723840468647225,0.0004692581851522385,1.4672433781038905,25.931277044540078,3187.092239751693
289,28.90000000000014,41.81817877631063,35.73822869581616,6.079950080494461,3187.187991186106,25.908333725843395,78.70167199999992,78.70167199999997,11.98549503460881,0.1,6.1932,3258.785,35.471,25.890903004794954,3194.989976511564,0.0,1.467,0.0,1.467,62.9869743007446,26.267591686131535,17.582721215771127,0.4170321241454047,0.6693693668557461,11.960743446926509,41.80808881601941,35.73208646690407,0.0004272416775020128,1.4683213751874182,25.96830521441162,3187.07912122674
290,29.000000000000142,41.81817877631063,35.73822869581616,6.079950080494461,3187.187991186106,25.908333725843395,78.70167199999992,78.70167199999997,11.98549503460881,0.1,6.1932,3258.785,35.471,25.890903004794954,3194.989976511564,0.0,1.467,0.0,1.467,62.9869743007446,26.267591686131535,17.582721215771127,0.4170321241454047,0.6693693668557461,11.977323437936795,41.74479360059697,35.74448350518687,0.00047538776129288216,1.4668478970113825,25.937871601783392,3187.2247319046533
291,29.100000000000144,41.81817877631063,35.73822869581616,6.079950080494461,3187.187991186106,25.908333725843395,78.70167199999992,78.70167199999997,11.98549503460881,0.1,6.1932,3258.785,35.471,25.890903004794954,3194.989976511564,0.0,1.467,0.0,1.467,62.9869743007446,26.267591686131535,17.582721215771127,0.4170321241454047,0.6693693668557461,11.908064702821447,41.84372538618918,35.76393496069409,-0.001109034726352145,1.4651992837309578,25.91733318020034,3187.2430462638918
292,29.200000000000145,41.81817877631063,35.73822869581616,6.079950080494461,3187.187991186106,25.908333725843395,78.70167199999992,78.70167199999997,11.98549503460881,0.1,6.1932,3258.785,35.471,25.908589176562717,3194.1995130818273,0.0,1.467,0.0,1.467,62.9869743007446,26.267591686131535,17.582721215771127,0.4170321241454047,0.6693693668557461,11.93207568491376,41.825487183657636,35.77262395038984,0.0004853745925261603,1.4654314063677465,26.04011893987544,3187.2384182906503
293,29.300000000000146,41.81817877631063,35.73822869581616,6.079950080494461,3187.187991186106,25.908333725843395,78.70167199999992,78.70167199999997,11.98549503460881,0.1,6.1932,3258.785,35.471,25.908589176562717,3194.1995130818273,0.0,1.467,0.0,1.467,62.9869743007446,26.267591686131535,17.582721215771127,0.4170321241454047,0.6693693668557461,11.988443096499632,41.869825309563964,35.75856473342677,-0.0007720375970151738,1.466802398821478,25.89846790513959,3187.2620513416905
294,29.400000000000148,41.81817877631063,35.73822869581616,6.079950080494461,3187.187991186106,25.908333725843395,78.70167199999992,78.70167199999997,11.98549503460881,0.1,6.1932,3258.785,35.471,25.908589176562717,3194.1995130818273,0.0,1.467,0.0,1.467,62.9869743007446,26.267591686131535,17.582721215771127,0.4170321241454047,0.6693693668557461,12.019883296334173,41.818951217059144,35.78058379664619,0.0001388323359265545,1.4674356136604028,25.806132106169034,3187.266844043377
295,29.50000000000015,41.81817877631063,35.73822869581616,6.079950080494461,3187.187991186106,25.908333725843395,78.70167199999992,78.70167199999997,11.98549503460881,0.1,6.1932,3258.785,35.471,25.908589176562717,3194.1995130818273,0.0,1.467,0.0,1.467,62.9869743007446,26.267591686131535,17.582721215771127,0.4170321241454047,0.6693693668557461,11.950282725941953,41.80651025245182,35.714453541978536,-0.0009498956890155591,1.4668298017229844,26.05121907983596,3187.292602724407
296,29.60000000000015,41.81817877631063,35.73822869581616,6.079950080494461,3187.187991186106,25.908333725843395,78.70167199999992,78.70167199999997,11.98549503460881,0.1,6.1932,3258.785,35.471,25.908589176562717,3194.1995130818273,0.0,1.467,0.0,1.467,62.9869743007446,26.267591686131535,17.582721215771127,0.4170321241454047,0.6693693668557461,12.002929049080876,41.83511150278943,35.78342169506902,0.0009313521295447835,1.466325068080138,25.965311685853905,3187.251880225092
297,29.700000000000152,41.81817877631063,35.73822869581616,6.079950080494461,3187.187991186106,25.908333725843395,78.70167199999992,78.70167199999997,11.98549503460881,0.1,6.1932,3258.785,35.471,25.859773631993377,3199.39009507975,0.0,1.467,0.0,1.467,62.9869743007446,26.267591686131535,17.582721215771127,0.4170321241454047,0.6693693668557461,12.05278030744085,41.7921082672504,35.74251891009513,0.0003702135328703458,1.4674537238676777,25.814341760601604,3187.097382728945
298,29.800000000000153,41.81817877631063,35.73822869581616,6.079950080494461,3187.187991186106,25.908333725843395,78.70167199999992,78.70167199999997,11.98549503460881,0.1,6.1932,3258.785,35.471,25.859773631993377,3199.39009507975,0.0,1.467,0.0,1.467,62.9869743007446,26.267591686131535,17.582721215771127,0.4170321241454047,0.6693693668557461,11.930432277110535,41.82546011222666,35.73929327156675,0.0010447363830113467,1.4677258484579638,25.868480126878072,3187.235828973519
299,29.900000000000155,41.81817877631063,35.73822869581616,6.079950080494461,3187.187991186106,25.908333725843395,78.70167199999992,78.70167199999997,11.98549503460881,0.1,6.1932,3258.785,35.471,25.859773631993377,3199.39009507975,0.0,1.467,0.0,1.467,62.9869743007446,26.267591686131535,17.582721215771127,0.4170321241454047,0.6693693668557461,12.009439284811359,41.84612896299977,35.76674198961218,0.00046377958726139586,1.4683867354079296,25.785463691149765,3187.13369972741
300,30.000000000000156,41.81817877631063,35.73822869581616,6.079950080494461,3187.187991186106,25.908333725843395,78.70167199999992,78.70167199999997,11.98549503460881,0.1,6.72135555037292,3258.785,35.12,25.859773631993377,3199.39009507975,0.04015910443318426,1.4437963287047373,0.0,1.467,62.9869743007446,26.267591686131535,17.582721215771127,0.4170321241454047,0.6693693668557461,11.984670432485162,41.84135555037292,35.785843552193526,-0.001242807289403348,1.4663925178630508,25.823870631465287,3187.1812634021353
301,30.100000000000158,41.81817877631063,35.73822869581616,6.079950080494461,3187.187991186106,25.908333725843395,78.70167199999992,78.70167199999997,11.98549503460881,0.1,6.7011588137338975,3258.785,35.12,25.859773631993377,3199.39009507975,0.04015910443318426,1.4437963287047373,0.0,1.467,62.9869743007446,26.267591686131535,17.582721215771127,0.4170321241454047,0.6693693668557461,11.914030162677687,41.821158813733895,35.77777391960527,0.0007839280047422126,1.4688461461331521,26.02565742411815,3187.0746212584872
302,30.20000000000016,41.81817877631063,35.73822869581616,6.079950080494461,3187.187991186106,25.908333725843395,78.70167199999992,78.70167199999997,11.98549503460881,0.1,6.708749483289594,3258.785,35.12,25.819693207246694,3199.1578598134206,0.04015910443318426,1.4437963287047373,0.0,1.467,62.9869743007446,26.267591686131535,17.582721215771127,0.4170321241454047,0.6693693668557461,12.012791027951982,41.82874948328959,35.66449576344544,0.00010112025281590772,1.4663056601183155,25.905005181648455,3187.0946945409355
303,30.30000000000016,41.81817877631063,35.73822869581616,6.079950080494461,3187.187991186106,25.908333725843395,78.70167199999992,78.70167199999997,11.98549503460881,0.1,6.662894806088644,3258.785,35.12,25.819693207246694,3199.1578598134206,0.04015910443318426,1.4437963287047373,0.0,1.467,62.9869743007446,26.267591686131535,17.582721215771127,0.4170321241454047,0.6693693668557461,11.956347661171103,41.78289480608864,35.74851433592225,-0.0001284979339331633,1.4671388268821248,25.89342264771849,3187.050058488746
304,30.400000000000162,41.81817877631063,35.73822869581616,6.079950080494461,3187.187991186106,25.908333725843395,78.70167199999992,78.70167199999997,11.98549503460881,0.1,6.677660185705754,3258.785,35.12,25.819693207246694,3199.1578598134206,0.04015910443318426,1.4437963287047373,0.0,1.467,62.9869743007446,26.267591686131535,17.582721215771127,0.4170321241454047,0.6693693668557461,12.038586272428947,41.79766018570575,35.766039459412546,0.0012748731997489686,1.4660119766826913,25.793368250137735,3187.10548559483
305,30.500000000000163,41.81817877631063,35.73822869581616,6.079950080494461,3187.187991186106,25.908333725843395,78.70167199999992,78.70167199999997,11.98549503460881,0.1,6.709183725532199,3258.785,35.12,25.819693207246694,3199.1578598134206,0.1323592686514187,1.4330427081252313,0.0,1.467,62.9869743007446,26.267591686131535,17.582721215771127,0.4170321241454047,0.6693693668557461,11.897077729186432,41.8291837255322,35.75117944054124,-0.0003455659448033137,1.4663955015699746,25.929876125305558,3187.1780686201346
306,30.600000000000165,41.81817877631063,35.73822869581616,6.079950080494461,3187.187991186106,25.908333725843395,78.70167199999992,78.70167199999997,11.98549503460881,0.1,6.665203375575864,3258.785,35.12,25.819693207246694,3199.1578598134206,0.1323592686514187,1.4330427081252313,0.0,1.467,62.9869743007446,26.267591686131535,17.582721215771127,0.4170321241454047,0.6693693668557461,11.956142133203706,41.78520337557586,35.778813730497816,0.0006366878311677884,1.4655284709338732,25.734212224753037,3187.2471380015154
307,30.700000000000166,41.81817877631063,35.73822869581616,6.079950080494461,3187.187991186106,25.908333725843395,78.70167199999992,78.70167199999997,11.98549503460881,0.1,6.7151705295827995,3258.785,35.12,25.854869490576856,3197.88821063127,0.1323592686514187,1.4330427081252313,0.0567,1.467,62.9869743007446,26.267591686131535,17.582721215771127,0.4170321241454047,0.6693693668557461,11.978691552979086,41.8351705295828,35.75904847484465,0.05682730038428198,1.4678348428471268,25.911778745746638,3187.3380078393197
308,30.800000000000168,41.81817877631063,35.73822869581616,6.0454539366039155,3187.187991186106,25.908333725843395,78.92264065350929,78.70167199999997,11.98549503460881,0.1,6.728705822255463,3258.785,35.12,25.854869490576856,3197.88821063127,0.1323592686514187,1.4330427081252313,0.0567,1.467,62.598205802651954,26.34134252545066,17.582721215771127,0.42080027993924896,0.6674952576461481,12.010928533273907,41.84870582225546,35.74721471153398,0.05755650528474273,1.465482740071511,26.017371109369464,3187.1690242995146
309,30.90000000000017,41.81817877631063,35.73822869581616,6.0454539366039155,3187.785903345329,25.910937396680357,78.92264065350929,78.70167199999997,11.98549503460881,0.1,6.673464694652203,3258.785,35.12,25.854869490576856,3197.88821063127,0.1323592686514187,1.4330427081252313,0.0567,1.467,62.604496640365376,26.346284125704482,17.582721215771127,0.42083692928723654,0.6673700599249488,11.867074471812035,41.7934646946522,35.759169558673364,0.05715877831673567,1.467079902374562,25.98072561632359,3187.624953278664
310,31.00000000000017,41.81006157210932,35.74541050471667,6.044772864683509,3188.3838155045523,25.91354106751732,78.89606103938655,78.70167199999997,11.988323478244517,0.1,6.717677300107226,3258.785,35.12,25.854869490576856,3197.88821063127,0.22917742424586313,1.4228039237488,0.0567,1.467,62.603110314895424,26.342351144397707,17.58687054258471,0.4207834245278698,0.6676272154364988,11.963531728724867,41.837677300107224,35.767102409069786,0.05731241207608826,1.4677940341846845,25.810494935605167,3188.639431839511
311,31.100000000000172,41.80194436790801,35.752593035320366,6.0440721786758695,3188.909806718342,25.915041417726002,78.86969445762443,78.70167199999997,11.991151921880226,0.1,6.688353207320539,3258.785,35.12,25.854869490576856,3197.88821063127,0.22917742424586313,1.4228039237488,0.0567,1.467,62.59883621518189,26.337891966089494,17.59101986939829,0.4207409204150963,0.6678977912145377,12.0039601223114,41.808353207320536,35.73881537932978,0.055593085108489725,1.4649280298841303,25.84325484236223,3188.923438933974
312,31.200000000000173,41.797266876097424,35.75673225465703,6.043830126969875,3189.364453424292,25.915439873249827,78.84695148177009,78.70167199999997,11.993640141057798,0.1,6.642756326567159,3258.785,35.12,25.91833461006942,3195.3631806254307,0.22917742424586313,1.4228039237488,0.1134,1.467,62.59707005111993,26.3340510767004,17.59467008693179,0.420691432605307,0.6681338179107216,11.920217029907212,41.76275632656716,35.71947767157951,0.11356844596783336,1.4682900311368823,25.928905091198406,3189.270519178937
313,31.300000000000175,41.796024651156344,35.75783156815296,6.010745260449077,3189.7575606241435,25.91519113786458,79.0592981312382,78.70167199999997,11.99579086263471,0.1,6.6767007876029965,3258.785,35.12,25.91833461006942,3195.3631806254307,0.22917742424586313,1.4228039237488,0.1701,1.467,62.223507030786685,26.40822718252929,17.59782519548512,0.4244091733605298,0.6663766209617885,12.020836066222238,41.796700787602994,35.740865308101945,0.1691169215866138,1.4675658654057004,26.165978861916585,3189.8794462960864
314,31.400000000000176,41.7968001085934,35.757145321032674,5.978963081010305,3190.7252499725073,25.917262821451867,79.28350439964902,78.70167199999997,11.997650469502405,0.1,6.679428880409773,3258.785,35.12,25.91833461006942,3195.3631806254307,0.22917742424586313,1.4228039237488,0.1701,1.467,61.87017543086625,26.491153232057137,17.60055323876003,0.42817323609593383,0.6643936216963734,12.095194912587043,41.79942888040977,35.715168405315964,0.16960897411940803,1.4665516508566556,25.898169588195014,3190.629193689847
315,31.500000000000178,41.79034142784167,35.76286118207512,5.979102490743802,3192.29961204086,25.9218436588606,79.24461075745634,78.70167199999997,12.002228156603264,0.1,6.5959342676611925,3258.785,35.12,25.91833461006942,3195.3631806254307,0.32214293370183056,1.4136460906153876,0.1701,1.467,61.88268284642867,26.491222429100468,17.60726870573699,0.4280878140794652,0.6646453840648553,11.91996138810229,41.71593426766119,35.775812979970745,0.16838287217340603,1.46667197812236,25.884354439595338,3192.395965077199
316,31.60000000000018,41.776060209136205,35.775501524838916,5.978856916812803,3193.768733020877,25.92549507422778,79.18278636034725,78.70167199999997,12.009675729468011,0.1,6.636972897027107,3258.785,35.12,25.91833461006942,3195.3631806254307,0.32214293370183056,1.4136460906153876,0.1701,1.447,61.88863036528471,26.482736683015442,17.378000780540212,0.4279095615253823,0.6562010938879099,12.022923698656005,41.756972897027104,35.78653071134199,0.16995446126821212,1.446537479766905,25.76272024323178,3193.7560419042084
317,31.70000000000018,41.764676556587474,35.785578824535946,5.978826351293781,3195.070565300976,25.927133061919655,79.12506879387706,77.76935199999997,12.040598147967682,0.1,6.687925953344546,3258.785,35.12,25.903029379539422,3203.4800774422633,0.32214293370183056,1.4136460906153876,0.1701,1.447,61.89219580389743,26.47421993106451,17.422745520109235,0.4277473046027783,0.6581023186131958,12.04685014258912,41.807925953344544,35.80398827906257,0.17026674010875836,1.447051972966197,26.085964954742316,3194.939858699255
318,31.800000000000182,41.75956996615929,35.790099859582234,5.979388010317823,3198.7389569151187,25.927153544967467,79.07251692869576,77.76935199999997,12.046756509477154,0.1,6.641308740547792,3258.785,35.12,25.903029379539422,3203.4800774422633,0.32214293370183056,1.4136460906153876,0.2268,1.447,61.89857914584383,26.48701271000738,17.431656669213442,0.42790986603423264,0.6581209009888599,12.127647921048794,41.76130874054779,35.7621260061117,0.22703389744626007,1.4451987441291914,26.013018652670286,3198.862118582239
319,31.900000000000183,41.759506108209436,35.790156396966104,5.952704992498824,3202.2651500830893,25.92640496979873,79.18085548783313,77.76935199999997,12.064109959736115,0.1,6.695598773630849,3258.785,35.12,25.903029379539422,3203.4800774422633,0.32214293370183056,1.4136460906153876,0.2268,1.447,61.595866987203856,26.552541490581465,17.45676711173816,0.43107667428559104,0.6574424191345414,12.063172745798871,41.815598773630846,35.75748520232579,0.22761000104556986,1.4470895662880596,25.845886566444438,3202.1717957125416
320,32.000000000000185,41.76183986615548,35.78809020604557,5.956084756648667,3206.084493165277,25.9276612658335,79.03306113936944,77.76935199999997,12.08079073544936,0.1,6.64753971100869,3258.785,35.12,25.903029379539422,3203.4800774422633,0.41857641099041254,1.4087886148892508,0.2268,1.447,61.63696974969617,26.534590187633984,17.480904194195226,0.43049796729769935,0.6587968410509659,12.064798431044776,41.76753971100869,35.74006601204071,0.22496228772199145,1.4470788958418306,25.859667482409147,3206.0217253032592
321,32.100000000000186,41.757923237637485,35.791557824242176,5.959165766793662,3209.503924148588,25.928994562509377,78.87718639350052,77.76935199999997,12.098858266719228,0.1,6.638218950109028,3258.785,35.12,25.903029379539422,3203.4800774422633,0.41857641099041254,1.4087886148892508,0.2268,1.447,61.67488975413486,26.510501239484427,17.507047911942724,0.42984270170838995,0.6603816258995486,12.129039070895521,41.758218950109026,35.8417695161485,0.22603260010231102,1.4461391594638384,26.061973959844373,3209.4672013778527
322,32.20000000000019,41.753766551920776,35.79523816277517,5.961864046664922,3212.5015785387454,25.92953797135973,78.73829910421269,77.76935199999997,12.115034000317044,0.1,6.618597556461353,3258.785,35.12,25.872506522606212,3211.7395501572464,0.41857641099041254,1.4087886148892508,0.2835,1.447,61.70661657439953,26.488538460353773,17.530454198458763,0.42926577295672336,0.6618128148027926,12.153582482624817,41.73859755646135,35.81815723576205,0.28326026858116066,1.4478278904157122,26.006568632238313,3212.5681344170916
323,32.30000000000019,41.752072420488915,35.79673820469773,5.935842547692817,3215.1234221624986,25.929286205416478,78.89221758437382,77.76935199999997,12.129214505515181,0.1,6.6017460391823235,3258.785,35.12,25.872506522606212,3211.7395501572464,0.41857641099041254,1.4087886148892508,0.34019999999999995,1.447,61.412520265070555,26.56197909663936,17.55097338948047,0.43251732679251315,0.6607554853358435,12.165199939752174,41.72174603918232,35.791056014326976,0.3398501711235605,1.4450826302794717,25.892939556366102,3215.213442903566
324,32.40000000000019,41.75285732599359,35.79604321860541,5.910988309584005,3218.161748981293,25.93075738109201,79.0716615152932,77.76935199999997,12.14161722520742,0.1,6.662767727497702,3258.785,35.12,25.872506522606212,3211.7395501572464,0.41857641099041254,1.4087886148892508,0.34019999999999995,1.447,61.13565718677115,26.647553979228956,17.568920124875138,0.4358758080872498,0.6593070470396507,12.084582644397724,41.7827677274977,35.75433153276422,0.34020856792666565,1.447470232009672,25.873286093822585,3218.1740574036885
325,32.50000000000019,41.74827078870756,35.80010441394619,5.913550573647472,3221.6856275129276,25.934216181985867,78.9528265742112,77.76935199999997,12.155990132701032,0.1,6.641298819401854,3258.785,35.12,25.872506522606212,3211.7395501572464,0.5222841099036111,1.4070096330996351,0.34019999999999995,1.447,61.172717167216014,26.636641144948072,17.589717722018392,0.43543334967673,0.6603579492737384,12.191363433446886,41.76129881940185,35.79583750507278,0.3409630816087762,1.445961709689544,26.036916816107983,3221.76545672211
326,32.60000000000019,41.737487631040864,35.80965337648483,5.916406767756618,3224.887954299167,25.936828884209753,78.82228863198009,77.76935199999997,12.172659958949021,0.1,6.621100793590905,3258.785,35.12,25.872506522606212,3211.7395501572464,0.5222841099036111,1.4070096330996351,0.34019999999999995,1.447,61.21110437593954,26.61903382859818,17.613838960599235,0.4348726280955881,0.6617009119871132,12.08027308211849,41.7411007935909,35.75617439249472,0.3404972111075416,1.4450058694946084,25.878536188218494,3224.9582584268464
327,32.700000000000195,41.72934227058768,35.81686729743601,5.919031596735002,3227.737062555718,25.93769139841464,78.70186835101082,77.76935199999997,12.187808673820056,0.1,6.544898403753663,3258.785,35.12,25.903658554204885,3221.0323603755824,0.5222841099036111,1.4070096330996351,0.3968999999999999,1.447,61.24275502669632,26.601848084185583,17.635759151017623,0.4343672663417832,0.6629524044798162,12.249433760893858,41.66489840375366,35.79983389710186,0.39696010334499915,1.4483667632653565,25.81402297827787,3227.706338347608
328,32.800000000000196,41.72665329630253,35.81924894127607,5.8964634153258055,3230.260329345322,25.93719652311301,78.89735926687071,77.76935199999997,12.201286476522972,0.1,6.558933058390473,3258.785,35.12,25.903658554204885,3221.0323603755824,0.5222841099036111,1.4070096330996351,0.4535999999999999,1.447,60.98696179373518,26.68877305845544,17.65526153152874,0.43761440598926526,0.6615239109291038,12.248539604717234,41.67893305839047,35.81163546049382,0.4544823253635177,1.4479594885812035,25.90572425110752,3230.2407597355686
329,32.9000000000002,41.728196119542886,35.817882441965104,5.874914987979036,3233.312568881757,25.938022314126577,79.11029915056109,77.76935199999997,12.21322287517645,0.1,6.607101663242595,3258.785,35.12,25.903658554204885,3221.0323603755824,0.5222841099036111,1.4070096330996351,0.4535999999999999,1.447,60.74577634494704,26.78609068098848,17.672533500380325,0.44095396079692384,0.6597653129324865,12.161543567207922,41.72710166324259,35.84156863603916,0.4531831286891225,1.4494966870727812,25.76195691649825,3233.270334729413
330,33.0000000000002,41.725621633478994,35.82016271347146,5.877627509608518,3236.9409957806074,25.940694106546836,78.99113982613508,77.76935199999997,12.227661597250112,0.1,6.572265187969315,3258.785,35.12,25.903658554204885,3221.0323603755824,0.628282643462618,1.4073522999505044,0.4535999999999999,1.447,60.78264163463068,26.775758426266492,17.693426331220913,0.4405165308085443,0.6608001928290483,12.14934524748865,41.69226518796931,35.85995478545505,0.45406781763499987,1.4463744269947776,26.077089836786925,3236.984191303997
331,33.1000000000002,41.71729205342959,35.82754087912776,5.881127447245276,3240.2469931953315,25.942794742253753,78.8597949753632,77.76935199999997,12.244825993075443,0.1,6.584054755304152,3258.785,35.12,25.903658554204885,3221.0323603755824,0.628282643462618,1.4073522999505044,0.4535999999999999,1.447,60.82706016857718,26.75853775958456,17.718263211980165,0.4399117380558173,0.6621536412479682,12.161174248528221,41.70405475530415,35.80535752415118,0.45497621751003553,1.4470438585351921,25.919096826214183,3240.22481733249
332,33.2000000000002,41.710743111549704,35.833342326830476,5.884265708957425,3243.1975886918167,25.943445636646885,78.73827849989415,77.76935199999997,12.260465125351148,0.1,6.56643281183986,3258.785,35.12,25.909661790704213,3227.878342349145,0.628282643462618,1.4073522999505044,0.5102999999999999,1.447,60.86400215981573,26.741634044982174,17.740893036383113,0.4393670001319403,0.6634184360813968,12.193818199455198,41.68643281183986,35.87099723944136,0.510060703774887,1.4481195119488919,25.96223209520368,3243.3173377730045
333,33.3000000000002,41.708713883189674,35.83514003503295,5.8650297572362335,3245.8193765629894,25.942927491688607,78.9564956747827,77.76935199999997,12.274423016865557,0.1,6.618882377381766,3258.785,35.12,25.909661790704213,3227.878342349145,0.628282643462618,1.4073522999505044,0.5669999999999998,1.447,60.64570963679283,26.837424199668806,17.76109010540446,0.44252799349530486,0.6618030841284553,12.274826831134673,41.73888237738176,35.866309120493455,0.5662405915010432,1.4479611041220875,25.892579494127382,3245.9195421809186
334,33.400000000000205,41.7103292519116,35.83370896444063,5.846515990625157,3249.031631453556,25.943572375372668,79.18890927429791,77.76935199999997,12.286825472818334,0.1,6.607367727357975,3258.785,35.12,25.909661790704213,3227.878342349145,0.628282643462618,1.4073522999505044,0.5669999999999998,1.447,60.43828484979106,26.943059993425162,17.77903645916813,0.44579458302609837,0.6598744338433236,12.245385803927611,41.72736772735797,35.875588624851495,0.5647717530590879,1.4462037069676983,25.819081178694763,3249.022168722005
335,33.500000000000206,41.70831876253817,35.83549008054571,5.849392424723566,3252.87276702431,25.945844562084705,79.0639214083204,77.76935199999997,12.302021152921746,0.1,6.584999451940973,3258.785,35.12,25.909661790704213,3227.878342349145,0.736334126988973,1.41023608470551,0.5669999999999998,1.447,60.47604224110419,26.93233728854422,17.801024608277768,0.4453389522609818,0.6609535747886801,12.214142297777363,41.70499945194097,35.82170919703136,0.5674991618362084,1.447779025245977,25.848151055904303,3252.855382321067
336,33.60000000000021,41.701234993244725,35.84176602762177,5.853348979876291,3256.375701842892,25.947613464132775,78.92606611563515,77.76935199999997,12.320191774293798,0.1,6.6480188105275175,3258.785,35.12,25.909661790704213,3227.878342349145,0.736334126988973,1.41023608470551,0.5669999999999998,1.447,60.524822928688316,26.914330426935145,17.827317497403126,0.44468251412558785,0.6623726919679198,12.298215911124041,41.768018810527515,35.80071377612715,0.5655259778364264,1.4466607854540152,25.9832336981418,3256.374869049311
337,33.70000000000021,41.69572026421966,35.846652245885686,5.8568594755059,3259.505618342356,25.948075383252252,78.79808382198942,77.76935199999997,12.336762525600797,0.1,6.603159433771403,3258.785,35.12,26.09459931882793,3242.919833465478,0.736334126988973,1.41023608470551,0.6236999999999998,1.447,60.56552405388461,26.89651476827426,17.851295374544353,0.44408952433639753,0.6637029194429614,12.384444732281102,41.7231594337714,35.82569149353371,0.6234428611555441,1.4461706657741147,26.028311147990234,3259.3991219582476
338,33.80000000000021,41.694280185172786,35.84792825473374,5.840635879976151,3262.2892315616,25.94748730622311,79.02947326715176,77.76935199999997,12.351568701167972,0.1,6.628389576721268,3258.785,35.12,26.09459931882793,3242.919833465478,0.736334126988973,1.41023608470551,0.6803999999999998,1.447,60.38103661838665,26.9985330345613,17.872719910590057,0.44713596431267577,0.661988556478638,12.377082563872303,41.748389576721266,35.82935583511493,0.6811805122387545,1.4474272298484616,25.871772851023326,3262.325795756103
339,33.90000000000021,41.69611357411884,35.84630375027682,5.824981757514278,3265.6989542338424,25.94791873745612,79.27382283924513,77.76935199999997,12.36473667738788,0.1,6.5758621336357805,3258.785,35.12,26.09459931882793,3242.919833465478,0.736334126988973,1.41023608470551,0.6803999999999998,1.447,60.20535044963189,27.110315166161108,17.891773972180264,0.45029743974070446,0.6599618581532627,12.33268961973794,41.69586213363578,35.90169222336478,0.6811272935125625,1.4471421734430423,25.979567068164965,3265.8522615516263
340,34.00000000000021,41.69476854410681,35.847495532663494,5.827975849352994,3269.7698547606597,25.949792689293776,79.14007330857908,77.76935199999997,12.38086648549274,0.1,6.567431678863201,3258.785,35.12,26.09459931882793,3242.919833465478,0.8456609431100247,1.4158902390432255,0.6803999999999998,1.447,60.243495611369866,27.098312780944166,17.915113804507996,0.449813087802127,0.6611154705213271,12.41176326663041,41.6874316788632,35.854241536462915,0.6803138774574058,1.4462550771367249,26.089363009822243,3269.727144195688
341,34.100000000000215,41.68892631185773,35.85267235306019,5.832184653354631,3273.478846621222,25.95124918420898,78.99251823734679,77.76935199999997,12.40012401773901,0.1,6.564003551045197,3258.785,35.12,26.09459931882793,3242.919833465478,0.8456609431100247,1.4158902390432255,0.6803999999999998,1.447,60.294388342525444,27.078469589905815,17.94297945366835,0.44910430861452916,0.6626290084117993,12.495071030967281,41.684003551045194,35.88927128716434,0.6796764714103333,1.445745396940888,25.898369172682404,3273.454341575389
342,34.200000000000216,41.684385543310086,35.85669620057889,5.835909938173169,3276.788573835675,25.951556323811076,78.8558409555753,77.76935199999997,12.417669528833033,0.1,6.537780412242924,3258.785,35.12,26.090924736416888,3255.7417844987554,0.8456609431100247,1.4158902390432255,0.7370999999999998,1.447,60.3371556139449,27.058947851735777,17.968367808221398,0.4484624370573082,0.6640453245512561,12.443126566442599,41.65778041224292,35.85864428380222,0.7366142628179633,1.4479901575776508,26.05352864542877,3277.001532440411
343,34.30000000000022,41.68342800488659,35.85754476167517,5.822532433436847,3279.7284702738484,25.950935856645742,79.09675006917492,77.76935199999997,12.433326305052155,0.1,6.5708898321330835,3258.785,35.12,26.090924736416888,3255.7417844987554,0.8456609431100247,1.4158902390432255,0.7937999999999997,1.447,60.18470182853152,27.165965627784132,17.991023163410468,0.4513765924300994,0.6622633411937345,12.424760411050576,41.69088983213308,35.857489995608276,0.7941819560685379,1.4468967931264918,25.91267509503936,3279.745733112746
344,34.40000000000022,41.68536237332124,35.855830553816524,5.809714983525584,3283.3202351377067,25.95118876623813,79.35166358728546,77.76935199999997,12.447233584310359,0.1,6.570923388204243,3258.785,35.12,26.090924736416888,3255.7417844987554,0.8456609431100247,1.4158902390432255,0.7937999999999997,1.447,60.04059790227995,27.28336271862179,18.01114699649709,0.45441524021841473,0.6601512864176339,12.364782266529014,41.69092338820424,35.853014044494756,0.7925031950600159,1.4475496431234771,25.97860970286506,3283.265671644171
345,34.50000000000022,41.684573902376016,35.856529279816584,5.81279849548928,3287.6017625068257,25.952684484660555,79.20929051104793,77.76935199999997,12.464224549142617,0.1,6.575816771091574,3258.785,35.12,26.090924736416888,3255.7417844987554,0.9576552851630045,1.424434916299972,0.7937999999999997,1.447,60.078868787798996,27.26992511558557,18.03573292260937,0.4539021067774104,0.6613781609653712,12.500307746648918,41.69581677109157,35.864483330246316,0.7930706329816227,1.4463539141123527,25.955790639449166,3287.5047034917316
346,34.60000000000022,41.679910850622264,35.86066171524893,5.817118972357668,3291.498047027801,25.95383521897321,79.05120241180866,77.76935199999997,12.48447845877046,0.1,6.5869165131968614,3258.785,35.12,26.090924736416888,3255.7417844987554,0.9576552851630045,1.424434916299972,0.7937999999999997,1.447,60.13030957431732,27.247753352960874,18.065040329840855,0.45314507019599404,0.6629919206853735,12.420661357913339,41.70691651319686,35.88511484909269,0.793252854734914,1.4483751547581831,26.069304408386483,3291.53579190658
347,34.70000000000022,41.67632332132912,35.86384117579349,5.820945289899671,3294.966565912056,25.953995997619643,78.90523939405216,77.76935199999997,12.502909964111609,0.1,6.524720972394583,3258.785,35.12,26.092545926866585,3269.032625874639,0.9576552851630045,1.424434916299972,0.8504999999999997,1.447,60.17388033131136,27.22610226349149,18.0917107180695,0.4524571477456215,0.6644987425294938,12.500738997466513,41.64472097239458,35.91850839835973,0.8472996213803283,1.4465297980577947,25.972556634172022,3295.0274864317394
348,34.800000000000225,41.67582207782101,35.864285415852414,5.8104111381735875,3298.040128037841,25.953357223551457,79.15576737201908,77.76935199999997,12.519317909680488,0.1,6.564440749743255,3258.785,35.12,26.092545926866585,3269.032625874639,0.9576552851630045,1.424434916299972,0.9071999999999997,1.447,60.05347407461502,27.338023751013278,18.11545301530767,0.45522801423688547,0.6626467655562053,12.549913124163613,41.68444074974325,35.84622522123777,0.9078241717240488,1.4464213051232746,25.82177924424928,3298.048680297368
349,34.900000000000226,41.67781351985599,35.86252046495319,5.800493062523062,3301.7915859731584,25.953442174886618,79.42274945129525,77.76935199999997,12.533857498982242,0.1,6.573175032246375,3258.785,35.12,26.092545926866585,3269.032625874639,0.9576552851630045,1.424434916299972,0.9071999999999997,1.447,59.94170019545629,27.46143270608068,18.136491801027304,0.45813569879624993,0.6604350179082759,12.612599516275996,41.69317503224637,35.877690439840165,0.9074805606438293,1.4479720086895032,26.039224395113195,3301.6107370308196
350,35.00000000000023,41.67754867557349,35.86275518540151,5.803647486456835,3306.2654623554304,25.95455923622161,79.2723398558943,77.76935199999997,12.551603897275196,0.1,6.56145605210898,3258.785,35.12,26.092545926866585,3269.032625874639,1.0701280265057715,1.4360306051781409,0.9071999999999997,1.447,59.979893652080804,27.446566010291914,18.16217083935721,0.45759610994808336,0.6617283500073109,12.602621348478094,41.68145605210898,35.8430178999041,0.9095147958860862,1.4449810288373721,25.972795310422782,3306.2974819869482
351,35.10000000000023,41.67406612515552,35.86584169615013,5.808000655169337,3310.3323501240425,25.95540050488381,79.10338296243387,77.76935199999997,12.572767720397348,0.1,6.557181100660209,3258.785,35.12,26.092545926866585,3269.032625874639,1.0701280265057715,1.4360306051781409,0.9071999999999997,1.447,60.03098674115632,27.421756668739153,18.192794891414962,0.4567933688476125,0.6634438162072519,12.585956940844266,41.677181100660206,35.86768774216352,0.9060068970341361,1.4465749602045637,25.924397886839614,3310.513423230589
352,35.20000000000023,41.67144338597424,35.86816626208775,5.811865082099261,3313.942062726041,25.95541739469656,78.94792867646106,77.76935199999997,12.592006270155585,0.1,6.578998233547246,3258.785,35.12,26.126732150322866,3284.550051541244,1.0701280265057715,1.4360306051781409,0.9638999999999996,1.447,60.07465670269075,27.39771028831129,18.22063307291513,0.4560610379165786,0.6650421834954805,12.530195874503084,41.69899823354724,35.84009676661834,0.9634139272615004,1.4469610031385098,25.99251546430623,3314.0004290329985
353,35.30000000000023,41.67139073029401,35.86821293223516,5.804230646842444,3317.1311364441513,25.954769200034033,79.20978170941561,77.76935199999997,12.609082137368459,0.1,6.584334827286391,3258.785,35.12,26.126732150322866,3284.550051541244,1.0701280265057715,1.4360306051781409,1.0205999999999997,1.447,59.98696281499074,27.515035329157403,18.24534185277216,0.45868358786588537,0.6631044312502756,12.67971578812691,41.70433482728639,35.79857459174122,1.020641666956864,1.4452922743388492,25.82719325680445,3317.069320880451
354,35.40000000000023,41.673411541973906,35.86642185420508,5.797280095031734,3321.028750083406,25.954689734002052,79.49109999671856,77.76935199999997,12.624168158153706,0.1,6.613017861672283,3258.785,35.12,26.126732150322866,3284.550051541244,1.0701280265057715,1.4360306051781409,1.0205999999999997,1.447,59.908306892235636,27.64520148674388,18.267171324848412,0.46145856761521686,0.6607718642820413,12.559197418161453,41.73301786167228,35.94188350849586,1.0223871113336132,1.4479273249661222,25.788793989887722,3321.106655180547
355,35.500000000000234,41.67365928527521,35.86620227839382,5.800498832861514,3325.687574065933,25.95542258644865,79.3330405570043,77.76935199999997,12.642605950933707,0.1,6.568651301647677,3258.785,35.12,26.126732150322866,3284.550051541244,1.1814239470172176,1.4506171979018774,1.0205999999999997,1.447,59.94633927517857,27.62893628123989,18.293850811001075,0.46089447020962543,0.6621264975525909,12.627116890578623,41.688651301647674,35.852319653966674,1.0204828360958678,1.4462372073326963,25.791105892076633,3325.4936135457074
356,35.600000000000236,41.671374544487705,35.86822727815728,5.804850089626787,3329.918709960651,25.955947769635255,79.15287741077015,77.76935199999997,12.664644674916811,0.1,6.536939021561487,3258.785,35.12,26.126732150322866,3284.550051541244,1.1814239470172176,1.4506171979018774,1.0205999999999997,1.447,59.99668063393697,27.601263064340177,18.325740844604628,0.4600465021181121,0.6639457332762723,12.60624019478457,41.656939021561485,35.86159745138533,1.0212865945830876,1.4467119611044417,26.03996441038023,3329.875411879123
357,35.70000000000024,41.669737233385135,35.86967848652437,5.8087256604843915,3333.662348040333,25.95581924537552,78.98766691258345,77.76935199999997,12.684660205975389,0.1,6.542832058236051,3258.785,35.12,26.18968731519257,3306.3734193827377,1.1814239470172176,1.4506171979018774,1.0772999999999997,1.447,60.040140947232906,27.574618558250606,18.35470331804639,0.4592697172793937,0.6656376145067101,12.748446514810269,41.66283205823605,35.896140200980994,1.076856268593972,1.4463198444449528,25.910162200341997,3333.5560346071493
358,35.80000000000024,41.67013792061729,35.869323340146806,5.804037207539227,3336.958948207043,25.955165091383122,79.26252554228253,77.76935199999997,12.702369612177511,0.1,6.478920919499856,3258.785,35.12,26.18968731519257,3306.3734193827377,1.1814239470172176,1.4506171979018774,1.1339999999999997,1.447,59.98569381917401,27.69793473215802,18.38032882882086,0.4617423416932217,0.6635992541162581,12.687969112495496,41.598920919499854,35.87844185862765,1.1329029587869641,1.447468264634316,25.90768848203257,3336.9722377327193
359,35.90000000000024,41.67217731110398,35.867515767642324,5.800094238673916,3340.999279731818,25.95492185665683,79.55991306678031,77.76935199999997,12.717964290454532,0.1,6.554186772375445,3258.785,35.12,26.18968731519257,3306.3734193827377,1.1814239470172176,1.4506171979018774,1.1339999999999997,1.447,59.940614855448295,27.835517471636642,18.402894328287708,0.46438491728462034,0.6611299519414207,12.638820375672978,41.67418677237544,35.868041293631805,1.1334819362918689,1.4469610631179277,26.07657574096255,3340.998253097292
360,36.00000000000024,41.67293561968667,35.866843667788196,5.8033781986845305,3345.844302845534,25.95526658383321,79.39425414560775,77.76935199999997,12.737077215005604,0.1,6.60838794430574,3258.785,35.12,26.18968731519257,3306.3734193827377,1.2944448838783162,1.4685188062110306,1.1339999999999997,1.447,59.978487955576064,27.817840846119513,18.430550730113108,0.46379696778490315,0.6625442582717236,12.694672865207384,41.72838794430574,35.85773170568875,1.1327430104220344,1.4474052920884457,26.120220639553587,3345.834497737506
361,36.10000000000024,41.67186089824159,35.86779621079669,5.807716908157481,3350.2410746725636,25.955471410208133,79.20247842725237,77.76935199999997,12.75999676025896,0.1,6.5694717563496,3258.785,35.12,26.18968731519257,3306.3734193827377,1.2944448838783162,1.4685188062110306,1.1339999999999997,1.447,60.027947112760536,27.78711434538297,18.463715312094717,0.462902959069811,0.6644704118102353,12.784244196846627,41.6894717563496,35.862634229360474,1.1361392333109632,1.447197850558468,25.932224472979286,3350.2194481980596
362,36.200000000000244,41.671222331535134,35.868362188793995,5.811596071975012,3354.1189265893377,25.95519575097533,79.02716399464641,77.76935199999997,12.78079583768194,0.1,6.598373604240315,3258.785,35.12,26.21781127221009,3325.9774895062865,1.2944448838783162,1.4685188062110306,1.1906999999999996,1.447,60.07110649706977,27.757699616152475,18.49381157712577,0.4620807112568582,0.6662587978423126,12.766352656090938,41.71837360424031,35.8679267934383,1.1903425585275638,1.4468108143033955,25.894997557711136,3354.429290230602
363,36.300000000000246,41.672081726759316,35.86760048587517,5.809875405677596,3357.5224006734297,25.954536387880946,79.31606213988967,77.76935199999997,12.799140146967217,0.1,6.525628830803917,3258.785,35.12,26.21781127221009,3325.9774895062865,1.2944448838783162,1.4685188062110306,1.2473999999999996,1.447,60.050154117997906,27.88744204128838,18.52035579266156,0.46440250572029934,0.664110955936421,12.800771918954243,41.645628830803915,35.89136794075238,1.2461349483495516,1.4489327207999918,25.733523356249357,3357.5629480054663
364,36.40000000000025,41.67413735714237,35.86577856341657,5.808956411752552,3361.707595201008,25.954129251662852,79.63043680346918,77.76935199999997,12.81524039591508,0.1,6.510031363981533,3258.785,35.12,26.21781127221009,3325.9774895062865,1.2944448838783162,1.4685188062110306,1.2473999999999996,1.447,60.03883685293489,28.032875668727584,18.54365285288912,0.4669123710273419,0.6614966324548616,12.802552027726174,41.63003136398153,35.862397828910346,1.2456250112930165,1.4457304896463123,25.86295425032888,3361.6752832742195
365,36.50000000000025,41.6754066450159,35.864653606035894,5.812309630033125,3366.7434462851643,25.954084145153764,79.45702343626057,77.76935199999997,12.835038599786882,0.1,6.5522370024214425,3258.785,35.12,26.21781127221009,3325.9774895062865,1.4065622112118343,1.4897086564463955,1.2473999999999996,1.447,60.07658971628016,28.013729620200017,18.57230085389162,0.46630026358850685,0.662971375310897,12.806470146261352,41.67223700242144,35.85532457883892,1.2477055839034596,1.4471907027495647,26.036738949754806,3366.7919408041403
366,36.60000000000025,41.67554726906863,35.86452897340442,5.8166341516895805,3371.3100635699598,25.95396665808788,79.25322532128114,77.76935199999997,12.858860863190692,0.1,6.620911134573525,3258.785,35.12,26.21781127221009,3325.9774895062865,1.4065622112118343,1.4897086564463955,1.2473999999999996,1.447,60.1251405849887,27.9797777143114,18.60677166903693,0.4653590401965238,0.6650078445590988,12.915438526564568,41.74091113457352,35.89192707867521,1.2481205920457805,1.4473570047868507,25.901633919628026,3371.3589840004793
367,36.70000000000025,41.675913546745235,35.86420434894078,5.820516403862219,3375.325229917992,25.953542789246068,79.06745206730906,77.76935199999997,12.880463400280213,0.1,6.523751535019876,3258.785,35.12,26.249507785273412,3348.9966715635633,1.4065622112118343,1.4897086564463955,1.3040999999999996,1.447,60.1679876336286,27.947437084321077,18.63803054020547,0.46449014141036227,0.6668958761396292,12.94650632365077,41.643751535019874,35.86100464176241,1.3032103722915986,1.44450322256526,25.99961067403866,3375.426680143318
368,36.80000000000025,41.67723500024647,35.86303318376305,5.821769294683715,3378.8377182361583,25.95287804637972,79.37081189806776,77.76935199999997,12.899457280113927,0.1,6.535624639370965,3258.785,35.12,26.249507785273412,3348.9966715635633,1.4065622112118343,1.4897086564463955,1.3607999999999996,1.447,60.18059080862132,28.08385835126407,18.66551468432485,0.4666597315498745,0.6646349818056502,12.858867000750205,41.65562463937096,35.85937590559412,1.3602709021400796,1.4469129013515905,26.048363906377162,3378.9818473593627
369,36.900000000000254,41.6793074026066,35.86119651332845,5.823879119328088,3383.171058419735,25.952306874646382,79.70250566330932,77.76935199999997,12.916073224572932,0.1,6.5770148283380365,3258.785,35.12,26.249507785273412,3348.9966715635633,1.4065622112118343,1.4897086564463955,1.3607999999999996,1.447,60.203084246570235,28.237389814091745,18.68955795595703,0.4690356012067675,0.66187271837109,12.875720636341809,41.697014828338034,35.86678332940087,1.3606703279726022,1.4484740764238622,25.854948967039075,3383.2267958445123
370,37.000000000000256,41.68108808760245,35.85961841552498,5.827305742453698,3388.4019183746764,25.951871505046533,79.52113507256965,77.76935199999997,12.936572236467121,0.1,6.541117968718723,3258.785,35.12,26.249507785273412,3348.9966715635633,1.5205312084640743,1.5143718565883273,1.3607999999999996,1.447,60.24075692990302,28.21669260247824,18.719220026167925,0.46839870613364926,0.6634094324904627,12.87081229701193,41.66111796871872,35.88760009924048,1.3616455635621425,1.4457545365349775,25.880779713743124,3388.632433826496
371,37.10000000000026,41.682445395866935,35.85841555052697,5.831615790551436,3393.1420133283086,25.95143101505179,79.30496731361353,77.76935199999997,12.961316995911478,0.1,6.528299455205243,3258.785,35.12,26.249507785273412,3348.9966715635633,1.5205312084640743,1.5143718565883273,1.3607999999999996,1.467,60.28838910503917,28.179354755635167,19.01425203300214,0.46740931668515606,0.6747582475854869,12.941285159697612,41.64829945520524,35.892166424617585,1.360748867575504,1.4665115014381822,25.77241953823166,3393.0954046416255
372,37.20000000000026,41.683818667474554,35.85719855913424,5.835501405836358,3397.297186712935,25.950858449480965,79.10843786529193,78.70167199999997,12.959767482811634,0.1,6.54848119581311,3258.785,35.12,26.22528019524542,3366.1020260693394,1.5205312084640743,1.5143718565883273,1.3607999999999996,1.467,60.330921381467235,28.143944498028798,19.011978897284667,0.46649286723265926,0.6755264493438816,12.936117280839179,41.66848119581311,35.86538991062064,1.359775301500848,1.4667883560980621,25.94796565735571,3397.326404683347
373,37.30000000000026,41.685603697898145,35.85561669852582,5.8387948546739326,3398.397841728714,25.950188114403566,78.93394036539033,78.70167199999997,12.97942367065414,0.1,6.512608764664719,3258.785,35.12,26.22528019524542,3366.1020260693394,1.5205312084640743,1.5143718565883273,1.4174999999999995,1.467,60.366539816420996,28.09096249846297,19.040814524849626,0.4653399479892274,0.6778270600692826,12.923196999991307,41.63260876466472,35.8653500218347,1.4151794220270042,1.4692376061437487,25.808262014037375,3398.363433334434
374,37.40000000000026,41.68769353453544,35.85376476869518,5.840264215699618,3399.026329424431,25.94952332253414,79.37417407405101,78.70167199999997,12.984630356329399,0.1,6.601280263024208,3258.785,35.12,26.22528019524542,3366.1020260693394,1.5205312084640743,1.5143718565883273,1.4741999999999995,1.467,60.38157924237936,28.252856619304357,19.048452732735228,0.4679052282798664,0.6742133367045078,13.07201248770754,41.721280263024205,35.86364100539954,1.4758568299226564,1.4647172496429663,25.829834279712266,3399.0864240104065
375,37.50000000000026,41.68976608966757,35.85192820029075,5.842747422599378,3400.8460317251506,25.9490451407962,79.84412725431588,78.70167199999997,12.987603438571748,0.1,6.595908653094341,3258.785,35.12,26.22528019524542,3366.1020260693394,1.6311561111558286,1.538972056566313,1.4741999999999995,1.467,60.408496066152544,28.435349199546653,19.052814244384756,0.470717714415659,0.6700397491404296,13.031613091312366,41.71590865309434,35.844274746579906,1.473980480410482,1.4665944437698109,25.994282271545476,3401.125848866182
376,37.600000000000264,41.691256869053774,35.850607194166564,5.8440484671651305,3403.9373656183307,25.94867458319083,79.7651668219726,78.70167199999997,12.996211601680594,0.1,6.518245426642267,3258.785,35.12,26.22528019524542,3366.1020260693394,1.6311561111558286,1.538972056566313,1.4741999999999995,1.487,60.42231890874766,28.433050442870247,19.325366651699046,0.4705719832734497,0.6796796808885834,12.92220409288315,41.638245426642264,35.87370137271203,1.473555102043551,1.4856790759424356,25.87462313908815,3403.927543633671
377,37.700000000000266,41.69241211944427,35.849583522993285,5.846552189951001,3406.81504295052,25.948418052015548,79.63610629711374,79.63399199999998,12.98686256877453,0.1,6.5987367291510495,3258.785,35.12,26.188028516747092,3378.689306378853,1.6311561111558286,1.538972056566313,1.4741999999999995,1.5070000000000001,60.44998195838653,28.41104390836204,19.571201891143218,0.4699925953314603,0.6888589505640429,12.914760748435157,41.71873672915105,35.8546887124116,1.4735376139878333,1.5082457133867122,26.150937527292076,3406.7192046611954
378,37.80000000000027,41.69321188103633,35.84887486017731,5.84894447375108,3406.8207639608645,25.948137005767727,79.51694680938273,80.56631199999997,12.976502826300445,0.1,6.578754009981864,3258.785,35.12,26.188028516747092,3378.689306378853,1.6311561111558286,1.538972056566313,1.4741999999999995,1.5070000000000001,60.476329474717105,28.368580108652562,19.55558975923477,0.46908567955521185,0.689339744334621,13.048099790902427,41.69875400998186,35.87578766138906,1.4744531011220081,1.5069804347958373,25.96301439165448,3406.6537540752515
379,37.90000000000027,41.69408807081854,35.84809848295102,5.848764707869908,3403.981319555647,25.94778924832661,79.51345834118413,80.56631199999997,12.97652988973284,0.1,6.550381985360879,3258.785,35.12,26.188028516747092,3378.689306378853,1.6311561111558286,1.538972056566313,1.5308999999999995,1.5070000000000001,60.473489938852204,28.34369255511184,19.55563054382739,0.4686961606444671,0.6899464671303208,12.967812030672652,41.670381985360876,35.85871792316011,1.5299889344483202,1.506528536337846,26.016139924825286,3404.1335757905636
380,38.00000000000027,41.69517223941696,35.84713783078681,5.849801038940635,3401.1324358135835,25.94757979016102,80.13778377458254,80.56631199999997,12.963097802204603,0.1,6.589330262283092,3258.785,35.12,26.188028516747092,3378.689306378853,1.7421423304401389,1.5607831621267272,1.5875999999999995,1.5070000000000001,60.484698830785085,28.542334294232322,19.53538838792234,0.4718934680336879,0.6844355540979682,12.803936967701619,41.70933026228309,35.840459859858726,1.588637828597069,1.5073840661077362,26.054264272546625,3400.9805693195403
381,38.10000000000027,41.69582524619402,35.8465592255413,5.852339993781436,3399.9728947090957,25.94744644992932,80.77436660329772,80.56631199999997,12.949621061575039,0.1,6.574345553870927,3258.785,35.12,26.188028516747092,3378.689306378853,1.7421423304401389,1.5607831621267272,1.5875999999999995,1.5270000000000001,60.51304500422507,28.759255120561566,19.774071361025086,0.4752571138760836,0.6875724450487426,12.939812895898214,41.694345553870924,35.80025709640349,1.5895108332029861,1.5272078071839936,25.861199820214402,3399.9912164193256
382,38.20000000000027,41.69624094770036,35.84619089018588,5.851215807695326,3400.535863144294,25.947214435179664,80.81947224913023,81.49863199999997,12.920163121118133,0.1,6.575376752917798,3258.785,35.12,26.14536324729021,3385.429151481188,1.7421423304401389,1.5607831621267272,1.5875999999999995,1.5270000000000001,60.49981542251357,28.780079354372564,19.72908908594739,0.47570524229504907,0.6855119766356705,12.893812844433134,41.695376752917795,35.86386178283375,1.5878386329741445,1.5274040238118032,25.85103132524618,3400.6314766766727
383,38.300000000000274,41.69696427688389,35.845549983592775,5.851562599931177,3398.6981460443762,25.9471264476713,80.79408475909126,81.49863199999997,12.922826262288751,0.1,6.5596082389112595,3258.785,35.12,26.14536324729021,3385.429151481188,1.7421423304401389,1.5607831621267272,1.6442999999999994,1.5270000000000001,60.503524436315416,28.75549034521197,19.733155702514924,0.4752696741737636,0.6862395829671762,12.98062593248298,41.67960823891126,35.85048574219356,1.6435930956234048,1.5272965961459315,26.01750861962362,3398.661934152677
384,38.400000000000276,41.69723858673996,35.84530693255154,5.856504460342192,3396.791733730249,25.94711525390788,81.40167407366276,81.49863199999997,12.914132879564693,0.1,6.599176183550071,3258.785,35.12,26.14536324729021,3385.429151481188,1.7421423304401389,1.5607831621267272,1.6442999999999994,1.5270000000000001,60.559276032941206,28.955487015528075,19.719880907095288,0.4781346296111226,0.6810412443251267,12.962745899691837,41.71917618355007,35.8527777202857,1.6444541699058626,1.5270919740220743,25.866731847594586,3396.75362063615
385,38.50000000000028,41.6972734844168,35.84527601167759,5.854793515512949,3396.5293783139064,25.94677011150404,81.47815591281704,81.49863199999997,12.905114531812853,0.1,6.5896012189927475,3258.785,35.12,26.14536324729021,3385.429151481188,1.853432485097777,1.5804171863645626,1.6442999999999994,1.5270000000000001,60.53915968431068,28.98045394802357,19.706109890078228,0.47870591694939135,0.6799793379848751,12.932408880202647,41.709601218992745,35.891374670031745,1.6435277157867016,1.5283721059390198,25.899062065621333,3396.559992718645
386,38.60000000000028,41.698349500375,35.84432262084011,5.854325667045726,3396.473972710869,25.94655907414717,81.48461157856696,81.49863199999997,12.903873450667067,0.1,6.596928499443841,3258.785,35.12,26.14536324729021,3385.429151481188,1.853432485097777,1.5804171863645626,1.6442999999999994,1.5470000000000002,60.53338690048628,28.98227734455938,19.962292228181955,0.47878169103943796,0.6887758332741689,12.834676314603236,41.71692849944384,35.83400800027616,1.643530535535128,1.5468111071847166,26.001554644452494,3396.443564301764
387,38.70000000000028,41.69900743043878,35.84373967616636,5.854133378961342,3396.4360352916055,25.946536522515576,81.48433920139243,82.43095199999998,12.879638660440275,0.1,6.566579383177881,3258.785,35.12,26.081766321193005,3385.9367745349473,1.853432485097777,1.5804171863645626,1.6442999999999994,1.5470000000000002,60.531164022303464,28.981856745253122,19.924801007701106,0.4787923248027148,0.6874922191092725,12.804721510539563,41.68657938317788,35.82592332878012,1.6425783020275435,1.5459262314769653,26.00270122012704,3396.378735709956
388,38.80000000000028,41.699077737405446,35.84367738248271,5.854084241289623,3393.8746253659224,25.946622141937997,81.48559658658147,82.43095199999998,12.879459196198887,0.1,6.562265483921884,3258.785,35.12,26.081766321193005,3385.9367745349473,1.853432485097777,1.5804171863645626,1.7009999999999994,1.5470000000000002,60.53080916984756,28.960447064920505,19.92452337651968,0.47844143275300344,0.6879908770695067,12.87136754205167,41.68226548392188,35.77893849360242,1.7011988648056544,1.5478494149182696,25.906490607377922,3393.9194572897004
389,38.90000000000028,41.698810810294106,35.843913886687474,5.859914477265259,3391.3166177594435,25.946721478452115,82.13452929251777,82.43095199999998,12.867342360153689,0.1,6.5628964630001505,3258.785,35.12,26.081766321193005,3385.9367745349473,1.853432485097777,1.5804171863645626,1.7576999999999994,1.5470000000000002,60.59684451215774,29.16907976089397,19.90577863115776,0.4813630147860535,0.6824273783859574,12.868287866727796,41.68289646300015,35.87897110039064,1.7570390492915091,1.5473472459236517,26.193141025985614,3391.0072400967115
390,39.000000000000284,41.698501118777685,35.84418828222,5.867181495044514,3390.5145368386493,25.94634276777143,82.7938536436857,82.43095199999998,12.85524161889424,0.1,6.511990544555701,3258.785,35.12,26.081766321193005,3385.9367745349473,1.9612806078947174,1.5987946674258524,1.7576999999999994,1.5470000000000002,60.67797885784229,29.39627662679242,19.887058784429392,0.4844636749629164,0.6765162485341386,12.787840951648207,41.6319905445557,35.884235586773535,1.7575897275245635,1.548556019030592,25.94952216713348,3390.3962392573912
391,39.100000000000286,41.6996817871958,35.843142181897505,5.866202479579095,3391.4965010309256,25.94537147802614,82.821433338173,82.43095199999998,12.851447348045674,0.1,6.573092181810765,3258.785,35.12,26.081766321193005,3385.9367745349473,1.9612806078947174,1.5987946674258524,1.7576999999999994,1.5670000000000002,60.66465821387186,29.414585518469043,20.138217994387574,0.48487185759406404,0.6846337502101821,12.855863945040392,41.69309218181076,35.832482581964946,1.7580360326363473,1.5676193229490991,26.1927734855199,3391.4366843635016
392,39.20000000000029,41.702709880105715,35.84045928929747,5.866411954855728,3392.553092254773,25.94464215175576,82.7704389707709,83.36327199999998,12.832119870624236,0.1,6.5746835577225795,3258.785,35.12,26.034199579212647,3386.097910732134,1.9612806078947174,1.5987946674258524,1.7576999999999994,1.5670000000000002,60.665317002248486,29.405632743953902,20.10793183726818,0.4847190156916846,0.6838122482299781,12.790234277870987,41.69468355772258,35.829533675185736,1.757179843024728,1.5666606160354133,26.02918251367549,3392.352631256464
393,39.30000000000029,41.70498362768625,35.83844481324909,5.866855354845505,3390.948963927358,25.944328063832,82.71935339663102,83.36327199999998,12.837118111045573,0.1,6.597952706385918,3258.785,35.12,26.034199579212647,3386.097910732134,1.9612806078947174,1.5987946674258524,1.8143999999999993,1.5670000000000002,60.669586604227966,29.373588186803858,20.115764080008415,0.48415672218799755,0.6848248825468813,12.855948298194741,41.717952706385915,35.8615109716,1.8151641880410019,1.5682285513363214,25.993985637237905,3390.9567003689317
394,39.40000000000029,41.70596282819736,35.83757728673552,5.876103396318183,3389.2066047447784,25.94430417226219,83.34579232374932,83.36327199999998,12.829529727888367,0.1,6.575311971395841,3258.785,35.12,26.034199579212647,3386.097910732134,1.9612806078947174,1.5987946674258524,1.8710999999999993,1.5670000000000002,60.77390004907144,29.580829013843594,20.103873083601073,0.48673573672182907,0.6796250731915803,12.906021072488466,41.69531197139584,35.86520919909588,1.870791380958777,1.5686316690248214,25.912619146975576,3389.2541297190883
395,39.50000000000029,41.70603731255541,35.8375112974577,5.886852832140482,3389.159307036241,25.94372165052651,83.99169991771231,83.36327199999998,12.821287439008529,0.1,6.549374510880774,3258.785,35.12,26.034199579212647,3386.097910732134,2.0686863319745337,1.6182337233024318,1.8710999999999993,1.5670000000000002,60.893846170378524,29.809656514016737,20.09095741692637,0.4895347952009883,0.6739748043550734,12.843156150237197,41.66937451088077,35.83784498079375,1.872279808202666,1.5674958164067505,26.009256464336204,3389.259616007749
396,39.60000000000029,41.70785338231856,35.835902372648285,5.886401277411927,3390.8597504576405,25.942338394495923,83.98649588072095,83.36327199999998,12.821063695603026,0.1,6.568337835357454,3258.785,35.12,26.034199579212647,3386.097910732134,2.0686863319745337,1.6182337233024318,1.8710999999999993,1.5870000000000002,60.885503797623365,29.822765016066004,20.347028084922005,0.4898171675673992,0.6822649769047482,12.829681993795012,41.68833783535745,35.87196196569524,1.8695005202835528,1.5878632502036254,26.06869857171901,3390.8187352719597
397,39.700000000000294,41.712165821319516,35.832081964766616,5.886958753065753,3392.5461124383255,25.94124772938203,83.901714656823,84.29559199999997,12.80513500840797,0.1,6.603303143764236,3258.785,35.12,26.03107492397057,3389.457935567286,2.0686863319745337,1.6182337233024318,1.8710999999999993,1.5870000000000002,60.889234738546016,29.807476709066176,20.32174925834345,0.48953607049024894,0.6817668418126258,12.823944525324249,41.723303143764234,35.80547268383936,1.871358046667102,1.586551088895636,25.826594589200262,3392.698734612321
398,39.800000000000296,41.71556607887858,35.82906980589407,5.887709969620503,3391.4803320708943,25.94072883174482,83.82104093272935,84.29559199999997,12.813112400635557,0.1,6.661210765006302,3258.785,35.12,26.03107492397057,3389.457935567286,2.0686863319745337,1.6182337233024318,1.9277999999999993,1.5870000000000002,60.89649351339025,29.76946090913914,20.33440937980863,0.4888534493795324,0.6830627347224156,12.785451755120102,41.7812107650063,35.873595946247974,1.9283066068971306,1.5870996183907953,25.941882316046268,3391.3354011675306
399,39.9000000000003,41.71718379415235,35.827636777906285,5.900129583795062,3390.196259199982,25.940637225374378,84.4442623544892,84.29559199999997,12.808070690660568,0.1,6.615036624865702,3258.785,35.12,26.03107492397057,3389.457935567286,2.0686863319745337,1.6182337233024318,1.9844999999999993,1.5870000000000002,61.03642093857196,29.979446072735467,20.326408186078325,0.4911730670267719,0.678011466147935,12.817100259419272,41.7350366248657,35.85220122218886,1.9851089272424036,1.587339615248656,25.931259395053328,3390.1324447778316
400,40.0000000000003,41.71746938617285,35.82738379362083,5.914078664462513,3390.5985416561284,25.93983848327164,85.09190097502037,84.29559199999997,12.801996340635245,0.1,6.639171886328512,3258.785,35.12,26.03107492397057,3389.457935567286,2.176243703362879,1.6385179639784768,1.9844999999999993,1.5870000000000002,61.1919376277966,30.212955733373228,20.316768192588135,0.49374079175503854,0.6724521881235948,12.82241804989821,41.75917188632851,35.80992943788357,1.9841615032647355,1.58833820819544,25.969499754330286,3390.6979272832746
401,40.1000000000003,41.71995954455234,35.82517798924947,5.913870838483545,3392.75324917279,25.93802755443795,85.06600227783579,84.29559199999997,12.803899351362311,0.1,6.548862051852382,3258.785,35.12,26.03107492397057,3389.457935567286,2.176243703362879,1.6385179639784768,1.9844999999999993,1.6070000000000002,61.185320791700526,30.222954403814715,20.575866257639237,0.49395760311048825,0.680802610582709,12.828323740348019,41.66886205185238,35.87102617632086,1.9830004925566196,1.6069260072218094,26.10078758539889,3392.6705590295805
402,40.2000000000003,41.72560529628424,35.820177183868864,5.91452336752625,3394.837878215837,25.936586749631658,84.95773930965468,85.22791199999998,12.790119575791403,0.1,6.611434545273852,3258.785,35.12,26.01411090305303,3393.429369575108,2.176243703362879,1.6385179639784768,1.9844999999999993,1.6070000000000002,61.1892840354785,30.20303627012345,20.553722158296786,0.49360009266673655,0.680518407966431,12.855264833539858,41.73143454527385,35.86181140246011,1.9841206514886713,1.6064626972641154,25.88184467186125,3394.923226852148
403,40.3000000000003,41.73009714934835,35.816198710132795,5.915378731670808,3394.1068263943143,25.93590026564197,84.85681327836008,85.22791199999998,12.799980983790329,0.1,6.607709596976321,3258.785,35.12,26.01411090305303,3393.429369575108,2.176243703362879,1.6385179639784768,2.0411999999999995,1.6070000000000002,61.197314625991865,30.16066013929889,20.56956944095106,0.4928428693910204,0.681999974335748,12.820910423626186,41.72770959697632,35.84972873830846,2.040288911541361,1.6063917342205214,26.059172598644633,3394.1438443143775
404,40.400000000000304,41.7322373318346,35.81430320942988,5.930807988660726,3393.1026819855183,25.935788537377263,85.48543572840123,85.22791199999998,12.79652271849155,0.1,6.627844894516997,3258.785,35.12,26.01411090305303,3393.429369575108,2.176243703362879,1.6385179639784768,2.0978999999999997,1.6070000000000002,61.37112162711619,30.375102324219167,20.564012008615922,0.49494129354152533,0.6770022299552714,12.800839424341438,41.747844894516994,35.81930807785453,2.098354019960179,1.6074229442392385,26.041978252098787,3393.0913998553115
405,40.500000000000306,41.732585655872654,35.81399471316692,5.947827926563131,3393.7995073770576,25.934816854564364,86.14256806318721,85.22791199999998,12.791772579497755,0.1,6.615694948230782,3258.785,35.12,26.01411090305303,3393.429369575108,2.284779103400382,1.6597009267496101,2.0978999999999997,1.6070000000000002,61.56083162882816,30.61488373567493,20.556378535252893,0.4973110811800399,0.6714504850886938,12.775039018594029,41.73569494823078,35.81295085542819,2.0993248927089385,1.6075739806364204,25.864760122486466,3393.834000165373
406,40.60000000000031,41.73561497421015,35.81131182664353,5.947753506709055,3396.2744465731894,25.932610130170133,86.1026792282182,85.22791199999998,12.795068935515099,0.1,6.644125043490078,3258.785,35.12,26.01411090305303,3393.429369575108,2.284779103400382,1.6597009267496101,2.0978999999999997,1.6270000000000002,61.554754090790745,30.62302299352092,20.81757715808307,0.4974924105513152,0.6798015062878526,12.789061370191106,41.764125043490075,35.82037713079674,2.098327890683204,1.627070148552358,26.10034123155579,3396.0631727391333
407,40.70000000000031,41.7424946581816,35.805219274337915,5.948396991862252,3398.6414518200195,25.93084016375275,85.97656784959793,86.16023199999998,12.782804026704763,0.1,6.631338832878654,3258.785,35.12,26.01973855650347,3398.286285864416,2.284779103400382,1.6597009267496101,2.0978999999999997,1.6270000000000002,61.55781114339164,30.599481797250004,20.797622151448653,0.4970852801437681,0.679672364690756,12.856454061247893,41.75133883287865,35.813665909902255,2.09843760224231,1.6280093727765323,25.964126428639762,3398.6574160165032
408,40.80000000000031,41.74801270548443,35.80033294316648,5.949262321805825,3398.14448074745,25.930000736408353,85.86018501084232,86.16023199999998,12.794001224859727,0.1,6.59619960743305,3258.785,35.12,26.01973855650347,3398.286285864416,2.284779103400382,1.6597009267496101,2.1546,1.6270000000000002,61.5655787555566,30.553592179738782,20.81583999284678,0.49627718600763043,0.6812894493843029,12.7923577530289,41.71619960743305,35.76985110772649,2.153747063058619,1.6260468725461865,25.933632327787286,3398.221745887365
409,40.90000000000031,41.75062970417332,35.79801565986103,5.967615318157023,3397.3325929963758,25.929881289318864,86.49837714887026,86.16023199999998,12.791650286438994,0.1,6.65040402381679,3258.785,35.12,26.01973855650347,3398.286285864416,2.284779103400382,1.6597009267496101,2.2113,1.6270000000000002,61.77230382491488,30.77334052428037,20.812015016036245,0.49817375456002394,0.6763001566117083,12.744041924504431,41.77040402381679,35.765021961832055,2.211226574788479,1.6279893160964147,25.912632697137134,3397.2670706213607
410,41.00000000000031,41.75100209241951,35.79768592598891,5.987633558629877,3398.2475693646566,25.928749035831324,87.16866607091366,86.16023199999998,12.787809624049025,0.1,6.633391077518269,3258.785,35.12,26.01973855650347,3398.286285864416,2.3864772606106284,1.6818411326000369,2.2113,1.6270000000000002,61.99538805294637,31.020159925823954,20.80576625832777,0.5003623801714344,0.6707175690930977,12.777314136954036,41.753391077518266,35.81698665942275,2.2121744739975835,1.6274519724291185,25.986526731040765,3398.1874961882054
411,41.100000000000314,41.75453200589227,35.794560413955075,5.98763078866613,3400.976259534951,25.926158856663665,87.1179544682573,86.16023199999998,12.792137950619686,0.1,6.662703731720278,3258.785,35.12,26.01973855650347,3398.286285864416,2.3864772606106284,1.6818411326000369,2.2113,1.6470000000000002,61.98916372089484,31.027007270535456,21.068651204670626,0.5005230819088645,0.6790423266080934,12.782088215025707,41.782703731720275,35.75264619447654,2.2119822769147017,1.645830381896884,26.14773258778061,3400.739923674623
412,41.200000000000315,41.762607148465364,35.78741090623489,5.988207459269605,3403.567730767806,25.924071219154808,86.9766779545227,87.09255199999998,12.78107341935119,0.1,6.659239728408217,3258.785,35.12,25.976249411108807,3397.741412970993,2.3864772606106284,1.6818411326000369,2.2113,1.6470000000000002,61.99067517685157,31.000295301981847,21.050427921671414,0.5000799751501644,0.679039593546248,12.730649191566231,41.779239728408214,35.785918493819395,2.2124156543326645,1.6469956363080676,26.066593402583262,3403.4327877947267
413,41.30000000000032,41.76911556716297,35.7816490522904,5.98903348097798,3403.2541908170983,25.923089169495412,86.84719054675307,87.09255199999998,12.793332461423878,0.1,6.630931367202926,3258.785,35.12,25.976249411108807,3397.741412970993,2.3864772606106284,1.6818411326000369,2.2680000000000002,1.6470000000000002,61.997641354049456,30.951291773633617,21.07061856396513,0.49923337561957093,0.6807670167070213,12.764096249877573,41.750931367202924,35.77040893082951,2.2682643634726416,1.646228506402278,25.823201630457135,3403.1679921872533
414,41.40000000000032,41.77217720518111,35.778938767729954,6.010265790037948,3402.590274945,25.922970899350087,87.49704511243004,87.09255199999998,12.791849250111918,0.1,6.623820887968094,3258.785,35.12,25.976249411108807,3397.741412970993,2.3864772606106284,1.6818411326000369,2.3247000000000004,1.6470000000000002,62.23677993623121,31.17680886542194,21.06817571493433,0.5009386555243731,0.6757643415616199,12.738885086790319,41.74382088796809,35.79105650254484,2.3259475129321925,1.6483048369737747,25.91703937630813,3402.5850766477015
415,41.50000000000032,41.772545924186176,35.77861236983039,6.0332460551768605,3403.684780189988,25.92168572320108,88.18235803464641,87.09255199999998,12.788708573686266,0.1,6.571486852661742,3258.785,35.12,25.976249411108807,3397.741412970993,2.482912570054462,1.7051109248529073,2.3247000000000004,1.6470000000000002,62.49281347032627,31.431105620506585,21.063003020861284,0.5029555220046407,0.6701324247123893,12.763026547916688,41.69148685266174,35.76573342627346,2.3252349332477613,1.646857369766272,25.978713260819184,3403.775811212736
416,41.60000000000032,41.77655258934831,35.775065680686005,6.033283682283074,3406.6336522085353,25.918718527440284,88.12241907639425,87.09255199999998,12.793886167663379,0.1,6.6848154562702575,3258.785,35.12,25.976249411108807,3397.741412970993,2.482912570054462,1.7051109248529073,2.3247000000000004,1.6670000000000003,62.486084285803656,31.43695405293445,21.327408241494854,0.5031032815105791,0.678418405472208,12.825481809979848,41.804815456270255,35.72560748266748,2.3247383239883503,1.6689955763185698,26.007990877069208,3406.563593888206
417,41.70000000000032,41.78580311885217,35.76687780867191,6.033760866183018,3409.4203372771194,25.916318597394522,87.96726883146752,88.02487199999999,12.783863214054382,0.1,6.659765556027573,3258.785,35.12,25.97511451501162,3400.104986084232,2.482912570054462,1.7051109248529073,2.3247000000000004,1.6670000000000003,62.485677897728166,31.40727616325144,21.31069997782866,0.5026315984705566,0.6785274809269697,12.751427944501488,41.77976555602757,35.71731807825068,2.324618861596557,1.668709713768717,25.93312487024857,3409.405502879776
418,41.800000000000324,41.79328514076285,35.76025597202541,6.03451947632532,3409.2644706674064,25.915198851818406,87.8258047597952,88.02487199999999,12.797045721761197,0.1,6.717646195592451,3258.785,35.12,25.97511451501162,3400.104986084232,2.482912570054462,1.7051109248529073,2.3814000000000006,1.6670000000000003,62.49152986398651,31.355335207351867,21.33267521817592,0.5017533620251752,0.6803523252774557,12.757419879815675,41.83764619559245,35.77319930212111,2.3820435654640857,1.6668618798901518,25.759402036541037,3409.224865072314
419,41.900000000000325,41.796776059570945,35.75716660330411,6.05860507169921,3408.7258208565345,25.915086367639972,88.4883423742686,88.02487199999999,12.796308389506848,0.1,6.6985365729696085,3258.785,35.12,25.97511451501162,3400.104986084232,2.482912570054462,1.7051109248529073,2.438100000000001,1.6670000000000003,62.7627719037796,31.586881237815334,21.33144608530792,0.5032741588634831,0.6753261243079053,12.811890082326281,41.818536572969606,35.7768607898145,2.4381356776834346,1.667126092420743,25.90729994966941,3408.8297501621946
420,42.00000000000033,41.79712674024563,35.75685626777039,6.084527379161943,3409.9799108272787,25.91365263260894,89.18962349361618,88.02487199999999,12.79376028840883,0.1,6.671708023516068,3258.785,35.12,25.97511451501162,3400.104986084232,2.5782991133214446,1.7295629740198926,2.438100000000001,1.6670000000000003,63.0515016888431,31.848924294730526,21.327198400777522,0.5051255472376189,0.6696363809155763,12.824792813880808,41.791708023516065,35.776149607826206,2.4380977710754506,1.6662297561630006,25.908767388524193,3410.2479732446404
421,42.10000000000033,41.801596552578374,35.75290081680218,6.084588612109775,3413.1315754161064,25.910312247154845,89.12126399864925,88.02487199999999,12.799692803313636,0.1,6.6936418463317295,3258.785,35.12,25.97511451501162,3400.104986084232,2.5782991133214446,1.7295629740198926,2.438100000000001,1.6870000000000003,63.044064211551344,31.85392736766078,21.59308175919011,0.5052644966030647,0.6778781627132157,12.902612905456584,41.81364184633173,35.74298728613686,2.4367789347766853,1.6879315634912082,25.882164748231475,3413.2553295118423
422,42.20000000000033,41.81201053827006,35.743686064059666,6.084946216182442,3416.0982681883897,25.907603154925262,88.95285033749995,88.95719199999998,12.790629166798182,0.1,6.678620224356223,3258.785,35.12,25.943134588006764,3401.715498359312,2.5782991133214446,1.7295629740198926,2.438100000000001,1.6870000000000003,63.04150259593254,31.82136767037938,21.577791404388535,0.504768547068745,0.6780912633266237,12.741195158163816,41.79862022435622,35.76261885224976,2.439985341063334,1.6877472082317901,25.930654654361867,3416.127466006471
423,42.30000000000033,41.820456404205004,35.73621366263755,6.085620253405361,3416.0865202198033,25.906348593111936,88.7999462008683,88.95719199999998,12.804663207018683,0.1,6.628954162777511,3258.785,35.12,25.943134588006764,3401.715498359312,2.5782991133214446,1.7295629740198926,2.494800000000001,1.6870000000000003,63.04604560290877,31.766559573255194,21.601466830240522,0.5038628397621432,0.6800064948936795,12.835708306219146,41.74895416277751,35.72143733944085,2.494996582977944,1.6873041959650703,25.94728389796321,3416.1686658240887
424,42.40000000000033,41.82436762611424,35.73275351008354,6.112542615589716,3415.661033736565,25.906244622435928,89.47566885818702,88.95719199999998,12.804607632857048,0.1,6.670845288659926,3258.785,35.12,25.943134588006764,3401.715498359312,2.5782991133214446,1.7295629740198926,2.494800000000001,1.6870000000000003,63.34918075943174,32.004300264464376,21.601373076629844,0.5052046432297298,0.674952206363802,12.975006992895763,41.79084528865992,35.794328608411256,2.4957569829981323,1.6886466675373655,25.80054830838492,3415.739589210292
425,42.500000000000334,41.82469176509376,35.73246676058761,6.112064654983561,3417.063964029448,25.904664998807963,89.4911285396841,88.95719199999998,12.802594854697196,0.1,6.752107983902221,3258.785,35.12,25.943134588006764,3401.715498359312,2.6732056255759775,1.7551484972010845,2.494800000000001,1.6870000000000003,63.33993225560234,32.02297754033021,21.597977519874174,0.5055732837083642,0.6744525081302437,12.812804388146088,41.87210798390222,35.759163965035945,2.4945544511402935,1.6841972280440283,25.982838988132364,3417.0876776909186
426,42.600000000000335,41.8296163997163,35.72811032492582,6.112146685424612,3418.508726190327,25.90316755841209,89.41482912842156,88.95719199999998,12.809231463765995,0.1,6.761213751619643,3258.785,35.12,25.943134588006764,3401.715498359312,2.6732056255759775,1.7551484972010845,2.494800000000001,1.7070000000000003,63.33719513038582,32.009203038132334,21.865358108648557,0.5053776532452732,0.6830959859450582,12.764538850275779,41.88121375161964,35.69191927893793,2.4956484446088822,1.7066711274907536,26.05528560642471,3418.42806398335
427,42.70000000000034,41.83428481989448,35.72398078723475,6.112332099177462,3419.7470321638193,25.902364435382353,89.33794174693205,89.88951199999998,12.792093267744374,0.1,6.7620544483879,3258.785,35.12,25.980861690016738,3408.2054369336483,2.6732056255759775,1.7551484972010845,2.494800000000001,1.7070000000000003,63.337320487287016,31.993263384766863,21.83610320803965,0.5051249901105069,0.6825219092353235,12.835479824427546,41.8820544483879,35.786731895047666,2.4950957826068456,1.7054998409623912,25.856071233449708,3419.8651068882027
428,42.80000000000034,41.83678863625198,35.72176608836708,6.112864967887356,3418.254555490149,25.90221136268923,89.27835842776747,89.88951199999998,12.797951115917815,0.1,6.704065925832495,3258.785,35.12,25.980861690016738,3408.2054369336483,2.6732056255759775,1.7551484972010845,2.551500000000001,1.7070000000000003,63.342950153083756,31.957972225581095,21.846102554871713,0.5045229524098077,0.6835885080776424,12.791157407002524,41.82406592583249,35.74470502394516,2.552017426305653,1.7058850551580207,25.8613588077628,3418.1888737111544
429,42.90000000000034,41.83726585568006,35.72134398160344,6.14066186603645,3416.6008541791844,25.902374210691484,90.03747045859154,89.88951199999998,12.790890904674463,0.1,6.715925061691017,3258.785,35.12,25.980861690016738,3408.2054369336483,2.6732056255759775,1.7551484972010845,2.6082000000000014,1.7070000000000003,63.65654492280824,32.21411078509281,21.834050774279312,0.506061251426017,0.6777790925206322,12.82961503175011,41.835925061691015,35.69123486555519,2.6091133338234496,1.706901818666328,25.996162907047893,3416.6938128242086
430,43.00000000000034,41.83675816074823,35.7217930444295,6.16998146493599,3417.0012103385166,25.900506906456645,90.81761212306944,89.88951199999998,12.78306801484657,0.1,6.723249537077159,3258.785,35.12,25.980861690016738,3408.2054369336483,2.7621671672712633,1.7790062354924525,2.6082000000000014,1.7070000000000003,63.98228538857835,32.497041788475464,21.8206971013431,0.5079068618933171,0.6714671828708251,12.898810226129351,41.843249537077156,35.704978812363095,2.6073771651235225,1.7068173342708974,26.155552711440194,3416.9894420498067
431,43.10000000000034,41.84257966843077,35.71664401394727,6.1688811171916464,3419.512527395242,25.896354428924507,90.77689359241386,89.88951199999998,12.784961913161585,0.1,6.729995660733856,3258.785,35.12,25.980861690016738,3408.2054369336483,2.7621671672712633,1.7790062354924525,2.6082000000000014,1.7270000000000003,63.9596323929377,32.5063444938428,22.07962922403006,0.5082321970542172,0.679240608805222,12.800444657785395,41.84999566073385,35.72930390958068,2.6092149221442447,1.727456379378954,25.94879549736857,3419.4897929975464
432,43.200000000000344,41.855525432384965,35.70519502327228,6.167954576891748,3421.9136654550916,25.893113027532287,90.622338991397,90.82183199999999,12.772869091047747,0.1,6.733391569176433,3258.785,35.12,25.93596854819157,3410.278646363843,2.7621671672712633,1.7790062354924525,2.6082000000000014,1.7470000000000003,63.94119078469216,32.47378663536815,22.31420230206042,0.5078695944952989,0.6871450672696534,12.769509996097801,41.85339156917643,35.789512803280076,2.6104476158008505,1.7474334130365883,25.838861501450186,3421.8688271358424
433,43.300000000000345,41.86563082536534,35.6962592791168,6.167645639601932,3421.373863570845,25.891782805469855,90.48424197573979,91.75415199999999,12.760255063473046,0.1,6.749401338557625,3258.785,35.12,25.93596854819157,3410.278646363843,2.7621671672712633,1.7790062354924525,2.6082000000000014,1.7470000000000003,63.934426424643775,32.41918579392562,22.292165595887415,0.5070693147163281,0.6876226237632499,12.720216823054571,41.86940133855762,35.68032815399604,2.6084838681230584,1.7464071614669556,25.725081321613768,3421.491695425493
434,43.40000000000035,41.86977792566718,35.692592508692584,6.16608521252573,3417.937653807308,25.89191307199522,90.48779040742414,91.75415199999999,12.757701512453071,0.1,6.780980936430119,3258.785,35.12,25.93596854819157,3410.278646363843,2.7621671672712633,1.7790062354924525,2.6649000000000016,1.7470000000000003,63.9171733614269,32.38789610526214,22.28770454225552,0.5067166522230436,0.6881491922111723,12.826199237747897,41.900980936430116,35.68974170313866,2.6640638382856627,1.7466063811162622,25.988648483964965,3417.916013728159
435,43.50000000000035,41.86937180674771,35.692951581352496,6.195070259707472,3414.5110456339353,25.892750883859048,91.34765261948993,91.75415199999999,12.741446406269478,0.1,6.803160613275381,3258.785,35.12,25.93596854819157,3410.278646363843,2.8498270571188526,1.8023463860771791,2.6649000000000016,1.7470000000000003,64.24570404858085,32.66288419387218,22.259306871752784,0.5084057319875178,0.6814862625000155,12.806635865789431,41.92316061327538,35.6690442853103,2.66457423181423,1.7471448287942257,25.78083418356636,3414.641646427446
436,43.60000000000035,41.86675984448104,35.695261007796645,6.192517925995109,3413.411111690982,25.89134323230816,91.49396874172874,91.75415199999999,12.725236720732,0.1,6.776267096120648,3258.785,35.12,25.93596854819157,3410.278646363843,2.8498270571188526,1.8023463860771791,2.6649000000000016,1.7670000000000003,64.2134656382071,32.704663259975696,22.485493285533448,0.5093116052050675,0.6875317170151519,12.682731060593202,41.896267096120646,35.68550179772765,2.664636095655572,1.7647107070577561,25.92897583927097,3413.307537798067
437,43.70000000000035,41.87114833895609,35.69138086228487,6.19036201834798,3412.707089960859,25.889756771223364,91.5183954005664,92.68647199999998,12.696060753963174,0.1,6.788108741341347,3258.785,35.12,25.906232002241488,3407.4563473149615,2.8498270571188526,1.8023463860771791,2.6649000000000016,1.7670000000000003,64.1852515674501,32.70664741550367,22.43393935225293,0.5095663975256585,0.6859137553064749,12.679352050375641,41.908108741341344,35.77936180412261,2.666291197038733,1.7653052323766825,25.697261414344013,3412.7748936394396
438,43.80000000000035,41.87609429003405,35.68700808697943,6.188435241263765,3409.5464280723354,25.888957125347517,91.52481597656251,92.68647199999998,12.692730355423436,0.1,6.735945689705147,3258.785,35.12,25.906232002241488,3407.4563473149615,2.8498270571188526,1.8023463860771791,2.721600000000002,1.7670000000000003,64.16157073736906,32.67864876138418,22.428054538033216,0.509318091590165,0.6863213562409005,12.676702860436356,41.855945689705145,35.68092847208735,2.7226652872479264,1.7675423469767921,26.020603219677252,3409.3853882558565
439,43.900000000000354,41.87858726601658,35.6848041182571,6.218336404193004,3406.40313941932,25.889006258092213,92.37098835327106,92.68647199999998,12.67777873775633,0.1,6.793886428441986,3258.785,35.12,25.906232002241488,3407.4563473149615,2.8498270571188526,1.8023463860771791,2.778300000000002,1.7670000000000003,64.49842458522987,32.950366714510984,22.40163502961544,0.5108708767137331,0.6798599610046223,12.635374516045257,41.913886428441984,35.641072089983496,2.779018405402489,1.7679437393377675,25.830098508738853,3406.256401390248
440,44.000000000000355,41.87843408977173,35.684939535028754,6.250353910273653,3405.5494820999693,25.88715304812384,93.23815230803015,92.68647199999998,12.662909304765762,0.1,6.803309857210579,3258.785,35.12,25.906232002241488,3407.4563473149615,2.9362710344532346,1.822178369542587,2.778300000000002,1.7670000000000003,64.85434707931567,33.25136444326497,22.375360741521106,0.5127083370772226,0.672915566508526,12.711169624987768,41.923309857210576,35.68182301626763,2.778406743473108,1.767076017235717,25.85761848464399,3405.425759882223
441,44.10000000000036,41.88421165716913,35.679832005035834,6.248048823292163,3407.0422565679155,25.88286146567122,93.24646117793127,92.68647199999998,12.658871050024246,0.1,6.773768793441796,3258.785,35.12,25.906232002241488,3407.4563473149615,2.9362710344532346,1.822178369542587,2.778300000000002,1.7870000000000004,64.81764291402456,33.26890418583868,22.621402566393332,0.5132692688311303,0.6799563472253592,12.600058771569202,41.893768793441794,35.648563235247934,2.7797138360314437,1.7875250818026287,25.87186587623116,3407.0493185339683
442,44.20000000000036,41.89759109462341,35.668005614569545,6.245971047078198,3408.5575137467094,25.8795654408233,93.12944183407205,93.61879199999998,12.641959977840578,0.1,6.807870983994533,3258.785,35.12,25.897961241071478,3405.8482267883237,2.9362710344532346,1.822178369542587,2.778300000000002,1.7870000000000004,64.78599842838275,33.241931016509696,22.59118248040112,0.5131036307676382,0.6795989820561612,12.615876770239733,41.92787098399453,35.65835878019921,2.779211850797452,1.7871414734544449,25.858321082093166,3408.3620798513257
443,44.30000000000036,41.90786678168929,35.658924031213694,6.244721111682176,3407.233396458219,25.878328704823364,93.02505511735905,93.61879199999998,12.649127953031766,0.1,6.730989844533674,3258.785,35.12,25.897961241071478,3405.8482267883237,2.9362710344532346,1.822178369542587,2.835000000000002,1.7870000000000004,64.76883207920723,33.19177190725023,22.60399165206777,0.5124651910761534,0.6810119000344865,12.677940290279722,41.85098984453367,35.65851102764586,2.833344784048961,1.788574999335892,25.82902919862535,3407.1464937193136
444,44.40000000000036,41.91172242984268,35.65551673361652,6.278766258287431,3405.6268224221635,25.878647342113535,93.81286519958742,93.61879199999998,12.642864171538463,0.1,6.754065551760348,3258.785,35.12,25.897961241071478,3405.8482267883237,2.9362710344532346,1.822178369542587,2.8917000000000024,1.7870000000000004,65.15287573358495,33.4570831250111,22.592798274539238,0.5135165984356493,0.6752769866435193,12.591035198865875,41.874065551760346,35.67451486483664,2.8923546603390844,1.7869699520420517,25.69651891563761,3405.673824285892
445,44.50000000000036,41.91072904622685,35.65639458694565,6.315238560777981,3406.1519590149323,25.876944535049336,94.64341382593658,93.61879199999998,12.635264218874049,0.1,6.802602804227007,3258.785,35.12,25.897961241071478,3405.8482267883237,3.014430696729445,1.844668174714815,2.8917000000000024,1.7870000000000004,65.55913033123227,33.75849164971465,22.57921715912793,0.514931962629043,0.6688455572427444,12.656423926599551,41.922602804227004,35.623598592105836,2.892720173745547,1.784679851014641,25.788329528603924,3406.328277712666
446,44.600000000000364,41.91603771753019,35.65170343835915,6.314330097740245,3408.9244511245743,25.872347666674084,94.59937038861698,93.61879199999998,12.637748395238056,0.1,6.787668122190055,3258.785,35.12,25.897961241071478,3405.8482267883237,3.014430696729445,1.844668174714815,2.8917000000000024,1.8070000000000004,65.53726010697429,33.77024721375416,22.83641135019517,0.5152831711095659,0.6762287289651292,12.566825421749119,41.90766812219005,35.66799041561559,2.892471290837304,1.8064594302905208,25.94315093818957,3408.8746062277205
447,44.700000000000365,41.930368914376885,35.63904083658917,6.313156672915702,3411.5777674765277,25.868574124472044,94.42734834368208,94.55111199999999,12.626891070521001,0.1,6.786087965405741,3258.785,35.12,25.891624783692546,3407.5271680200253,3.014430696729445,1.844668174714815,2.8917000000000024,1.8070000000000004,65.51449724511068,33.73507556270242,22.816792164431455,0.5149253521169325,0.6763521878592664,12.645401031162185,41.90608796540574,35.61206921342412,2.890138139831757,1.805703180836709,25.839225527648296,3411.4370006806435
448,44.80000000000037,41.942133309545966,35.6286478626288,6.312550489473371,3411.242879274934,25.866926564190322,94.27128167686604,94.55111199999999,12.639442673015509,0.1,6.836343619806996,3258.785,35.12,25.891624783692546,3407.5271680200253,3.014430696729445,1.844668174714815,2.9484000000000026,1.8070000000000004,65.50350393461885,33.67601321135105,22.83947291013903,0.5141101038650414,0.6782119001675831,12.633472552661095,41.956343619806994,35.647866767325,2.9479557992320005,1.8079265164533587,25.95526448072465,3411.203514381354
449,44.90000000000037,41.94726974348026,35.62411067816415,6.349968473271681,3410.4856951673064,25.866997132119245,95.03466098276527,94.55111199999999,12.63785847308269,0.1,6.850072001617399,3258.785,35.12,25.891624783692546,3407.5271680200253,3.014430696729445,1.844668174714815,2.9484000000000026,1.8070000000000004,65.92470719604137,33.94117551528582,22.83661026086043,0.5148475732225006,0.6728290907477757,12.670923449337385,41.970072001617396,35.62188924550129,2.948998860215836,1.8079572615229278,25.861022893107926,3410.3013565659276
450,45.00000000000037,41.947049740905044,35.62430500789806,6.349309194157274,3411.7941152159588,25.864973634250276,95.0652895675798,94.55111199999999,12.6342765881231,0.1,6.808421712426451,3258.785,35.12,25.891624783692546,3407.5271680200253,3.0899005120165346,1.869111303062509,2.9484000000000026,1.8070000000000004,65.91213252064475,33.9651399695117,22.830137794738448,0.5153093773573972,0.6721638072220983,12.616084308891146,41.92842171242645,35.594721729904734,2.948913928233573,1.8072051891378218,25.86555656376043,3411.8329312903766
451,45.10000000000037,41.95335819786135,35.61873291637759,6.348865214186478,3413.1854121930332,25.862968624269566,94.98595841177857,94.55111199999999,12.640466113293908,0.1,6.88175541430126,3258.785,35.12,25.891624783692546,3407.5271680200253,3.0899005120165346,1.869111303062509,2.9484000000000026,1.8270000000000004,65.90202826729255,33.9506354568165,23.094131588987974,0.5151682937453131,0.6802267845137258,12.590415442354407,42.00175541430126,35.656096863322496,2.948969356607827,1.8271823706393764,25.751622449650835,3413.26170886883
452,45.20000000000037,41.95960901697721,35.61321216477125,6.3485153640831,3414.362049480122,25.86189383464624,94.9036214138446,95.483432,12.623074998417016,0.1,6.88585874018311,3258.785,35.12,25.951763045184567,3414.7809524873323,3.0899005120165346,1.869111303062509,2.9484000000000026,1.8270000000000004,65.89535385851899,33.93289966875226,23.062358022107894,0.5149513232997898,0.6796459556135515,12.730674451821475,42.00585874018311,35.604829422618934,2.948837329784204,1.8283538563610344,25.826343462160953,3414.1893184839264
453,45.300000000000374,41.96295978110689,35.61025293099353,6.34873696857146,3412.7931581735825,25.861733935394607,94.84259869129225,95.483432,12.628641120789451,0.1,6.824029589680251,3258.785,35.12,25.951763045184567,3414.7809524873323,3.0899005120165346,1.869111303062509,3.0051000000000028,1.8270000000000004,65.89743941086564,33.89549886200083,23.072527327682334,0.5143674650340343,0.6806959066045261,12.632224477884517,41.94402958968025,35.58189435876372,3.0059196486163446,1.8250108699892125,25.867842321929043,3412.804407755965
454,45.400000000000375,41.96345828301378,35.609812688585855,6.387613390195132,3411.0591473932013,25.86203357076341,95.6848958146863,95.483432,12.621219427547983,0.1,6.869958661328852,3258.785,35.12,25.951763045184567,3414.7809524873323,3.0899005120165346,1.869111303062509,3.0051000000000028,1.8270000000000004,66.33555376527256,34.17914982955169,23.05896789413017,0.5152463179925223,0.6746501305363984,12.579157732464981,41.98995866132885,35.61988724922535,3.004819288748008,1.8250931632765761,25.93170250859664,3411.181705450762
455,45.50000000000038,41.962524139788,35.61063766150607,6.3862161920646185,3411.604282019907,25.859469778140223,95.75690974373563,95.483432,12.613016631066321,0.1,6.876862702133302,3258.785,35.12,25.951763045184567,3414.7809524873323,3.1646852977517295,1.8921300485667796,3.0051000000000028,1.8270000000000004,66.31326109130919,34.2103399989703,23.043981384958172,0.5158898753578838,0.6735969705548608,12.607307719148547,41.9968627021333,35.6124200135737,3.0044827844991873,1.827368778339913,25.732382013692153,3411.646244468482
456,45.60000000000038,41.97051701967004,35.60357919270453,6.3845816859816305,3412.344276881891,25.856878668974492,95.69976030156198,95.483432,12.615595408804362,0.1,6.8459802641467675,3258.785,35.12,25.951763045184567,3414.7809524873323,3.1646852977517295,1.8921300485667796,3.0051000000000028,1.8470000000000004,66.28823237246775,34.197338627668785,23.301004720061663,0.5158885280801718,0.6813689501910248,12.670734976598272,41.965980264146765,35.61548674422476,3.0044803115493086,1.84564967380654,26.031686276760855,3412.299953891954
457,45.70000000000038,41.978595061605134,35.59644622874509,6.383108757443963,3412.9296328581063,25.855546960673486,95.63459686757561,96.415752,12.595123287304784,0.1,6.852437378891985,3258.785,35.12,25.90732028226521,3413.5552673349894,3.1646852977517295,1.8921300485667796,3.0051000000000028,1.8470000000000004,66.26825237228202,34.179915377009856,23.26319271165194,0.5157811493955478,0.6806100148305008,12.60623686855658,41.97243737889198,35.61975915215713,3.003831907965969,1.8466875944680088,26.10745840920798,3412.896694055454
458,45.80000000000038,41.98274679540434,35.59278049867256,6.382546467355777,3410.8159296495364,25.85547450829583,95.59307959270772,96.415752,12.597892333493277,0.1,6.80746909996823,3258.785,35.12,25.90732028226521,3413.5552673349894,3.1646852977517295,1.8921300485667796,3.061800000000003,1.8470000000000004,66.26174264471223,34.143917863135066,23.26830713996209,0.5152885586817538,0.6814773639402615,12.626696278491977,41.92746909996823,35.58796442319369,3.06002636971582,1.8455328900946109,26.065142320644142,3410.738885527299
459,45.90000000000038,41.982972672936924,35.59258106787548,6.422363914510513,3408.589886147142,25.85603453591581,96.46746028161138,96.415752,12.587893389173725,0.1,6.911459448436162,3258.785,35.12,25.90732028226521,3413.5552673349894,3.1646852977517295,1.8921300485667796,3.118500000000003,1.8470000000000004,66.71101114977989,34.43374139005056,23.249839089803878,0.516162786271366,0.6752051374969609,12.540824135039143,42.03145944843616,35.59798609276064,3.118735001404076,1.8461825022085592,25.97203992847986,3408.362671790623
460,46.000000000000384,41.98122673082888,35.59412260193313,6.464039374777522,3408.7298019669515,25.853621356924936,97.36492849075596,96.415752,12.577363015305203,0.1,6.904775690542628,3258.785,35.12,25.90732028226521,3413.5552673349894,3.23535429795182,1.9140576218578438,3.118500000000003,1.8470000000000004,67.17347182810444,34.755516289760926,23.230389489268713,0.5173994337928459,0.6683943146058933,12.546451911811936,42.024775690542626,35.57342847062024,3.1191267583516717,1.8458760169815276,25.728645001545868,3408.8189408292387
461,46.100000000000385,41.98875005765082,35.58748031473546,6.462114000273961,3411.2981489069293,25.847814503362624,97.32533200192587,96.415752,12.578024891809921,0.1,6.854238069547883,3258.785,35.12,25.90732028226521,3413.5552673349894,3.23535429795182,1.9140576218578438,3.118500000000003,1.8670000000000004,67.13673621343047,34.76755817011723,23.483172473009127,0.5178619058810027,0.6754334704239583,12.564268279049728,41.97423806954788,35.55274658658151,3.1207069488165544,1.8670206138856542,25.672966295302032,3411.385380439444
462,46.20000000000039,42.006853504316695,35.57149946217094,6.4596075444753085,3413.7593529478663,25.843222151852732,97.14296198232176,97.34807199999999,12.56620185148232,0.1,6.910166534688372,3258.785,35.12,25.86122128036927,3411.3753399977527,3.23535429795182,1.9140576218578438,3.118500000000003,1.8670000000000004,67.09663156126571,34.7274473770505,23.4610988567175,0.517573633265643,0.6755779830861302,12.536591637032286,42.03016653468837,35.59122827399063,3.1183998184522266,1.8682441089372324,25.88616378285921,3413.8988522707373
463,46.30000000000039,42.02117061938392,35.55886354324432,6.458034705368998,3413.2043521746773,25.841391566471653,96.98189495368462,97.34807199999999,12.577844660209964,0.1,6.903042647788013,3258.785,35.12,25.86122128036927,3411.3753399977527,3.23535429795182,1.9140576218578438,3.1752000000000034,1.8670000000000004,67.07419886337027,34.66423129657267,23.48283598061201,0.5168042538559946,0.6774370901146683,12.586164708583748,42.02304264778801,35.5596255163448,3.1785415306276397,1.867063382485008,25.618259682615992,3413.1479554130096
464,46.40000000000039,42.02687765236797,35.55382728802184,6.500610540530008,3412.213525173004,25.841714032867184,97.78886519282952,97.34807199999999,12.575219210333215,0.1,6.905035108208871,3258.785,35.12,25.86122128036927,3411.3753399977527,3.23535429795182,1.9140576218578438,3.1752000000000034,1.8670000000000004,67.55362796064465,34.94252011684281,23.477934265692117,0.5172560108422245,0.6719015739902345,12.625772551263907,42.02503510820887,35.57266758656294,3.175122273078917,1.8662984027504201,25.941364203253382,3412.446947921989
465,46.50000000000039,42.02587233113327,35.55471442264968,6.499939779279164,3413.4062536686974,25.83963386914746,97.83208245027743,97.34807199999999,12.570532069782987,0.1,6.891465996290371,3258.785,35.12,25.86122128036927,3411.3753399977527,3.3013506582076255,1.9385521052667312,3.1752000000000034,1.8670000000000004,67.54065076482829,34.97018221951694,23.469183374284842,0.5177649581920762,0.6711198479596894,12.572094234525363,42.01146599629037,35.54851959116692,3.175106678638638,1.866091884039538,25.904264029997805,3413.4289138675867
466,46.60000000000039,42.032357449545884,35.54899189610747,6.499289490847624,3414.7159223878384,25.837461495392834,97.75596582414904,97.34807199999999,12.576174312160452,0.1,6.952608006662011,3258.785,35.12,25.86122128036927,3411.3753399977527,3.3013506582076255,1.9385521052667312,3.1752000000000034,1.8870000000000005,67.52766388329874,34.95638130384166,23.73124092704678,0.5176601602012066,0.6788815100960908,12.652244178640549,42.07260800666201,35.55755920290018,3.174593232575602,1.8872482090410878,25.710099608526463,3414.517834560039
467,46.700000000000394,42.039130041963304,35.54301619167404,6.4986717044602145,3415.8196295121634,25.836259601883416,97.67396378882307,98.28039199999999,12.558397052056232,0.1,6.933076149163519,3258.785,35.12,25.86618617283988,3412.2433515806106,3.3013506582076255,1.9385521052667312,3.1752000000000034,1.9070000000000005,67.51757963732028,34.93834749326074,23.948863178271242,0.5174703785434365,0.6854606727719661,12.581183438642363,42.053076149163516,35.571464104850975,3.1750370548002236,1.907044325169031,25.861584143780217,3415.8781971793696
468,46.800000000000395,42.04287706516827,35.539710272793045,6.498693252110145,3414.17871440769,25.836066542324897,97.61380275457266,99.212712,12.539645483681019,0.1,6.881511434596341,3258.785,35.12,25.86618617283988,3412.2433515806106,3.3013506582076255,1.9385521052667312,3.1752000000000034,1.9070000000000005,67.51731727989875,34.900054075376296,23.91310393737971,0.5169052249320744,0.6851881629103715,12.510905500593804,42.00151143459634,35.55200664581521,3.1759012301796563,1.9076404770576183,25.929754274561578,3414.0721048132555
469,46.9000000000004,42.04347894764791,35.53917925901759,6.496954597263639,3409.8522759552116,25.836404192421764,97.67504726212543,99.212712,12.53188307943419,0.1,6.982386562832154,3258.785,35.12,25.86618617283988,3412.2433515806106,3.3013506582076255,1.9385521052667312,3.2319000000000035,1.9070000000000005,67.49865957353542,34.87769793803092,23.898301032481005,0.5167168971708828,0.6852029361267593,12.491199128146727,42.10238656283215,35.54828492966003,3.2342233098091193,1.9048724496482865,25.93772827373161,3409.7533350178305
470,47.0000000000004,42.042426289705915,35.540107974258675,6.539172326127779,3405.691557097661,25.83695857902935,98.66804929230472,99.212712,12.511416716411743,0.1,6.933067635786713,3258.785,35.12,25.86618617283988,3412.2433515806106,3.367348939556038,1.959246696351488,3.2319000000000035,1.9070000000000005,67.97458725143514,35.189287403208965,23.8592716781972,0.5176829875118664,0.6780265654376803,12.553296209986843,42.05306763578671,35.55957370977714,3.231421255884116,1.9078270023392245,26.060277453518566,3405.8011245391453
471,47.1000000000004,42.0406979340181,35.54163285514868,6.53567051159437,3404.2177713346837,25.834176943112638,98.83788533222034,99.212712,12.491734295522532,0.1,6.931766121891002,3258.785,35.12,25.86618617283988,3412.2433515806106,3.367348939556038,1.959246696351488,3.2319000000000035,1.9270000000000005,67.92791685045668,35.23460417545668,24.071571987471923,0.5187057959251962,0.6831798611275283,12.513160091815724,42.051766121891,35.509677097292155,3.2299141569643033,1.926719180483883,25.7680042557103,3404.292495742866
472,47.2000000000004,42.04936996215204,35.53398209200224,6.531844782504298,3403.20353959318,25.83141406915308,98.85541358924442,100.145032,12.46078981010973,0.1,6.93664035410476,3258.785,35.12,25.84908281182929,3407.448435997589,3.367348939556038,1.959246696351488,3.2319000000000035,1.9270000000000005,67.87766457707852,35.2303533603511,24.01194196408146,0.5190271878070474,0.6815697168426629,12.457320289339123,42.05664035410476,35.515856091179394,3.2311541634783367,1.9262017823117685,25.872436150947863,3403.18582032534
473,47.3000000000004,42.05798349800837,35.52638374818487,6.528474598962114,3399.714001523853,25.830171948210523,98.85533422821055,100.145032,12.45599195264833,0.1,6.947525514507753,3258.785,35.12,25.84908281182929,3407.448435997589,3.367348939556038,1.959246696351488,3.2886000000000037,1.9270000000000005,67.8365335480184,35.19420100814267,24.002696492753337,0.5188089539279052,0.6820071433700108,12.441795511492712,42.06752551450775,35.5313258579649,3.288962507040082,1.9273285796294122,25.745353955356354,3399.814031431663
474,47.400000000000404,42.06185593425887,35.5229679823895,6.5715032412277035,3396.22424871399,25.830407825709894,99.79965266004731,100.145032,12.439484575115529,0.1,6.906328878000302,3258.785,35.12,25.84908281182929,3407.448435997589,3.367348939556038,1.959246696351488,3.2886000000000037,1.9270000000000005,68.32062347642164,35.49392323871933,23.97088677624763,0.5195198965209789,0.6753518514994268,12.425167306972744,42.0263288780003,35.45491215148332,3.2880112046581864,1.9292241758248172,25.93867811250419,3396.1507486401383
475,47.500000000000405,42.06112056256684,35.523616620194005,6.568375967984104,3395.2896975746203,25.827946116424044,99.93850751175164,100.145032,12.422976181745383,0.1,6.89416091438077,3258.785,35.12,25.84908281182929,3407.448435997589,3.4227550395635773,1.9772287622567677,3.2886000000000037,1.9270000000000005,68.27897759288882,35.533526634061495,23.93907510222336,0.5204167942573626,0.6737038895338916,12.46746265828257,42.01416091438077,35.49733625605434,3.287597778369952,1.9276652476724634,25.574120694639724,3395.263213281282
476,47.600000000000406,42.06879518743641,35.516847475560276,6.565326671134209,3394.7308694298135,25.825615983728138,99.93941630865513,100.145032,12.41855525605986,0.1,6.953805695802984,3258.785,35.12,25.84908281182929,3407.448435997589,3.4227550395635773,1.9772287622567677,3.2886000000000037,1.9470000000000005,68.2385620462381,35.52800127108711,24.178927083548555,0.5206440494307826,0.6805597336888608,12.43250239198499,42.07380569580298,35.55474075686973,3.2877616430846404,1.9479897989012922,25.754439639518427,3394.7443536859387
477,47.70000000000041,42.07605960912916,35.51044073118266,6.562750994673381,3394.174500370086,25.824606177931884,99.92763889611942,101.07735199999999,12.391939008519694,0.1,6.969911899413383,3258.785,35.12,25.847393325744747,3403.371469179221,3.4227550395635773,1.9772287622567677,3.2886000000000037,1.9470000000000005,68.2069600162054,35.51799238808455,24.12710524958785,0.5207385343027423,0.6792924832565121,12.404822872808381,42.08991189941338,35.46108911582503,3.2884799163755485,1.9469058366951157,25.773534314402998,3394.272040982281
478,47.80000000000041,42.079207779679564,35.507664430376124,6.561335025938066,3391.0635276890707,25.82482263760534,99.93472870879833,101.07735199999999,12.389307085917325,0.1,6.966204128736628,3258.785,35.12,25.847393325744747,3403.371469179221,3.4227550395635773,1.9772287622567677,3.345300000000004,1.9470000000000005,68.19162531586073,35.48795560510329,24.121980896281038,0.5204151600834351,0.6797230351813283,12.428997863525767,42.086204128736625,35.54871755797727,3.3435830125335086,1.9479732083816803,25.8428093656148,3391.0397997285404
479,47.90000000000041,42.0785329450016,35.50825954276065,6.6073814504306325,3387.971739110144,25.825593132821414,100.89048015298481,101.07735199999999,12.374590524722263,0.1,6.977306338172234,3258.785,35.12,25.847393325744747,3403.371469179221,3.4227550395635773,1.9772287622567677,3.345300000000004,1.9470000000000005,68.71094170632563,35.79468833667997,24.093327751634252,0.5209459723266266,0.6730978497428358,12.38128820313662,42.09730633817223,35.50111175901799,3.344934865821635,1.947697206148586,25.76062231234839,3388.004588283215
480,48.00000000000041,42.07613084911597,35.510377905039995,6.605113799550814,3387.4660884317677,25.822792322875973,101.02132024059914,101.07735199999999,12.359964714569175,0.1,6.93883302958448,3258.785,35.12,25.847393325744747,3403.371469179221,3.481933105896983,1.9946932634838301,3.345300000000004,1.9470000000000005,68.6780180933641,35.83575953141244,24.06485129926619,0.5217937343895923,0.6715317775857865,12.400363934660975,42.05883302958448,35.502139638738925,3.3444921466917856,1.9470370491315725,25.85644913766682,3387.3314900940845
481,48.10000000000041,42.08486265420187,35.50267779634085,6.602154889231627,3387.3144738488104,25.819821477443426,101.00057214602025,101.07735199999999,12.357572716980426,0.1,6.97055660480639,3258.785,35.12,25.847393325744747,3403.371469179221,3.481933105896983,1.9946932634838301,3.345300000000004,1.9470000000000005,68.63688413112934,35.826795873665965,24.060194079960898,0.5219758490962325,0.6715697983376191,12.356490257667076,42.09055660480639,35.45909720403512,3.3450573058718915,1.9491888544986693,25.964806337371126,3387.4018678404473
482,48.200000000000415,42.094124561922385,35.494511131392805,6.599382515183177,3387.106717646522,25.818314196268528,100.96368360487115,101.07735199999999,12.35685549908206,0.1,6.9735317183852885,3258.785,35.12,25.808686226729293,3398.2032984563157,3.481933105896983,1.9946932634838301,3.402000000000004,1.9470000000000005,68.60174147152372,35.81151423282942,24.058797656712777,0.5220204832219109,0.6718173797481427,12.359944806751011,42.093531718385286,35.505391935097485,3.402397334144443,1.9447650167616455,25.8390921672359,3387.1102252162764
483,48.300000000000416,42.09882366171324,35.49036807069933,6.648051429480432,3386.799145896016,25.81833162510217,101.78578936837565,101.07735199999999,12.355872701359894,0.1,6.933209792753509,3258.785,35.12,25.808686226729293,3398.2032984563157,3.481933105896983,1.9946932634838301,3.402000000000004,1.9470000000000005,69.14837675534869,36.09983426697726,24.05688414954772,0.5220633651994572,0.6663987422112359,12.411729194461792,42.053209792753506,35.47500031832561,3.4010796377593766,1.946843019355674,25.788308300327113,3386.6389215240006
484,48.40000000000042,42.09876932558147,35.49041597591666,6.6477734196814815,3388.7160843842253,25.81534304382168,101.79793356017912,101.07735199999999,12.354417722820282,0.1,6.952213425228699,3258.785,35.12,25.808686226729293,3398.2032984563157,3.481933105896983,1.9946932634838301,3.402000000000004,1.9470000000000005,69.13725063739152,36.124576436508136,24.054051306331093,0.522505250114341,0.6658638987396305,12.422355173782568,42.072213425228696,35.49535184990937,3.40112061495866,1.9499678108525058,25.85053090783626,3388.8411723405234
485,48.50000000000042,42.10808652658153,35.48220197830834,6.6469336492649385,3390.665883460703,25.812367729043917,101.68078244980137,101.07735199999999,12.363485864993647,0.1,7.000717746500179,3258.785,35.12,25.808686226729293,3398.2032984563157,3.536487964693287,2.0150856535162482,3.402000000000004,1.9470000000000005,69.11985322806093,36.10376498151585,24.071706979142636,0.5223356719579756,0.6667367514569934,12.353514541061331,42.120717746500176,35.49289681229073,3.4036526215919007,1.9480042492736465,25.871933122438268,3390.635822584866
486,48.60000000000042,42.117362367932685,35.47402538769681,6.646138313949437,3392.298687016554,25.81077900276279,101.56255487471378,101.07735199999999,12.372709455288144,0.1,6.941493444926657,3258.785,35.12,25.808686226729293,3398.2032984563157,3.536487964693287,2.0150856535162482,3.402000000000004,1.9670000000000005,69.1066693595307,36.07915180689931,24.337119498551786,0.5220791588029778,0.674547994609393,12.368729967589156,42.061493444926654,35.48585669050998,3.4033952287517533,1.9677482043206411,25.83896824100792,3392.3018304273837
487,48.70000000000042,42.122315380986734,35.46965972658918,6.646280016021729,3393.6115822796332,25.81056756606083,101.47653019911348,102.009672,12.356460795427736,0.1,7.026591578763373,3258.785,35.12,25.79793981813375,3395.3785309886425,3.536487964693287,2.0150856535162482,3.402000000000004,1.9670000000000005,69.10769419523827,36.06254395137022,24.305158384606365,0.5218310981334268,0.673972374699397,12.354862491104948,42.14659157876337,35.49715093917951,3.4020162842403745,1.9663144744140022,25.902717991165996,3393.639414041615
488,48.80000000000042,42.12297455604876,35.469078739915034,6.647347255374792,3392.168970577577,25.8110487811137,101.42268051539497,102.009672,12.362671490751332,0.1,7.050556613580461,3258.785,35.12,25.79793981813375,3395.3785309886425,3.536487964693287,2.0150856535162482,3.4587000000000043,1.9670000000000005,69.1209651764224,36.02808503046313,24.317374822307876,0.5212323777381589,0.6749560739003087,12.421943420058945,42.17055661358046,35.479475580367286,3.456411426449824,1.9667074637592317,26.012758465459306,3392.006839459075
489,48.900000000000425,42.12147431999993,35.47040103160628,6.69797300801219,3390.5806487028144,25.811543047856276,102.32305049029175,102.009672,12.355847167438053,0.1,6.997228065559064,3152.4085726643084,35.12,25.79793981813375,3395.3785309886425,3.536487964693287,2.0150856535162482,3.4587000000000043,1.9670000000000005,69.69070506519374,36.33090159106517,24.303951378350657,0.5213163155269933,0.6689608656540389,12.313451588173367,42.11722806555906,35.408903960919794,3.458030617620407,1.9670990306093914,26.0814334062354,3390.552442226865
490,49.000000000000426,42.11993339400328,35.4717592126385,6.696898145171753,3391.428609745291,25.808003190398008,102.39149951409266,102.009672,12.348333557238245,0.1,6.996739060028645,3152.4085726643084,35.12,25.79793981813375,3395.3785309886425,3.590775981903483,2.073640062713497,3.4587000000000043,1.9670000000000005,69.66908081411592,36.364297342780546,24.289172107087634,0.5219574726384597,0.6679400918469773,12.417130769777565,42.11673906002864,35.515555107493675,3.4589390113791048,1.9672285374952494,25.62584834813572,3391.552655597611
491,49.10000000000043,42.13096925361518,35.46203271640185,6.694513183550462,3392.4617848575804,25.80432564417638,102.3080295669972,102.009672,12.352344865549885,0.1,6.97263213509104,3152.4085726643084,35.12,25.79793981813375,3395.3785309886425,3.590775981903483,2.073640062713497,3.4587000000000043,1.9870000000000005,69.63238281943863,36.345722125757355,24.54410924784763,0.5219657960004646,0.6752956830221788,12.449555125148967,42.09263213509104,35.45597140735429,3.4589819749519886,1.9861813303935894,25.933911073809586,3392.3985037098414
492,49.20000000000043,42.14243437171572,35.451929304435694,6.692182856090166,3393.2691012541404,25.80239519164851,102.21548367590123,102.941992,12.33325964311282,0.1,7.027795916355039,3152.4085726643084,35.12,25.79725178124444,3393.811876143628,3.590775981903483,2.073640062713497,3.4587000000000043,2.0070000000000006,69.6010183396085,36.32148597803717,24.752852103727438,0.5218527953256592,0.6814933760886039,12.354560852075814,42.14779591635504,35.46924302710327,3.459267526298876,2.0074732293538653,25.68911168491715,3393.275909199512
493,49.30000000000043,42.14845275051661,35.44662630163231,6.691214216059114,3391.303265132787,25.802268556920602,102.15668179064386,103.874312,12.313105988403187,0.1,7.012798092185875,3152.4085726643084,35.12,25.79725178124444,3393.811876143628,3.590775981903483,2.073640062713497,3.4587000000000043,2.0270000000000006,69.58980494997364,36.2795610140989,24.958665838493268,0.5213344259289039,0.6879539096075025,12.343207641840197,42.13279809218587,35.43381736677098,3.4578422964430016,2.0258924050528724,25.91715601017542,3391.3076809684662
494,49.40000000000043,42.14884754694434,35.44627844664023,6.689216765077827,3386.655583342123,25.803069538074023,102.23083879397615,104.80663200000001,12.279833842174114,0.1,7.025208385027689,3152.4085726643084,35.12,25.79725178124444,3393.811876143628,3.590775981903483,2.073640062713497,3.4587000000000043,2.0270000000000006,69.56954559494318,36.256140700558994,24.891223198086934,0.5211495977227477,0.6865381344270645,12.252334394411326,42.145208385027686,35.501051625386275,3.4594068546655707,2.0268125840000644,25.67475016322856,3386.4417781859006
495,49.50000000000043,42.14635040810043,35.448478703539166,6.685493685144865,3379.6858251747694,25.804077334364077,102.42182089421638,104.80663200000001,12.257847826705422,0.1,7.043314341228907,3152.4085726643084,35.12,25.79725178124444,3393.811876143628,3.640079941698776,2.1055207074048914,3.5154000000000045,2.0270000000000006,69.53047285014534,36.249117698820754,24.846657544731897,0.5213414523578201,0.6854417189177601,12.293499861431926,42.163314341228904,35.44946850369433,3.512725952069393,2.0266575317306303,25.772336124749312,3379.712154873976
496,49.600000000000435,42.14320850238656,35.45124716875352,6.732657799734353,3373.2328394912684,25.805011592067665,103.54082992782156,104.80663200000001,12.224877150617335,0.1,7.031242468801899,3152.4085726643084,35.12,25.79725178124444,3393.811876143628,3.640079941698776,2.1055207074048914,3.5154000000000045,2.0470000000000006,70.06240591087776,36.57518899051165,25.02432352731369,0.5220372968213051,0.684188495479969,12.234073784364758,42.1512424688019,35.437922769695064,3.5148976782767605,2.047236179055599,25.86423572995089,3373.1668728667196
497,49.700000000000436,42.14029586056985,35.453813716488916,6.727364861590826,3369.807745306616,25.801939938543388,103.80257792980483,105.738952,12.170378392041028,0.1,7.022599886897687,3152.4085726643084,35.12,25.780852910039624,3384.3488315255663,3.640079941698776,2.1055207074048914,3.5154000000000045,2.0670000000000006,69.99466017088484,36.63041854010374,25.156172136348815,0.5233316148785393,0.6867563391012668,12.185391082577244,42.142599886897685,35.400523042092836,3.5144821802359134,2.0658964506666524,25.751524638244337,3369.831105282815
498,49.80000000000044,42.14987204759714,35.445375767442826,6.721306961695168,3364.5681713535396,25.798854227292473,103.89092196016915,106.671272,12.130203176325368,0.1,7.021438923746459,3152.4085726643084,35.12,25.780852910039624,3384.3488315255663,3.640079941698776,2.1055207074048914,3.5154000000000045,2.0670000000000006,69.91830585024532,36.60459027428334,25.073129965464545,0.5235337130834514,0.684972288382087,12.070501539078847,42.141438923746456,35.482148897738654,3.5146540085947975,2.0672667838398935,25.791838061213486,3364.4810553047155
499,49.90000000000044,42.15949206099299,35.43690021264904,6.713525751471975,3357.0449092559093,25.79758540485782,104.04886957049979,106.671272,12.105417195018925,0.1,7.107957793883202,3152.4085726643084,35.12,25.780852910039624,3384.3488315255663,3.640079941698776,2.1055207074048914,3.5721000000000047,2.0670000000000006,69.82754847775436,36.57826776856336,25.021897342104126,0.5238372041690171,0.6840645790123725,12.169204278283956,42.2279577938832,35.4101967422724,3.572873112415002,2.0649214842735693,25.604359845982895,3357.147943434559
500,50.00000000000044,42.16344774181526,35.43341541913527,6.759480314345071,3349.949032650461,25.79826968806656,105.14950339044954,106.671272,12.069828149919969,0.1,7.038854576838368,3152.4085726643084,35.12,25.780852910039624,3384.3488315255663,3.685909817043552,2.128130449416008,3.5721000000000047,2.0670000000000006,70.34510436434428,36.887060068735316,24.948334785884583,0.5243728103335107,0.6763438110653405,12.046325604281064,42.158854576838365,35.42316978169395,3.5734301858335673,2.06745019698831,25.91816834891248,3349.8359547463383
501,50.10000000000044,42.16131442048369,35.43529476695193,6.753425369621902,3345.8313266287073,25.796047037403092,105.43112607265503,106.671272,12.036260866306728,0.1,7.020196186859749,3152.4085726643084,35.12,25.780852910039624,3384.3488315255663,3.685909817043552,2.128130449416008,3.5721000000000047,2.0870000000000006,70.27110083347038,36.94039250468748,25.11967642798215,0.5256839876783691,0.6800056719699077,12.035936870031664,42.14019618685975,35.427823940772335,3.5724690585393475,2.087805383362099,25.85266020413651,3345.929233091195
502,50.20000000000044,42.168243756192126,35.429190555897236,6.747508650185024,3342.4756546028593,25.793978531891973,105.55809290636502,107.603592,11.992809226935107,0.1,7.0782797044060715,3152.4085726643084,35.12,25.713508110529954,3365.9438039513902,3.685909817043552,2.128130449416008,3.5721000000000047,2.0870000000000006,70.19907942316692,36.947784805208165,25.028992856613574,0.5263286229507841,0.6774152493463014,11.941860347216238,42.19827970440607,35.431632828947485,3.5721097791082577,2.087372747941642,25.893888917499282,3342.5243793950112
503,50.300000000000445,42.174692528973594,35.42351015625216,6.742459101395968,3336.94080266644,25.793340338580798,105.6579666263452,107.603592,11.976935107236043,0.1,7.082364092586857,3152.4085726643084,35.12,25.713508110529954,3365.9438039513902,3.685909817043552,2.128130449416008,3.628800000000005,2.0870000000000006,70.14068717613044,36.92150268892061,24.99586356880163,0.5263920867528278,0.6770001692347798,12.034531565032946,42.202364092586855,35.44524990441267,3.630305019263727,2.0872332650647394,25.767043955375698,3337.054892344041
504,50.400000000000446,42.17668216044051,35.421757681897574,6.792285617022058,3331.6761959010646,25.793998746292253,106.67958214429883,107.603592,11.950752303470201,0.1,7.104668376414672,3152.4085726643084,35.12,25.713508110529954,3365.9438039513902,3.685909817043552,2.128130449416008,3.628800000000005,2.0870000000000006,70.70153993055085,37.21968637479317,24.941220057342317,0.5264338854762365,0.6701082810368231,11.93851634720815,42.22466837641467,35.403157990297224,3.6288472774040876,2.088083374014718,25.845523136593766,3331.663530110385
505,50.50000000000045,42.17462950855928,35.42356566556195,6.787994329731972,3329.175946570712,25.79117883381153,106.88957260925864,107.603592,11.925847903600864,0.1,7.100716423621435,3152.4085726643084,35.12,25.713508110529954,3365.9438039513902,3.7330724578163523,2.1496497538110257,3.628800000000005,2.0870000000000006,70.64566679065884,37.264964018729444,24.889244574815013,0.5274911500114374,0.667899331991992,11.898467001268665,42.22071642362143,35.44369657151211,3.628912829529114,2.0869171920185394,25.65967443482478,3329.1400474858974
506,50.60000000000045,42.18342086770919,35.41582252709199,6.783050056233246,3327.2439038630014,25.788391425699743,106.94705180206475,107.603592,11.914020389814713,0.1,7.054624115449812,3152.4085726643084,35.12,25.713508110529954,3365.9438039513902,3.7330724578163523,2.1496497538110257,3.628800000000005,2.1070000000000007,70.58256812373493,37.26336516531938,25.10284096133961,0.5279400587974463,0.6736600639789387,11.836272796375795,42.17462411544981,35.37564407306943,3.6298012254043717,2.1078326345367775,25.799283984042848,3327.3711382863876
507,50.70000000000045,42.192110891238485,35.40816947366529,6.778675793319722,3325.4673923029686,25.78722517414832,106.98331942176148,108.53591200000001,11.88090810446867,0.1,7.102606555806005,3152.4085726643084,35.12,25.712435965103683,3351.413030873401,3.7330724578163523,2.1496497538110257,3.628800000000005,2.1070000000000007,70.5303089893793,37.25609909221764,25.033073376115496,0.5282282131760943,0.6719187995005256,11.903030939972352,42.222606555806,35.37821020340199,3.628232625143518,2.1093883406741765,25.783656334891436,3325.477509886862
508,50.80000000000045,42.1957467970752,35.40496768156004,6.7759513257553445,3321.2662806696885,25.787622608492015,107.03544506882801,108.53591200000001,11.872504256615391,0.1,7.111166917184079,3152.4085726643084,35.12,25.712435965103683,3351.413030873401,3.7330724578163523,2.1496497538110257,3.685500000000005,2.1070000000000007,70.50083455515781,37.22716233116521,25.015366468688637,0.5280386050187783,0.6719654387341442,11.826376635859761,42.231166917184076,35.38229467173961,3.6869093246314444,2.106096999749044,25.801955096803525,3321.364751953823
509,50.90000000000045,42.1945077557653,35.40605876964799,6.82942039830547,3317.206214192332,25.7887417678942,108.00520796287734,108.53591200000001,11.852630756338213,0.1,7.071780863623502,3152.4085726643084,35.12,25.712435965103683,3351.413030873401,3.7330724578163523,2.1496497538110257,3.685500000000005,2.1070000000000007,71.10370441523072,37.51852750638263,24.973493003604624,0.5276592522842734,0.6656309472528246,11.963768969455968,42.1917808636235,35.424989916018056,3.6863860996977302,2.1080991501807773,25.91258768387149,3317.1627281245374
510,51.000000000000455,42.191018664413036,35.4091313209233,6.826733957028269,3315.7701987588985,25.78564936222121,108.17414778970915,108.53591200000001,11.83342447492833,0.1,7.084260509745818,3152.4085726643084,35.12,25.712435965103683,3351.413030873401,3.7712012502659613,2.170994752633507,3.685500000000005,2.1070000000000007,71.06504556624739,37.5609461802165,24.933025368674,0.5285431942093373,0.6638018448482622,11.774944691780679,42.204260509745815,35.37675872780166,3.6842338765982166,2.10701117428574,25.732766959010807,3315.7788336980257
511,51.100000000000456,42.20065954833916,35.400641724662435,6.8225338277229115,3314.791312312023,25.782264467371014,108.18896587206672,108.53591200000001,11.826631355486253,0.1,7.10164573797185,3152.4085726643084,35.12,25.712435965103683,3351.413030873401,3.7712012502659613,2.170994752633507,3.685500000000005,2.1270000000000007,71.00861206739542,37.555001097671784,25.155244893119267,0.5288795260781569,0.6698241021933764,11.72191339386457,42.22164573797185,35.3274860006575,3.686376957004929,2.126218184265004,25.85507039755387,3314.788462981363
512,51.20000000000046,42.211212296524124,35.39135032351454,6.818502263390602,3313.8525216501253,25.780565023419076,108.1827392450763,109.468232,11.798028007980337,0.1,7.07322479480613,3152.4085726643084,35.12,25.69713797959153,3338.575400451188,3.7712012502659613,2.170994752633507,3.685500000000005,2.1270000000000007,70.95872021153534,37.542204247851416,25.094405572974186,0.5290710449108185,0.6684318642374433,11.885195996041892,42.19322479480613,35.42254646247705,3.6841793782907555,2.1279751884689997,25.607496297651636,3313.7045627156162
513,51.30000000000046,42.216510482988696,35.38668587769032,6.816076884845778,3310.3741470637065,25.780667650434225,108.19665454591579,109.468232,11.793587027090506,0.1,7.128666073019183,3152.4085726643084,35.12,25.69713797959153,3338.575400451188,3.7712012502659613,2.170994752633507,3.685500000000005,2.1270000000000007,70.93180357130974,37.507622094559075,25.084959606621513,0.5287842717385807,0.6687963194089125,11.721401262520008,42.24866607301918,35.37218950983893,3.685931091548839,2.127356230123975,25.614217948895714,3310.475427580094
514,51.40000000000046,42.21619053300627,35.38696754824921,6.812989170399197,3306.933425454029,25.78170528927672,108.33015901572517,109.468232,11.777132458790128,0.1,7.1131852949286625,3152.4085726643084,35.12,25.69713797959153,3338.575400451188,3.7712012502659613,2.170994752633507,3.685500000000005,2.1270000000000007,70.90003029463395,37.514870358928114,25.049960739846608,0.529123474320538,0.6677341678160698,11.860607583635405,42.23318529492866,35.40209759632816,3.6851395236905757,2.126320326310464,25.88010320016291,3306.9425330922877
515,51.50000000000046,42.21295559015091,35.38981551937863,6.810801733923447,3303.8539494081087,25.78293057141696,108.47419378941751,109.468232,11.76085600916619,0.1,7.099040317911424,3152.4085726643084,35.12,25.69713797959153,3338.575400451188,3.8066962811422163,2.19107697011673,3.685500000000005,2.1270000000000007,70.87886694384146,37.52976880979717,25.015340731496494,0.5294916584873267,0.666546624848012,11.771915935230703,42.21904031791142,35.317803427187584,3.684471025144403,2.1286315424200106,25.75903734794999,3303.938860306654
516,51.60000000000046,42.20913565055049,35.3931786561125,6.8091231993248735,3301.164212545434,25.7838618339932,108.606919856356,109.468232,11.74628844386577,0.1,7.0973178221921245,3152.4085726643084,35.12,25.69713797959153,3338.575400451188,3.8066962811422163,2.19107697011673,3.685500000000005,2.1470000000000007,70.8626009882846,37.54509805453125,25.21928128897982,0.5298295226383014,0.6717063637002847,11.742909795267423,42.21731782219212,35.372220718938024,3.685460984217517,2.1469515738659544,25.78734776101571,3300.9232890905478
517,51.700000000000465,42.2062323463428,35.395734879093034,6.807533783004622,3298.8336149905667,25.784377629413648,108.72106853042713,110.400552,11.709591860764005,0.1,7.079012742439382,3152.4085726643084,35.12,25.653435400918006,3320.1375975125275,3.8066962811422163,2.19107697011673,3.685500000000005,2.1470000000000007,70.84619168455438,37.55802449995339,25.140493725060328,0.5301346989430576,0.6693774249253053,11.708596275998545,42.19901274243938,35.45957769879581,3.6856598059491334,2.1454323522883576,25.82498178654536,3298.802978334258
518,51.800000000000466,42.20462430254001,35.397150725858296,6.805890818283445,3294.2891532684007,25.784601319872024,108.81622174430353,110.400552,11.698566890423837,0.1,7.099288683384678,3152.4085726643084,35.12,25.653435400918006,3320.1375975125275,3.8066962811422163,2.19107697011673,3.7422000000000053,2.1470000000000007,70.82837866658816,37.53911038076837,25.116823113739986,0.5300009838920212,0.66908413276111,11.769098048690003,42.219288683384676,35.40992791170354,3.7420563463219416,2.1468402562490385,25.984630212833302,3294.1839353238765
519,51.90000000000047,42.20392692516698,35.39776475991323,6.860601838567967,3290.0021636476495,25.784720781974706,109.77458277891584,110.400552,11.677069160970602,0.1,7.072024169765655,3152.4085726643084,35.12,25.653435400918006,3320.1375975125275,3.8066962811422163,2.19107697011673,3.7422000000000053,2.1470000000000007,71.44235334653484,37.820441663875506,25.07066748860389,0.5293840403104513,0.6628866926361237,11.757144229385702,42.19202416976565,35.36979932338071,3.7420830940622642,2.146764487106758,25.958262074108212,3289.955228433408
520,52.00000000000047,42.203554490115664,35.398092687568116,6.856870800863546,3288.3083731364545,25.78061183025443,109.93842002226882,110.400552,11.656789411977181,0.1,7.014423151739173,3152.4085726643084,35.12,25.653435400918006,3320.1375975125275,3.8524556419108267,2.207691618922395,3.7422000000000053,2.1470000000000007,71.38912739715802,37.85738807442055,25.027126867515015,0.5302962713608913,0.6610896350883047,11.633150999954639,42.13442315173917,35.415794899994914,3.7423253364612985,2.1466217572980164,25.81191894665453,3288.307969278319
521,52.10000000000047,42.2163645579988,35.38681434379821,6.851554023309278,3287.057904690985,25.776731625264055,109.95248381958912,110.400552,11.648776878835463,0.1,7.074933138629028,3152.4085726643084,35.12,25.653435400918006,3320.1375975125275,3.8524556419108267,2.207691618922395,3.7422000000000053,2.1670000000000007,71.31876746562384,37.847832814710095,25.242899496436458,0.530685458535904,0.6669575935831509,11.61929320419214,42.194933138629025,35.37700799684268,3.741946403842098,2.1654166949687457,25.816325794942205,3287.0459513406813
522,52.20000000000047,42.22846148507679,35.37616551934167,6.84689217108967,3285.845491034234,25.775070840329363,109.95271402104848,111.33287200000001,11.618888803525225,0.1,7.112860077748337,3152.4085726643084,35.12,25.626676447785048,3302.2022339204104,3.8524556419108267,2.207691618922395,3.7422000000000053,2.1670000000000007,71.26190400102757,37.83395205551376,25.17813203723917,0.5309141340788229,0.6654904039708909,11.563785429310323,42.232860077748335,35.40993576334138,3.743172575996849,2.167498940632218,25.894007151328886,3285.8119722522993
523,52.30000000000047,42.233639148189184,35.371608155341356,6.844306803279301,3282.1109647828484,25.7754787033813,109.97843911368541,111.33287200000001,11.613153439829428,0.1,7.07191963326094,3152.4085726643084,35.12,25.626676447785048,3302.2022339204104,3.8524556419108267,2.207691618922395,3.7989000000000055,2.1670000000000007,71.23404418824178,37.79979365599028,25.16570350411038,0.5306422524053419,0.6657629862517059,11.517833841371925,42.19191963326094,35.41516922461681,3.8010534547076835,2.167541180142269,25.691831627012334,3282.20588094943
524,52.400000000000475,42.23236759433847,35.37272734613788,6.901712492189002,3278.4460472539695,25.776816474803947,110.88901293476886,111.33287200000001,11.59548713743839,0.1,7.080345969235616,3152.4085726643084,35.12,25.626676447785048,3302.2022339204104,3.8524556419108267,2.207691618922395,3.7989000000000055,2.1670000000000007,71.88141423333651,38.070201555575686,25.127420626829,0.5296251049262165,0.6600285682792475,11.642366830752387,42.20034596923561,35.38014875843358,3.798721968908113,2.1669782013781815,25.81142584959706,3278.3448788379733
525,52.500000000000476,42.228196958151216,35.3763983630558,6.899717410376335,3277.245022910162,25.77364098147734,111.04201745874255,111.33287200000001,11.578150121456945,0.1,7.138139508674811,3152.4085726643084,35.12,25.626676447785048,3302.2022339204104,3.8918176017171815,2.22378292920432,3.7989000000000055,2.1670000000000007,71.85019152630777,38.10876491016014,25.089851313197208,0.5303919739198846,0.6583748219693163,11.642845603980607,42.25813950867481,35.37279924181947,3.8000140255697445,2.167283031606898,25.966067981364024,3277.0991711019856
526,52.60000000000048,42.23809687614626,35.36768471140235,6.895830225532749,3276.458008715971,25.77002420557669,111.0518630257602,111.33287200000001,11.57246863529017,0.1,7.0902591263032875,3152.4085726643084,35.12,25.626676447785048,3302.2022339204104,3.8918176017171815,2.22378292920432,3.7989000000000055,2.1870000000000007,71.79653453446619,38.10299138994014,25.30898890537961,0.5307079462400606,0.6642257728893598,11.550948415338251,42.210259126303285,35.37958855210076,3.796933415067482,2.187008857842454,25.792189969312254,3276.366398120606
527,52.70000000000048,42.249372536694125,35.35776147440633,6.8919620200202925,3275.6976353332293,25.768105722635003,111.04129525871208,112.26519200000001,11.544772945947084,0.1,7.096795962771225,3152.4085726643084,35.12,25.622869424688194,3288.1674377541494,3.8918176017171815,2.22378292920432,3.7989000000000055,2.1870000000000007,71.74783116621252,38.09052369778326,25.24841843278628,0.5308944267533601,0.6628530138653791,11.538923409935641,42.21679596277122,35.40794497002722,3.7990853762138475,2.1878187289324265,25.566979699947424,3275.6967394650974
528,52.80000000000048,42.25535359911312,35.352498356925985,6.889634871576279,3272.3859314710403,25.768079233343446,111.04860830608054,112.26519200000001,11.541175974013997,0.1,7.136648536025099,3152.4085726643084,35.12,25.622869424688194,3288.1674377541494,3.8918176017171815,2.22378292920432,3.7989000000000055,2.1870000000000007,71.72167263097074,38.054520546182054,25.240551855168622,0.5305860718277422,0.6632734164798448,11.504244881979803,42.2566485360251,35.33739419566323,3.798969847567229,2.186351017737614,25.64613858301499,3272.5020507930135
529,52.90000000000048,42.25543618212848,35.352425689617334,6.886740019882277,3269.094015754695,25.76907706931962,111.17277070276047,112.26519200000001,11.52550984719609,0.1,7.1345878185044995,3152.4085726643084,35.12,25.622869424688194,3288.1674377541494,3.8918176017171815,2.22378292920432,3.7989000000000055,2.1870000000000007,71.69200059509551,38.05874451059658,25.206290035817858,0.5308645901171881,0.6622995676801621,11.392776808348593,42.2545878185045,35.42295129266512,3.7993458673476748,2.1873516439124447,25.827938868829385,3268.99187775204
530,53.00000000000048,42.25232532868915,35.355163075831356,6.884754166819231,3266.138067179002,25.770305118321904,111.30758620607781,112.26519200000001,11.509937328869517,0.1,7.173990922591017,3152.4085726643084,35.12,25.622869424688194,3288.1674377541494,3.9315517685479913,2.238360428294853,3.7989000000000055,2.1870000000000007,71.67315598754048,38.07044223650634,25.17223293823764,0.5311673765715637,0.6612014849173355,11.53282805663465,42.293990922591014,35.37469622952838,3.7996619782654437,2.186219830384004,25.816586666966423,3265.9449222328853
531,53.100000000000485,42.24849676311963,35.35853215619965,6.883266781420827,3263.5469116515765,25.771241645368626,111.43240693448274,112.26519200000001,11.495954114433367,0.1,7.0920574513078165,3152.4085726643084,35.12,25.622869424688194,3288.1674377541494,3.9315517685479913,2.238360428294853,3.7989000000000055,2.2070000000000007,71.65908668145309,38.08289792203801,25.37157073055445,0.5314454828503233,0.6662195398704756,11.50985086906094,42.212057451307814,35.33094471976852,3.7997571946950783,2.206621035077361,25.847780476470245,3263.692987017951
532,53.200000000000486,42.24557704639878,35.361101571098175,6.881847528153746,3261.2935046239995,25.771747178189294,111.54031013589145,113.19751200000002,11.459723873662968,0.1,7.111798652717702,3152.4085726643084,35.12,25.608733329496236,3269.9930639624545,3.9315517685479913,2.238360428294853,3.7989000000000055,2.2070000000000007,71.64458182206728,38.09345382424279,25.29161058917418,0.5317004141199357,0.6639358748058314,11.353432994542608,42.2317986527177,35.37019754471171,3.7999497449448136,2.207969779732605,25.607267144661733,3261.22068566186
533,53.30000000000049,42.24400099727707,35.36248856777671,6.880347027298567,3256.809334000243,25.771945528166295,111.63070279266785,113.19751200000002,11.449064055715645,0.1,7.122660342633431,3152.4085726643084,35.12,25.608733329496236,3269.9930639624545,3.9315517685479913,2.238360428294853,3.8556000000000057,2.2070000000000007,71.62831173734446,38.071905207369944,25.268084370964438,0.5315203483641595,0.6636937193800602,11.393701487388967,42.24266034263343,35.347024923841346,3.856008714674605,2.20895226520855,25.79989172577409,3256.946906424794
534,53.40000000000049,42.24338262138876,35.363032774809405,6.939367204248753,3252.5697540355354,25.772033489410187,112.5391238075428,113.19751200000002,11.427851535336947,0.1,7.0989436128228505,3152.4085726643084,35.12,25.608733329496236,3269.9930639624545,3.9315517685479913,2.238360428294853,3.8556000000000057,2.2070000000000007,72.29020912053895,38.33176051721919,25.22126833848865,0.5302483003376518,0.6579731271971943,11.417469378229933,42.21894361282285,35.38380572461871,3.8554143010374196,2.2081306727517793,25.830843184554116,3252.6687716380316
535,53.50000000000049,42.2431083934148,35.36327411284308,6.935906744490462,3250.7882420450014,25.7675790270933,112.69889064019347,113.19751200000002,11.407796059320482,0.1,7.117726977510557,3152.4085726643084,35.12,25.608733329496236,3269.9930639624545,3.9662824832673707,2.249565457751748,3.8556000000000057,2.2070000000000007,72.23892721121034,38.36515337912921,25.177005902920314,0.5310869756822129,0.6562467157140756,11.499281349498036,42.237726977510555,35.35020690361705,3.8556011783523383,2.2085673400644907,25.778452127014667,3250.9512469822057
536,53.60000000000049,42.256995625133925,35.35105350227845,6.930690575794617,3249.4390381233507,25.763346836981704,112.72029902382221,113.19751200000002,11.399368556762063,0.1,7.152357230135777,3152.4085726643084,35.12,25.608733329496236,3269.9930639624545,3.9662824832673707,2.249565457751748,3.8556000000000057,2.2070000000000007,72.1686055580429,38.356515198622596,25.15840640477388,0.5314847765455809,0.6559095964400159,11.471716703023294,42.272357230135775,35.33068151287869,3.857030116874887,2.206198687327769,25.75288233933709,3249.4045623822417
537,53.70000000000049,42.270189901025844,35.3394446421144,6.926129940367194,3248.147762476492,25.761478894136207,112.72780577963258,113.19751200000002,11.39298610210447,0.1,7.178497868114825,3152.4085726643084,35.12,25.672073912729978,3264.244178807434,3.9662824832673707,2.249565457751748,3.912300000000006,2.2070000000000007,72.1122664308913,38.343826313768766,25.144320327344573,0.5317240493406975,0.6557592902071846,11.443593307167577,42.29849786811482,35.343194561914764,3.911175975549256,2.2068233801679713,25.767755586849397,3248.062572736892
538,53.800000000000495,42.27601339964096,35.33432149789733,6.989012439777023,3246.876799125084,25.76182724525438,113.47898301627032,113.19751200000002,11.386877679104598,0.1,7.134174038645398,3152.4085726643084,35.12,25.672073912729978,3264.244178807434,3.9662824832673707,2.249565457751748,3.912300000000006,2.2070000000000007,72.81791431970858,38.58423219169476,25.130839037783858,0.529872800562371,0.6513240671196577,11.327437316835805,42.254174038645395,35.28362218020108,3.9105877004553795,2.2056822092719846,25.795450478034237,3246.9510351852696
539,53.900000000000496,42.27492738019495,35.335276880652835,6.988262731763372,3247.638422732886,25.75825562561893,113.52919751985783,113.19751200000002,11.380865344103452,0.1,7.120710045356795,3130.1642855311347,35.12,25.672073912729978,3264.244178807434,3.9662824832673707,2.249565457751748,3.912300000000006,2.2070000000000007,72.79941864415592,38.61036048514176,25.117569814436326,0.5303663298998235,0.6505396349278375,11.366079771112801,42.24071004535679,35.32414804305838,3.9111747646851254,2.2081515949119632,25.638425933312167,3247.757780598574
540,54.0000000000005,42.286062261570436,35.32548202092183,6.986287355404408,3248.5359201933247,25.75458651257964,113.47001720447648,113.19751200000002,11.384468230268354,0.1,7.136711339061975,3130.1642855311347,35.12,25.672073912729978,3264.244178807434,3.9957586498090487,2.2712263319053876,3.912300000000006,2.2070000000000007,72.76691858571324,38.600898299847536,25.125521384202266,0.530473174487648,0.6509050952397526,11.403377781147379,42.25671133906197,35.32554974514336,3.911577930684958,2.2075244791171618,25.588446227896895,3248.5888250088346
541,54.1000000000005,42.29750108838172,35.3154212080791,6.98444579825802,3249.273283491785,25.75264621266657,113.40508561984286,113.19751200000002,11.388713872275938,0.1,7.167294394844731,3130.1642855311347,35.12,25.672073912729978,3264.244178807434,3.9957586498090487,2.2712263319053876,3.912300000000006,2.2270000000000008,72.74080699794926,38.58756623546383,25.362665793558524,0.5304803153551996,0.6572756011300088,11.346632297073928,42.28729439484473,35.31756269248368,3.911021710146507,2.229195448473206,25.59815823374422,3249.16329392631
542,54.2000000000005,42.30355016739071,35.3101014296024,6.983717707266681,3249.8349504489165,25.75246763990775,113.36106720278441,114.12983200000001,11.368229302076351,0.1,7.175897439542936,3130.1642855311347,35.12,25.68470214154953,3255.951163811438,3.9957586498090487,2.2712263319053876,3.912300000000006,2.2270000000000008,72.73214644582235,38.57925602119251,25.31704665572404,0.530429224303588,0.6562347040030212,11.376084538099317,42.295897439542934,35.3437374338423,3.9114649489589794,2.2244076862778717,25.804822524856558,3249.8660568144282
543,54.3000000000005,42.3041068858236,35.30961185145351,6.984041565617799,3247.754773860347,25.753202110417355,113.33877063745709,114.12983200000001,11.370886286561081,0.1,7.195369074326358,3130.1642855311347,35.12,25.68470214154953,3255.951163811438,3.9957586498090487,2.2712263319053876,3.912300000000006,2.2270000000000008,72.73784879602223,38.54697879412969,25.322963760171536,0.5299438934773348,0.656937704389636,11.307729078561804,42.315369074326355,35.33074185992033,3.91233164703137,2.2280693656213657,25.789817984384747,3247.7137464757334
544,54.4000000000005,42.30181710056286,35.311625510176455,6.982892980402647,3245.6142656939433,25.753991108510064,113.42199639536716,114.12983200000001,11.361045941048232,0.1,7.175047858042333,3130.1642855311347,35.12,25.68470214154953,3255.951163811438,3.9957586498090487,2.2712263319053876,3.912300000000006,2.2270000000000008,72.7272099171098,38.549860277885976,25.301049310714422,0.5300610366027081,0.6563201300428136,11.395944282515622,42.29504785804233,35.336442147766384,3.9111513900759443,2.226761766045425,25.738346286091033,3245.603341128301
545,54.500000000000504,42.299357320109024,35.31378872825638,6.981739190442252,3243.6989554993997,25.754541986835054,113.50797622844192,114.12983200000001,11.350920194971565,0.1,7.157472019320458,3130.1642855311347,35.12,25.68470214154953,3255.951163811438,4.024374221150201,2.2873317821685752,3.912300000000006,2.2270000000000008,72.71583962876119,38.5563167103713,25.278499274201682,0.5302327100562169,0.6556253665019303,11.298797267549386,42.277472019320456,35.275458994584525,3.915029221126696,2.226616602315138,25.73546253414485,3243.7465074095912
546,54.600000000000506,42.29763990184304,35.315299126016306,6.980606282570472,3242.0162954424522,25.754831019163042,113.58360411592233,114.12983200000001,11.341859755496305,0.1,7.158769486163436,3130.1642855311347,35.12,25.68470214154953,3255.951163811438,4.024374221150201,2.2873317821685752,3.912300000000006,2.2470000000000008,72.70396356309581,38.5619916315877,25.485158870600205,0.5303973778282645,0.6608880348836618,11.36493459462112,42.278769486163434,35.359788667139384,3.9122749799997876,2.248259151732392,25.63175174362352,3241.9487601678557
547,54.70000000000051,42.2967388146573,35.31609160754897,6.979480928090148,3240.53827451772,25.754961933781285,113.64836670143445,115.06215200000001,11.309927183190926,0.1,7.215588953035784,3130.1642855311347,35.12,25.730261554521114,3250.0593952945305,4.024374221150201,2.2873317821685752,3.912300000000006,2.2470000000000008,72.69172555812548,38.566388467846274,25.41340638063002,0.5305471588648417,0.6589521962062325,11.380136686291573,42.33558895303578,35.35765106849601,3.9112871479622333,2.2463325705853787,25.530715883982886,3240.5712376799975
548,54.80000000000051,42.29633067524347,35.31645055792614,6.97841005277187,3236.7127571553333,25.755049961204787,113.70418460572924,115.06215200000001,11.302935355355487,0.1,7.18312969918496,3130.1642855311347,35.12,25.730261554521114,3250.0593952945305,4.024374221150201,2.2873317821685752,3.969000000000006,2.2470000000000008,72.67997674245956,38.539779463240656,25.397695743483787,0.5302668106211124,0.6589995090062251,11.17142377862946,42.30312969918496,35.341419678766805,3.969984648366833,2.2478630566628253,25.8999582964996,3236.724393083592
549,54.90000000000051,42.29605624094796,35.31669191837615,7.04423878253618,3233.0382757120697,25.75516091749595,114.55040174166504,115.06215200000001,11.28483861644489,0.1,7.170107684874353,3130.1642855311347,35.12,25.730261554521114,3250.0593952945305,4.024374221150201,2.2873317821685752,3.969000000000006,2.2470000000000008,73.41778773772053,38.782524931483465,25.35703237115168,0.5282442596885525,0.6538262378725879,11.297859455572043,42.29010768487435,35.30728344680257,3.9700029147407334,2.24697476321932,25.773146182929867,3233.117655206958
550,55.00000000000051,42.29571032361463,35.31699614815768,7.041604492620345,3231.6535467150625,25.750264377754903,114.68635614167015,115.06215200000001,11.267456358043873,0.1,7.149571572064687,3130.1642855311347,35.12,25.730261554521114,3250.0593952945305,4.058696410469988,2.2996838760148353,3.969000000000006,2.2470000000000008,73.37432255342678,38.81192356343742,25.31797443652459,0.5289578453712728,0.6523246495408247,11.221351504464488,42.269571572064685,35.32669455535298,3.9681668836535815,2.2463590918214518,25.802516607731736,3231.6055379231975
551,55.10000000000051,42.31097577591132,35.30357162935705,7.037839535810887,3230.636692471202,25.745517595469753,114.70143091944058,115.06215200000001,11.26090585081911,0.1,7.24938851674839,3130.1642855311347,35.12,25.730261554521114,3250.0593952945305,4.058696410469988,2.2996838760148353,3.969000000000006,2.267000000000001,73.31863270894384,38.8048111885024,25.528473563806934,0.529262613809883,0.657868774049617,11.293332843421476,42.36938851674839,35.30124780973947,3.9685310452622957,2.2656616234125804,25.83085387920512,3230.435104110734
552,55.200000000000514,42.32577434436351,35.290560127247545,7.034638959808825,3229.660628596398,25.743220418844142,114.70357153660883,115.99447200000002,11.23212289536897,0.1,7.263499806165136,3130.1642855311347,35.12,25.658528973340907,3237.594783820289,4.058696410469988,2.2996838760148353,3.969000000000006,2.267000000000001,73.27625042606145,38.793811168232956,25.463222603801466,0.5294186171190268,0.6563733192745059,11.213617830320532,42.38349980616513,35.31930405131741,3.9683102825626047,2.2673491094056533,25.856291471476798,3229.6315762525064
553,55.300000000000516,42.33293602221151,35.28426415069191,7.032807705827668,3226.167621460996,25.743263837629705,114.72203453340943,115.99447200000002,11.227505592288331,0.1,7.19576468294926,3130.1642855311347,35.12,25.658528973340907,3237.594783820289,4.058696410469988,2.2996838760148353,3.969000000000006,2.267000000000001,73.255867435193,38.75809171309655,25.452755177717655,0.5290783260110125,0.6567081621595174,11.193596253249991,42.31576468294926,35.252878130740704,3.968506084857846,2.26852128966024,25.795924212141074,3226.1611811706834
554,55.40000000000052,42.33280065980564,35.28438314532528,7.03029091127301,3222.7245727704117,25.744461219739886,114.84974167633924,115.99447200000002,11.210981804221458,0.1,7.149726225955824,3130.1642855311347,35.12,25.658528973340907,3237.594783820289,4.058696410469988,2.2996838760148353,3.969000000000006,2.267000000000001,73.23109009717174,38.7598270657154,25.415295750170053,0.5292810337014544,0.6557123102504987,11.240534465358715,42.26972622595582,35.2732216609728,3.969594513021453,2.267913336462791,25.698470774162427,3222.761722367574
555,55.50000000000052,42.32906770133894,35.28766480042239,7.028373273851667,3219.627082838342,25.745829364199565,114.98448403799856,115.99447200000002,11.1946943462628,0.1,7.2140505525879846,3130.1642855311347,35.12,25.658528973340907,3237.594783820289,4.081695417832946,2.3104360194598383,3.969000000000006,2.267000000000001,73.2135057851638,38.768002980817876,25.378372082977776,0.5295198278658845,0.6546215985263623,11.188592322781497,42.33405055258798,35.273338240673915,3.9683982765423162,2.265580170583245,25.67339276288718,3219.66290949875
556,55.60000000000052,42.32480237417144,35.29141464929508,7.0268057561635375,3216.8941880428183,25.746812803395347,115.10811646627494,115.99447200000002,11.180041565666375,0.1,7.259300594481857,3130.1642855311347,35.12,25.658528973340907,3237.594783820289,4.081695417832946,2.3104360194598383,3.969000000000006,2.267000000000001,73.19874674284642,38.77674414213165,25.345154229365683,0.5297460116135284,0.6536173882073741,11.165169826091836,42.379300594481855,35.29335992992808,3.969697169145842,2.266188001268449,25.719325185573844,3216.9532367141596
557,55.70000000000052,42.32173640413467,35.29411021024598,7.025324459751455,3214.4958263630406,25.747309591675272,115.21562764212487,115.99447200000002,11.167113514660521,0.1,7.164260893574834,3130.1642855311347,35.12,25.631973766426054,3224.5976454233196,4.081695417832946,2.3104360194598383,4.025700000000006,2.267000000000001,73.18356879900143,38.78402460826764,25.315846337735408,0.5299553608104014,0.6527390231786001,11.106348745937797,42.28426089357483,35.273685685903224,4.024389545838519,2.2668124030817047,25.850657038330716,3214.61937768902
558,55.80000000000052,42.32018761699318,35.295471922885596,7.097436568003706,3212.3883758069546,25.747483320022027,115.99846949787673,115.99447200000002,11.155767983841901,0.1,7.211426586273014,3130.1642855311347,35.12,25.631973766426054,3224.5976454233196,4.081695417832946,2.3104360194598383,4.025700000000006,2.267000000000001,73.99171411477438,39.021945885089096,25.2901260193696,0.5273826448264068,0.6481000740927519,11.17749993005804,42.33142658627301,35.25261785074683,4.025683898721335,2.2662861330762096,25.76977729738471,3212.308364833173
559,55.900000000000524,42.319646001499336,35.295948124067465,7.096107475822488,3212.3991925112655,25.7419945552719,116.07610528485353,115.99447200000002,11.145798617905815,0.1,7.195559202944757,3130.1642855311347,35.12,25.631973766426054,3224.5976454233196,4.081695417832946,2.3104360194598383,4.025700000000006,2.267000000000001,73.96105821821895,39.04819408651507,25.267525466792492,0.5279561302558035,0.6470856350183528,11.127461163786977,42.315559202944755,35.3437645404692,4.02559349743275,2.2675362802061887,25.706443893489546,3212.3681983056167
560,56.000000000000526,42.336757774484326,35.280904600480596,7.094271886080897,3212.6200814601552,25.736529284711693,116.04179511380836,115.99447200000002,11.145849786690384,0.1,7.136266083057457,3130.1642855311347,35.12,25.631973766426054,3224.5976454233196,4.105129415913761,2.320812656782169,4.025700000000006,2.267000000000001,73.92480582694053,39.03933630157182,25.267641466427108,0.528095216008598,0.6472354261158321,11.098099337231796,42.256266083057454,35.24552175149354,4.02778903277716,2.2665630240911985,25.773427622649546,3212.4626596223247
561,56.10000000000053,42.353796301982825,35.265928656122846,7.0928805301724935,3212.7481315917416,25.733629549583434,115.9994396671622,115.99447200000002,11.146894709313298,0.1,7.2133606762291365,3130.1642855311347,35.12,25.631973766426054,3224.5976454233196,4.105129415913761,2.320812656782169,4.025700000000006,2.287000000000001,73.9009019955865,39.02664235980163,25.49294820019952,0.5280942628025349,0.6532191000488904,11.162262652243859,42.333360676229134,35.234975902004805,4.0250835839813375,2.288051546068965,25.526229476196647,3212.7669754142416
562,56.20000000000053,42.36283651621869,35.25798408779816,7.0922594687035865,3212.761573446738,25.73325119133171,115.97627539552909,116.92679200000002,11.123527762626775,0.1,7.241732999566935,3130.1642855311347,35.12,25.61750286197676,3214.653687464606,4.105129415913761,2.320812656782169,4.025700000000006,2.287000000000001,73.89286343185874,39.019012265438505,25.439507993127442,0.5280484535752278,0.6519772417627483,11.053503749709881,42.36173299956693,35.23670199851993,4.024492652604079,2.286123822459048,25.731540583593706,3212.7634579836167
563,56.30000000000053,42.36401608590427,35.256947544318784,7.092181548607336,3210.189600335029,25.734201672117912,115.97335264851435,116.92679200000002,11.123591349775205,0.1,7.2201591259306355,3130.1642855311347,35.12,25.61750286197676,3214.653687464606,4.105129415913761,2.320812656782169,4.025700000000006,2.287000000000001,73.89472048078095,38.9867930929709,25.439653416935904,0.5275991686457607,0.6525197739724463,11.051210402502807,42.34015912593063,35.27354860747351,4.026609158551401,2.2868543282103877,25.759687225429353,3210.146585240652
564,56.40000000000053,42.3610528670052,35.25955149337681,7.090713338882094,3207.609718653707,25.735325300010647,116.07182728860508,116.92679200000002,11.111424544222233,0.1,7.201525198802514,3130.1642855311347,35.12,25.61750286197676,3214.653687464606,4.105129415913761,2.320812656782169,4.025700000000006,2.287000000000001,73.88151083222907,38.98853884297544,25.411827932636257,0.5277171298176486,0.651776873069833,11.158807694464073,42.32152519880251,35.263513078561466,4.027984064072355,2.2865752171422082,25.898177102127555,3207.716846059069
565,56.50000000000053,42.357549844686815,35.2626299224689,7.089292926884767,3205.2962964169733,25.73613955019311,116.17185682380422,116.92679200000002,11.099220326913967,0.1,7.226063772941522,3130.1642855311347,35.12,25.61750286197676,3214.653687464606,4.124985666477949,2.3306409719989967,4.025700000000006,2.287000000000001,73.86794687400482,38.993994862889814,25.38391688765225,0.5278878933700587,0.650969898747406,11.12831742331354,42.34606377294152,35.24932859187003,4.02512273314962,2.285182412197942,25.722195571415067,3205.4240605826285
566,56.600000000000534,42.355011338317965,35.264860826349555,7.087981967145693,3203.2535409668044,25.73656425979819,116.26041635507714,116.92679200000002,11.08827660499552,0.1,7.297409066286676,3130.1642855311347,35.12,25.61750286197676,3214.653687464606,4.124985666477949,2.3306409719989967,4.025700000000006,2.287000000000001,73.85448942891122,38.99885050204449,25.358888595624766,0.5280498288405732,0.6502470782900471,11.13049889510933,42.41740906628667,35.25677070118797,4.024763900114203,2.2870356982015267,25.752328445136133,3203.3996411585013
567,56.700000000000536,42.35368726365317,35.266024484808945,7.086755505509901,3201.450415978795,25.736727935394264,116.33675337581707,116.92679200000002,11.078613281440026,0.1,7.210071060492517,3130.1642855311347,35.12,25.61048839290269,3205.0648514059462,4.124985666477949,2.3306409719989967,4.025700000000006,2.287000000000001,73.84122855515811,39.002490259654415,25.336788574653347,0.528193951032657,0.6496197654554031,11.016293997703386,42.330071060492514,35.2888925174466,4.024594091860872,2.2863259234063014,25.906075459660432,3201.498044886661
568,56.80000000000054,42.35317698861485,35.26647294339539,7.085621338564115,3199.8538489444786,25.736796413805337,116.40277104178973,116.92679200000002,11.070083537868081,0.1,7.231770946843099,3130.1642855311347,35.12,25.61048839290269,3205.0648514059462,4.124985666477949,2.3306409719989967,4.025700000000006,2.287000000000001,73.82872769360326,39.005161394327445,25.31728105110431,0.5283195662832338,0.6490751517512301,11.181708606878475,42.3517709468431,35.28497092346809,4.026370130989063,2.2878265285258648,25.700710548550962,3199.8668960519053
569,56.90000000000054,42.352963500320485,35.266660569838656,7.08459881785407,3198.435917044973,25.73687813342456,116.46073296936706,116.92679200000002,11.06253092366291,0.1,7.213178867375362,3130.1642855311347,35.12,25.61048839290269,3205.0648514059462,4.124985666477949,2.3306409719989967,4.025700000000006,2.287000000000001,73.81751465820884,39.00729100759561,25.300008222417084,0.5284286688356803,0.6485969050629687,11.072679716687146,42.33317886737536,35.283942737592575,4.024856129814166,2.2874290280455765,25.615446491930953,3198.295459632708
570,57.00000000000054,42.352708731235595,35.2668844769942,7.083697039092687,3197.174822510044,25.737006754999364,116.51236486911961,116.92679200000002,11.055823348988003,0.1,7.26116897626428,3130.1642855311347,35.12,25.61048839290269,3205.0648514059462,4.149188264190317,2.3386626148734546,4.025700000000006,2.287000000000001,73.80778780434088,39.00919776751891,25.28466799913557,0.5285241426139133,0.6481719554917097,11.008850527330234,42.38116897626428,35.27075248462689,4.027147446785641,2.2891954231699554,25.808436988905314,3197.2172806879503
571,57.10000000000054,42.352307740613995,35.26723689430737,7.082910188626476,3196.0534371156455,25.737167311149182,116.55868074112917,116.92679200000002,11.04985769875607,0.1,7.246579960796041,3130.1642855311347,35.12,25.61048839290269,3205.0648514059462,4.149188264190317,2.3386626148734546,4.025700000000006,2.307000000000001,73.7994390926673,39.01101703635433,25.49202171103026,0.5286085845092888,0.6534569885033827,10.984529093317171,42.36657996079604,35.302158840744895,4.0259812641250265,2.3065369447253588,25.74879353564249,3196.1811324506143
572,57.20000000000054,42.35180719076132,35.267676813387034,7.0822231264363795,3195.0573763887946,25.737330391446164,116.60019662923631,117.85911200000001,11.020580255172662,0.1,7.186389315374221,3130.1642855311347,35.12,25.677909150842677,3200.3770946691698,4.149188264190317,2.3386626148734546,4.025700000000006,2.307000000000001,73.79221469034086,39.01274974201566,25.42447864868334,0.5286838171984326,0.6516966585747191,11.05064811840771,42.30638931537422,35.29375839045548,4.026838579983079,2.305673554756816,25.8066411261469,3195.2374902510464
573,57.300000000000544,42.35129877162744,35.268123651364334,7.081618763733246,3191.6509167138224,25.73747434532291,116.63722749896279,117.85911200000001,11.015868356308955,0.1,7.243163312604132,3130.1642855311347,35.12,25.677909150842677,3200.3770946691698,4.149188264190317,2.3386626148734546,4.082400000000006,2.307000000000001,73.78586122785696,38.98353248441089,25.413608298004768,0.5283333667953872,0.6519062454939764,10.97241692130746,42.36316331260413,35.293214746343835,4.0819840019220095,2.3086906228046384,25.82358805795033,3191.599953776441
574,57.400000000000546,42.3508499810213,35.26851808554172,7.15924759005005,3188.3446577095083,25.737591814687647,117.45043968126599,117.85911200000001,10.999753983922735,0.1,7.227583241792452,3130.1642855311347,35.12,25.677909150842677,3200.3770946691698,4.149188264190317,2.3386626148734546,4.082400000000006,2.307000000000001,74.65530242435533,39.21466655916569,25.37643244090976,0.5252763740244714,0.647115854029326,11.027022493297148,42.34758324179245,35.31820466819161,4.08256228454831,2.3087717699912194,25.575488254357236,3188.3429625529716
575,57.50000000000055,42.35048375852979,35.26883995368873,7.15734857689789,3187.238844081067,25.73178643680271,117.5693705724866,117.85911200000001,10.98411361418865,0.1,7.29672242861507,3130.1642855311347,35.12,25.677909150842677,3200.3770946691698,4.176886061877417,2.344919199317297,4.082400000000006,2.307000000000001,74.61720728208586,39.240760927151584,25.340350107933226,0.5258942589315123,0.6457660226053276,11.086613001557794,42.41672242861507,35.29333788089716,4.08306478996732,2.30732021243519,25.93176968695409,3187.289591845349
576,57.60000000000055,42.36858260462387,35.25293487279159,7.156514469311201,3186.4548418264953,25.72607245590535,117.57685643574604,117.85911200000001,10.978882525522202,0.1,7.246831340832884,3130.1642855311347,35.12,25.677909150842677,3200.3770946691698,4.176886061877417,2.344919199317297,4.082400000000006,2.307000000000001,74.59130365280365,39.233606338781726,25.32828198637973,0.5259809712054424,0.6455761871001691,10.973544471173632,42.36683134083288,35.258010564609975,4.083418168497738,2.307301588936183,25.79916990438487,3186.5376587752926
577,57.70000000000055,42.386396511469485,35.23728369726556,7.156174082661913,3185.691095334875,25.722987950781725,117.57203299088405,117.85911200000001,10.975173776413964,0.1,7.2368126362319245,3130.1642855311347,35.12,25.676193265226075,3195.280109796124,4.176886061877417,2.344919199317297,4.082400000000006,2.307000000000001,74.57855161905115,39.22259349444474,25.319725902187024,0.5259232398987123,0.6455393090151768,11.007343496328108,42.35681263623192,35.23660601084706,4.083608239061768,2.3063332283201365,25.795677933688548,3185.6585382904573
578,57.80000000000055,42.396012764642904,35.22883636824797,7.155901127739331,3184.9142972348636,25.722454986320123,117.58086122176653,117.85911200000001,10.971560847875558,0.1,7.307756751069704,3130.1642855311347,35.12,25.676193265226075,3195.280109796124,4.176886061877417,2.344919199317297,4.082400000000006,2.307000000000001,74.57395228948374,39.21597388927837,25.31139087604892,0.525866910433397,0.6454357335995944,11.013045650692852,42.4277567510697,35.215988202632175,4.0806955790733745,2.3061305574686064,25.8299883421814,3184.889830099408
579,57.90000000000055,42.397674334648386,35.22737687655339,7.155488977089233,3184.161387168314,25.723306011532408,117.60506328581556,117.85911200000001,10.967886178263448,0.1,7.288516485531716,3130.1642855311347,35.12,25.676193265226075,3195.280109796124,4.176886061877417,2.344919199317297,4.082400000000006,2.307000000000001,74.57180783298652,39.21477332585498,25.302913413253783,0.5258659333253886,0.6452393133322317,10.93317253484599,42.40851648553171,35.19992076278029,4.081177157850612,2.306762332168752,25.74704869373406,3184.4647552974807
580,58.000000000000554,42.39502117844657,35.22970737323326,7.154999855385604,3183.473964708913,25.72442371356475,117.63671000883164,117.85911200000001,10.964324511799331,0.1,7.264353386420986,3130.1642855311347,35.12,25.676193265226075,3195.280109796124,4.190347267233187,2.351962105781634,4.082400000000006,2.307000000000001,74.56957481970068,39.21685747485456,25.294696648721068,0.5259096296267708,0.6449955013590716,10.936022902557687,42.38435338642098,35.215759592609984,4.0824277097614425,2.3068219803258754,25.65109910048365,3183.357282950706
581,58.100000000000556,42.39153663059054,35.23276827027651,7.154539319385127,3182.872174126208,25.72520218116581,117.66766313308068,117.85911200000001,10.961072636669613,0.1,7.274702137765587,3130.1642855311347,35.12,25.676193265226075,3195.280109796124,4.190347267233187,2.351962105781634,4.082400000000006,2.307000000000001,74.56667791647628,39.219761057681914,25.287194572796807,0.5259690005448923,0.6447564669148804,10.945912454311989,42.394702137765584,35.26063758405454,4.081866856804025,2.3068418459090347,25.770913231626146,3182.695620695839
582,58.20000000000056,42.389109679997475,35.2349002311487,7.154153518530287,3182.3541386330166,25.725521377148116,117.69358035760287,117.85911200000001,10.95822584602081,0.1,7.259715357108867,3130.1642855311347,35.12,25.66910716954245,3190.569804442007,4.190347267233187,2.351962105781634,4.139100000000006,2.307000000000001,74.56328587108126,39.22201481120176,25.280627026770016,0.5260231540629259,0.6445519728769747,10.977077610226079,42.379715357108864,35.225028633416336,4.140181014474715,2.3060481994685302,25.640559963101413,3182.3434393872694
583,58.30000000000056,42.388114554603035,35.23577442021255,7.240011341436642,3181.906231745983,25.725525598609494,118.41880596372445,117.85911200000001,10.955775261647862,0.1,7.2768806924937195,3130.1642855311347,35.12,25.66910716954245,3190.569804442007,4.190347267233187,2.351962105781634,4.139100000000006,2.307000000000001,75.5240807790375,39.45814572278978,25.274973528621626,0.5224578083675505,0.6405514771573161,10.993896809808996,42.39688069249372,35.207549678029004,4.140677309666686,2.306634589332814,25.80676157586778,3181.834731108764
584,58.40000000000056,42.388101393775045,35.23578598169444,7.239787803888008,3183.4206901139,25.71890842523059,118.43449574342752,117.85911200000001,10.953656423011655,0.1,7.246737727373706,3130.1642855311347,35.12,25.66910716954245,3190.569804442007,4.190347267233187,2.351962105781634,4.139100000000006,2.307000000000001,75.50215348807056,39.48215665580723,25.270085367887898,0.5229275567887671,0.6400381212248457,10.964534694157427,42.3667377273737,35.217082910311646,4.138323760587642,2.30684829986672,25.722594167685514,3183.4483264838987
585,58.50000000000056,42.40873109350112,35.21766559866069,7.242665271462229,3184.977602965342,25.712306257860497,118.35258536758332,117.85911200000001,10.960820619401046,0.1,7.215532235550839,3130.1642855311347,35.12,25.66910716954245,3190.569804442007,4.20715069085526,2.3603696601029913,4.139100000000006,2.307000000000001,75.5149551655532,39.474146586870226,25.286613168958223,0.5227328348448348,0.6405866967461934,10.93733918647784,42.335532235550836,35.2327874537671,4.138480370750699,2.3084312937848717,25.71296528586173,3184.9385409271704
586,58.60000000000056,42.429314010494124,35.19959095360718,7.245876307184659,3186.312877096061,25.708411653466158,118.26830848028712,117.85911200000001,10.968185648156666,0.1,7.3070477637057465,3130.1642855311347,35.12,25.66910716954245,3190.569804442007,4.20715069085526,2.3603696601029913,4.139100000000006,2.327000000000001,75.5394258720758,39.46257511827329,25.522968003260573,0.5224103130609202,0.6467638750579677,10.969543240774447,42.427047763705744,35.22211910381018,4.1390508848415,2.3260475765426487,25.694516854151757,3186.2183112822445
587,58.700000000000564,42.44145582915391,35.188930935277085,7.248091611344529,3187.4201090368333,25.70719245207206,118.20377204047593,118.79143200000001,10.950529515315539,0.1,7.33929510484915,3130.1642855311347,35.12,25.64067269718145,3185.8802489716154,4.20715069085526,2.3603696601029913,4.139100000000006,2.327000000000001,75.56061592849362,39.45474686657595,25.48188218213927,0.5221602071628656,0.645850859677577,10.930637085664449,42.45929510484915,35.192950004304144,4.139633073132923,2.3285405517276736,25.575449523514955,3187.29923125422
588,58.800000000000566,42.44525681142015,35.185594160763756,7.249150637084599,3185.829978356722,25.707527063629747,118.15988644078114,118.79143200000001,10.955767313356306,0.1,7.297299978148189,3130.1642855311347,35.12,25.64067269718145,3185.8802489716154,4.20715069085526,2.3603696601029913,4.139100000000006,2.327000000000001,75.57344206683958,39.420422715027975,25.494070538180132,0.5216174046983766,0.6467224038280341,10.95215270933031,42.417299978148186,35.1853499179185,4.139364564717708,2.327221165000845,25.621126528185155,3185.7205927619466
589,58.90000000000057,42.44421362642791,35.18650992752183,7.248202025303778,3184.121099006809,25.708320480518935,118.21602693489761,118.79143200000001,10.94824514654179,0.1,7.312182628757213,3217.3025767352187,35.12,25.64067269718145,3185.8802489716154,4.20715069085526,2.3603696601029913,4.139100000000006,2.327000000000001,75.56516626814886,39.41799710620245,25.476566456002754,0.5216424319947187,0.6463181370520218,11.02973584015485,42.43218262875721,35.23643224415254,4.138967727558404,2.3264380407466505,25.819472536675278,3184.0928077738304
590,59.00000000000057,42.44174006993417,35.18868140288436,7.247011002378515,3182.564128461714,25.70903763982054,118.27854799565304,118.79143200000001,10.940161235139595,0.1,7.332003357533026,3217.3025767352187,35.12,25.64067269718145,3185.8802489716154,4.217861897098085,2.3365655640277407,4.139100000000006,2.327000000000001,75.55395476306782,39.419559358792185,25.457755194169845,0.5217405161967934,0.645815316261056,10.932444221531187,42.45200335753302,35.176488195837955,4.1386453272391455,2.325632173410452,25.913833167187626,3182.642319920829
591,59.10000000000057,42.439504254095496,35.190644229146706,7.245932943722713,3181.1763316968795,25.70949410035092,118.33555355287527,118.79143200000001,10.932795933462204,0.1,7.379391647095197,3217.3025767352187,35.12,25.64067269718145,3185.8802489716154,4.217861897098085,2.3365655640277407,4.139100000000006,2.327000000000001,75.5432398326843,39.4213603441296,25.440616137166558,0.5218383594804955,0.6453510461100824,11.033879530746198,42.499391647095194,35.170802933414436,4.138804939729836,2.325989892428942,25.655342370744563,3181.2737848989423
592,59.20000000000057,42.43808119274598,35.191893565472945,7.24504779488881,3179.9427844840297,25.70971502811751,118.38551706555403,118.79143200000001,10.926230914058264,0.1,7.298917644893535,3217.3025767352187,35.12,25.613458006876584,3180.329409221208,4.217861897098085,2.3365655640277407,4.139100000000006,2.327000000000001,75.53398991900218,39.4227121315868,25.42533933701359,0.5219201603657002,0.6449414046437956,10.885215761343634,42.41891764489353,35.1726093255686,4.138192681619468,2.325707448025705,25.778012366502587,3179.7424141091983
593,59.30000000000057,42.43739242834086,35.192498254601816,7.244335431582114,3178.8444319753776,25.709801059424294,118.42904511385764,118.79143200000001,10.920395577362546,0.1,7.308389053901095,3217.3025767352187,35.12,25.613458006876584,3180.329409221208,4.217861897098085,2.3365655640277407,4.139100000000006,2.327000000000001,75.52627592325666,39.42358548013593,25.411760508522654,0.5219850310135085,0.6445826831587069,10.968654595570268,42.42838905390109,35.159840985819116,4.140290270716314,2.3262756756624157,25.694103453354238,3178.971586059533
594,59.400000000000574,42.43712421713883,35.192733727522736,7.243745240533574,3177.8638606494164,25.709843231693288,118.46727000091303,118.79143200000001,10.915199783774911,0.1,7.331960229357861,3217.3025767352187,35.12,25.613458006876584,3180.329409221208,4.217861897098085,2.3365655640277407,4.139100000000006,2.327000000000001,75.51979936749493,39.424145245066995,25.399669896844227,0.5220372084573606,0.644266850656005,10.87956181452722,42.45196022935786,35.24925027062072,4.139268566875667,2.3263800180032836,25.553473933301476,3177.819628869899
595,59.500000000000576,42.43699274087301,35.19284915587659,7.243232247755931,3176.986720848209,25.70989193325901,118.50123422285861,118.79143200000001,10.910561158044542,0.1,7.333097733914698,3217.3025767352187,35.12,25.613458006876584,3180.329409221208,4.230095064631058,2.3291174595478266,4.139100000000006,2.327000000000001,75.5142053213899,39.42456323652916,25.38887581476966,0.5220814159235003,0.643986229154858,10.95197128759828,42.453097733914696,35.215878465757086,4.138404643873574,2.32623224015608,25.664527997838185,3176.9871381469397
596,59.60000000000058,42.436840908871716,35.19298245559297,7.242769383331641,3176.2014837714714,25.70996071840216,118.531681075715,118.79143200000001,10.906411818630582,0.1,7.324604493665753,3217.3025767352187,35.12,25.613458006876584,3180.329409221208,4.230095064631058,2.3291174595478266,4.139100000000006,2.327000000000001,75.50923085436955,39.42494585910567,25.379220301953374,0.5221208773155479,0.64373507049704,10.922916367157267,42.44460449366575,35.171882492211935,4.138235767398733,2.32679741499951,25.814475240808406,3176.147046036413
597,59.70000000000058,42.43662646430943,35.19317072594706,7.242345508633999,3175.4986318803417,25.710042918304552,118.55907478420629,118.79143200000001,10.902697228154437,0.1,7.377197556514766,3217.3025767352187,35.12,25.711342859506438,3183.4154912611716,4.230095064631058,2.3291174595478266,4.139100000000006,2.327000000000001,75.504731803341,39.425331067335016,25.370576449915387,0.5221570903664939,0.6435095346843039,10.984545806577655,42.49719755651476,35.19632287732237,4.140046783817685,2.3270428168211144,25.700712981761097,3175.406108170793
598,59.80000000000058,42.43637019789374,35.19339571421433,7.241958375403901,3174.869903767101,25.710126715287057,118.58370800560215,118.79143200000001,10.899372363577518,0.1,7.360833463546044,3217.3025767352187,35.12,25.711342859506438,3183.4154912611716,4.230095064631058,2.3291174595478266,4.139100000000006,2.327000000000001,75.50064831728447,39.425714954232745,25.362839490044895,0.5221904160153676,0.6433070273928397,10.817030027146751,42.48083346354604,35.2005076021326,4.139631494943036,2.3258180210049164,25.740403756447584,3174.8310356440606
599,59.90000000000058,42.43610895242108,35.19362507456892,7.241608335401996,3174.3078299161707,25.71020340824997,118.60580321222523,118.79143200000001,10.896398144031961,0.1,7.318899252401039,3217.3025767352187,35.12,25.711342859506438,3183.4154912611716,4.230095064631058,2.3291174595478266,4.139100000000006,2.327000000000001,75.49695878298441,39.426079817334,25.355918481162384,0.52222076826517,0.643125530071454,10.838418643228103,42.438899252401036,35.18735506291831,4.138927847352777,2.3261081471482554,25.599002690849893,3174.3829787440172
600,60.00000000000058,42.4358698544399,35.193834991197704,7.241294909757021,3173.805542792863,25.710269491704146,118.62557113225759,118.79143200000001,10.893739234722396,0.1,7.274111873547547,3217.3025767352187,35.12,25.711342859506438,3183.4154912611716,4.240067188010932,2.3218607131256537,4.139100000000006,2.327000000000001,75.49364755857118,39.42641129373471,25.349731199199024,0.5222480641585906,0.6429631905967403,10.873293559774309,42.394111873547544,35.19610727191718,4.140335077495919,2.3276869447819655,25.674536317201955,3173.9750499222214
601,60.100000000000584,42.43566383266315,35.1940158689981,7.2410159147975595,3173.356745065278,25.710325341288847,118.64322848897105,118.79143200000001,10.891363148544347,0.1,7.329796745173944,3217.3025767352187,35.12,25.711342859506438,3183.4154912611716,4.240067188010932,2.3218607131256537,4.139100000000006,2.327000000000001,75.49069133279438,39.42670390222591,25.344202046662705,0.5222723915511197,0.6428181800211772,11.037664556189917,42.44979674517394,35.1320214400899,4.1381934065884804,2.328527845492735,25.693302363737644,3173.41287261786
602,60.200000000000585,42.43548971599789,35.194168735916364,7.240767971634769,3172.9557258262303,25.710373046539875,118.65899268983132,118.79143200000001,10.889240095756865,0.1,7.249195219322893,3217.3025767352187,35.12,25.77102988416258,3184.18237804395,4.240067188010932,2.3218607131256537,4.195800000000006,2.327000000000001,75.48805845814614,39.426959512065984,25.339261702826235,0.5222939934787965,0.6426887088534322,10.971156135804208,42.36919521932289,35.1597478763539,4.196267689575301,2.3271376548162195,25.675465691725016,3172.859849653547
603,60.30000000000059,42.43534099010729,35.194299311093154,7.33385553830429,3172.597362444586,25.71041478604473,119.4097002373428,118.79143200000001,10.887343060720891,0.1,7.336104602057993,3217.3025767352187,35.12,25.77102988416258,3184.18237804395,4.240067188010932,2.3218607131256537,4.195800000000006,2.327000000000001,76.52925547460632,39.671916794908675,25.334847302297522,0.5183889030264051,0.6386091056116776,10.938918740357765,42.45610460205799,35.1899700528036,4.194877825415771,2.3281705909292016,25.58983483156447,3172.658945494365
604,60.40000000000059,42.43521086302695,35.19441355748298,7.333675538258463,3174.270315105055,25.703409459899685,119.42205064900926,118.79143200000001,10.885647810657069,0.1,7.314795162666279,3217.3025767352187,35.12,25.77102988416258,3184.18237804395,4.240067188010932,2.3218607131256537,4.195800000000006,2.327000000000001,76.50639098093804,39.69694170835827,25.33090245539901,0.5188709230611723,0.6381071529766118,10.862828964550241,42.434795162666276,35.21288469701225,4.195633383787801,2.3252713104375924,25.521696192226177,3174.337129814291
605,60.50000000000059,42.457050667816745,35.17524167606136,7.3390968497792946,3175.9766863576615,25.696399275031645,119.33884895146137,118.79143200000001,10.893561769643107,0.1,7.330476939123734,3217.3025767352187,35.12,25.77102988416258,3184.18237804395,4.2478988368168,2.3159250745329385,4.195800000000006,2.327000000000001,76.54612302633797,39.69060948305643,25.34931823795952,0.5185188735084557,0.6386729397234608,10.957494557732321,42.45047693912373,35.181269082926555,4.195414646611073,2.3259312687517433,25.615232185385267,3175.9218150510073
606,60.60000000000059,42.47890562016134,35.1560617274093,7.344625079927166,3177.457924742588,25.69207535042946,119.253450911107,118.79143200000001,10.901633816406397,0.1,7.3999379494986925,3217.3025767352187,35.12,25.77102988416258,3184.18237804395,4.2478988368168,2.3159250745329385,4.195800000000006,2.327000000000001,76.59502525757186,39.68070515185814,25.368101890777695,0.5180585164430829,0.6393057228618775,10.886246025414545,42.51993794949869,35.12455942480689,4.196572860589161,2.3268515721458445,25.717631629914692,3177.4359494088903
607,60.70000000000059,42.49238588750113,35.144234027280476,7.3482118888381756,3178.70808724462,25.690431368365196,119.18591469847372,118.79143200000001,10.908640864545802,0.1,7.3774369858989175,3217.3025767352187,35.12,25.762798935057436,3185.4951939932234,4.2478988368168,2.3159250745329385,4.195800000000006,2.327000000000001,76.63020714407318,39.673836403772874,25.38440729179809,0.5177310343058543,0.6398273923765059,10.955660409266079,42.497436985898915,35.169340874978474,4.195553427475861,2.326960034263716,25.585042633183296,3178.6083981765087
608,60.800000000000594,42.497511165984676,35.13973758700748,7.349880017812248,3179.7755056239903,25.69042683757586,119.13723976056019,118.79143200000001,10.914554800427398,0.1,7.345642143840401,3217.3025767352187,35.12,25.762798935057436,3185.4951939932234,4.2478988368168,2.3159250745329385,4.195800000000006,2.327000000000001,76.64883517774508,39.67095094104526,25.398169020594565,0.5175675644522213,0.640220827031311,10.834826644822273,42.4656421438404,35.15246221460516,4.196666169859307,2.328024428521753,25.789483127692243,3179.8855583135987
609,60.900000000000595,42.4975252911735,35.13972519528468,7.350372507146776,3180.7112160132647,25.69102262112402,119.10162794591916,118.79143200000001,10.919604259073115,0.1,7.3706592392709,3217.3025767352187,35.12,25.762798935057436,3185.4951939932234,4.2478988368168,2.3159250745329385,4.195800000000006,2.327000000000001,76.65611648856178,39.670763184257126,25.409919110863147,0.5175159530834906,0.6405200472913204,10.95434054066794,42.4906592392709,35.15432256012056,4.19625559079872,2.3263154301728903,25.713249260199763,3180.750193435989
610,61.0000000000006,42.49566787638376,35.14135468387602,7.350402461816895,3181.5505655085944,25.691583234398884,119.07292984348327,118.79143200000001,10.924030668629406,0.1,7.432600984821775,3217.3025767352187,35.12,25.762798935057436,3185.4951939932234,4.250969901958717,2.3119239845042987,4.195800000000006,2.327000000000001,76.65812399215964,39.67167041623886,25.42021936590064,0.5175142352856998,0.6407650370954722,10.938791603958776,42.55260098482177,35.14147642323969,4.196015075326688,2.32588959597865,25.78784466367472,3181.4255697481685
611,61.1000000000006,42.49392010843805,35.142888015063136,7.350408644514458,3182.312261707312,25.691878405229666,119.04726848805593,118.79143200000001,10.928001239726814,0.1,7.350174079234684,3217.3025767352187,35.12,25.762798935057436,3185.4951939932234,4.250969901958717,2.3119239845042987,4.195800000000006,2.327000000000001,76.65907381435169,39.67261655419911,25.429458884844305,0.5175201653267538,0.6409826498361563,10.91499645703835,42.47017407923468,35.108668387488216,4.1938512086359285,2.328259557154902,25.804208573761592,3182.251192711854
612,61.2000000000006,42.492999883856,35.143695349100135,7.3505565161969155,3183.0045216480416,25.69192546137662,119.02308039461144,118.79143200000001,10.931604469285492,0.1,7.43348682649431,3217.3025767352187,35.12,25.734915034646708,3186.1648896936063,4.250969901958717,2.3119239845042987,4.195800000000006,2.327000000000001,76.66086680063026,39.673184223678106,25.43784360002735,0.5175154662267912,0.6411848228921667,10.936703226684976,42.55348682649431,35.14200914356578,4.195009756836879,2.326321172067759,25.683458124339925,3182.8592790875296
613,61.3000000000006,42.49285318161226,35.14382405518538,7.350840234431904,3183.631331784244,25.69183096537797,119.0001855332798,118.79143200000001,10.934879228283798,0.1,7.370423585111553,3217.3025767352187,35.12,25.734915034646708,3186.1648896936063,4.250969901958717,2.3119239845042987,4.195800000000006,2.327000000000001,76.66375559845683,39.67336393066949,25.445463964216405,0.5174983096114858,0.6413739961320949,10.925777938979403,42.49042358511155,35.121635072435005,4.1948349543006325,2.326752400852154,25.716241239691477,3183.58917089082
614,61.4000000000006,42.493147782337644,35.143565593759696,7.351190284556882,3184.196191432192,25.691694268096377,118.97889822004478,118.79143200000001,10.937844374774285,0.1,7.401681060462536,3217.3025767352187,35.12,25.734915034646708,3186.1648896936063,4.250969901958717,2.3119239845042987,4.195800000000006,2.327000000000001,76.66725974389027,39.6733048081135,25.45236386009977,0.5174738857322356,0.6415488697804314,10.934801394250327,42.521681060462534,35.14092163598606,4.195866774273913,2.3273232616484525,25.551156812105052,3184.347871150182
615,61.500000000000604,42.49357394978274,35.143191706866844,7.3515409841942985,3184.7034504059343,25.691572893585167,118.95950956979462,118.79143200000001,10.940516462390601,0.1,7.371595635830829,3217.3025767352187,35.12,25.734915034646708,3186.1648896936063,4.252320109628019,2.307816742512724,4.195800000000006,2.327000000000001,76.67081683381488,39.67315883007959,25.458581807982938,0.5174479739282255,0.6417079597070204,10.883330131986412,42.491595635830826,35.13662455303734,4.195941108833057,2.328502152241365,25.867638530678562,3184.6193637210527
616,61.600000000000605,42.49395234695889,35.142859731640876,7.351855176261369,3185.1582462381793,25.69148543508883,118.94210797346781,118.79143200000001,10.942916068074824,0.1,7.372680846361142,3217.3025767352187,35.12,25.734915034646708,3186.1648896936063,4.252320109628019,2.307816742512724,4.195800000000006,2.327000000000001,76.67406711328738,39.673020123645415,25.464165690410127,0.5174242298250304,0.6418509508741256,10.79104758235706,42.49268084636114,35.11918993859634,4.196306641318092,2.3274371634492863,25.68540887055259,3185.1628473197807
617,61.70000000000061,42.49422500756707,35.142620522141335,7.352122476781089,3185.565955635908,25.69142787915748,118.92659620688111,118.79143200000001,10.945067495098705,0.1,7.429669618879913,3217.3025767352187,35.12,25.761204906466684,3187.8816979056323,4.252320109628019,2.307816742512724,4.195800000000006,2.327000000000001,76.67688257534067,39.672923787717984,25.469172061094696,0.517403974382193,0.6419787005710804,10.980274695415584,42.54966961887991,35.12198660178008,4.194001246335891,2.3249725944725426,25.47218246193095,3185.5736707753426
618,61.80000000000061,42.49440444393865,35.14246310019544,7.3523479999064225,3185.931692230228,25.6913887826431,118.91277733003655,118.79143200000001,10.946996178155965,0.1,7.355279391344936,3217.3025767352187,35.12,25.761204906466684,3187.8816979056323,4.252320109628019,2.307816742512724,4.195800000000006,2.327000000000001,76.67928623382528,39.67286826641188,25.47366010656894,0.517387031295958,0.6420927253232059,10.87661466204794,42.475279391344934,35.10313109736313,4.196572579021131,2.327746227795121,25.63806131152654,3185.888261071076
619,61.90000000000061,42.49452633123188,35.14235616703235,7.3525418259246145,3186.260036758474,25.69135808939239,118.9004334912589,118.79143200000001,10.948726307451034,0.1,7.403891842284956,3217.3025767352187,35.12,25.761204906466684,3187.8816979056323,4.252320109628019,2.307816742512724,4.195800000000006,2.327000000000001,76.68136073415015,39.67283828300738,25.477686117438566,0.5173726431453247,0.64219469087875,10.959950164092884,42.523891842284954,35.120970489696134,4.196417643964316,2.3264172151514364,25.758537279148673,3186.417258544724
620,62.00000000000061,42.49462202051029,35.14227221781135,7.3527128747498045,3186.554980479957,25.691330037422354,118.88937068847522,118.79143200000001,10.950279552316374,0.1,7.4344493162709995,3217.3025767352187,35.12,25.761204906466684,3187.8816979056323,4.253356489611937,2.303698868427909,4.195800000000006,2.327000000000001,76.68318856608336,39.672819088612634,25.48130051824021,0.5173600606660187,0.6422861068008691,10.979344973891738,42.554449316271,35.15294621253278,4.194955132411176,2.327564744650813,25.775254433066166,3186.5820012438053
621,62.10000000000061,42.49470947533207,35.142195492854384,7.352866887044732,3186.819989709853,25.6913026337765,118.87943225265417,118.79143200000001,10.951674793538771,0.1,7.371264182664262,3217.3025767352187,35.12,25.761204906466684,3187.8816979056323,4.253356489611937,2.303698868427909,4.195800000000006,2.327000000000001,76.68482793717132,39.67280178625215,25.48454724456473,0.517348774893992,0.6423682245047767,10.884394484057609,42.49126418266426,35.13565279660277,4.196787559478057,2.3271692784749773,25.876928195052045,3186.7622851123756
622,62.200000000000614,42.49479490893839,35.1421205412101,7.353006799687597,3187.058106837513,25.691275997543407,118.87049439439902,118.79143200000001,10.95292842863908,0.1,7.335310471125318,3217.3025767352187,35.12,25.701611747383225,3185.533107091193,4.253356489611937,2.303698868427909,4.195800000000006,2.327000000000001,76.68631202468595,39.67278312051461,25.48746445344315,0.5173385193923997,0.6424420584767017,10.897490441451994,42.455310471125316,35.1622460865734,4.19711464586319,2.3267622294817465,25.75032443306985,3187.001279820947
623,62.300000000000615,42.49487795005868,35.1420476885912,7.353133915852373,3187.272039294437,25.691250906524523,118.86245603979663,118.79143200000001,10.954054849742738,0.1,7.417363104286373,3217.3025767352187,35.12,25.701611747383225,3185.533107091193,4.253356489611937,2.303698868427909,4.195800000000006,2.327000000000001,76.68765771457035,39.672763206383486,25.49008563535136,0.5173291816271736,0.642508451018353,10.976513982645045,42.53736310428637,35.09336873557873,4.1974197777384425,2.3266288215172564,25.65312725265191,3187.3642871925827
624,62.40000000000062,42.49495617381915,35.141979062348504,7.353248935863574,3187.464221019388,25.691227987555116,118.85522996265023,118.79143200000001,10.955066864445774,0.1,7.3347476320514104,3217.3025767352187,35.12,25.701611747383225,3185.533107091193,4.253356489611937,2.303698868427909,4.195800000000006,2.327000000000001,76.68887470507394,39.67274334413217,25.492440593565327,0.5173207130330642,0.6425681322926665,11.052713773699685,42.45474763205141,35.14080530171512,4.1940042656789265,2.3280709580190133,25.679650858346957,3187.438077511158
625,62.50000000000062,42.495027625998176,35.14191637691933,7.35335253848022,3187.636849928495,25.69120747102298,118.84873746590462,118.79143200000001,10.955975986577599,0.1,7.356845090497714,3217.3025767352187,35.12,25.701611747383225,3185.533107091193,4.254035812747798,2.2994686081993594,4.195800000000006,2.327000000000001,76.68997127005419,39.67272471729591,25.49455612076608,0.5173130731473786,0.6426217584609548,10.989436619448941,42.47684509049771,35.12175869829572,4.196145605885434,2.3274753418776135,25.603256300738018,3187.523481108373
626,62.60000000000062,42.49509158833877,35.14186026241819,7.353445566331059,3187.7919109939908,25.69118925918517,118.84290614626191,118.79143200000001,10.956792613454592,0.1,7.347873134294282,3217.3025767352187,35.12,25.701611747383225,3185.533107091193,4.254035812747798,2.2994686081993594,4.195800000000006,2.327000000000001,76.69095653512869,39.672707938916304,25.496456411508845,0.5173062083368853,0.6426699294327349,10.9405349606811,42.46787313429428,35.17943453317817,4.195097026173291,2.3265919579598737,25.846566654478778,3187.7132917676195
627,62.70000000000062,42.49514836556432,35.14181045149417,7.353528990078948,3187.9311932742908,25.691173088928267,118.83766940052489,118.79143200000001,10.957526135054852,0.1,7.331126644038427,3217.3025767352187,35.12,25.698493869203787,3179.525296988343,4.254035812747798,2.2994686081993594,4.195800000000006,2.327000000000001,76.69184056299027,39.67269310283709,25.49816331627265,0.5173000518908165,0.6427131944427845,10.932698030230602,42.451126644038425,35.135635395125576,4.195406905824881,2.327203422129623,25.469013948755475,3187.7956740040418
628,62.80000000000062,42.49519877795724,35.141766224497026,7.353603804914098,3188.0563056083056,25.691158667054523,118.83296651008288,118.79143200000001,10.958185014579552,0.1,7.379766004257142,3217.3025767352187,35.12,25.698493869203787,3179.525296988343,4.254035812747798,2.2994686081993594,4.195800000000006,2.327000000000001,76.69263360050795,39.67268001063293,25.499696528926627,0.5172945320575114,0.6427520531028478,11.014290269480897,42.49976600425714,35.11957267946324,4.196495324778765,2.325717153716401,25.617510613644686,3187.932273446716
629,62.900000000000624,42.49524373959082,35.14172677949668,7.353670945022659,3188.1686925383588,25.691145741481808,118.82874265741424,118.79143200000001,10.958776862695423,0.1,7.352099548916556,3217.3025767352187,35.12,25.698493869203787,3179.525296988343,4.254035812747798,2.2994686081993594,4.195800000000006,2.327000000000001,76.69334533543592,39.67266837809604,25.501073759492257,0.5172895797487844,0.6427869564118313,10.963128472131515,42.47209954891655,35.106076907149685,4.196435901676278,2.326557804877835,25.57291103744296,3188.2132910177306
630,63.000000000000625,42.495284036356324,35.14169142702043,7.353731241942663,3188.269650277759,25.691134119137324,118.82494867714746,118.79143200000001,10.95930851285865,0.1,7.400809309910493,3217.3025767352187,35.12,25.698493869203787,3179.525296988343,4.257857141047441,2.2953208521720945,4.195800000000006,2.327000000000001,76.69398448446427,39.67265795314978,25.502310909422086,0.5172851328540139,0.6428183092632277,10.910312600318498,42.52080930991049,35.154208396683565,4.194331250642049,2.3267916141511154,25.567428843194374,3188.3486027528675
631,63.10000000000063,42.49532027017749,35.14165963899293,7.353785419442268,3188.3603420047752,25.691123655542423,118.8215405922465,118.79143200000001,10.959786096850005,0.1,7.37070838295017,3217.3025767352187,35.12,25.698493869203787,3179.525296988343,4.257857141047441,2.2953208521720945,4.195800000000006,2.327000000000001,76.69455870491211,39.672648553197504,25.50342224736997,0.5172811373208483,0.6428464742698522,11.015927206166577,42.49070838295017,35.1304927820261,4.195557905504807,2.3259886931481075,25.640627256533968,3188.2918181590508
632,63.20000000000063,42.49535289148095,35.14163102024909,7.3538341075167954,3188.4418119015927,25.691114236879617,118.8184790599668,118.79143200000001,10.960215117123525,0.1,7.442896129921628,3217.3025767352187,35.12,25.71263155020419,3177.8577886869994,4.257857141047441,2.2953208521720945,4.195800000000006,2.327000000000001,76.69507469763256,39.67264005635415,25.50442057754645,0.5172775463452123,0.6428717761489521,10.96773305105267,42.562896129921626,35.16181295348682,4.195716075413851,2.3275795355655484,25.65752619500052,3188.5881925692856
633,63.30000000000063,42.495382255104104,35.14160525948557,7.353877861002752,3188.5149976940957,25.691105765604018,118.81572883028196,118.79143200000001,10.960600513218253,0.1,7.329238829309453,3217.3025767352187,35.12,25.71263155020419,3177.8577886869994,4.257857141047441,2.2953208521720945,4.195800000000006,2.327000000000001,76.69553837208989,39.6726323778783,25.505317394258885,0.517274318949373,0.6428945059990726,11.019326814030975,42.44923882930945,35.11675427094079,4.195424801001388,2.3265477886989947,25.83640617765774,3188.713842086131
634,63.40000000000063,42.49540866515292,35.14158208990663,7.3539171751079255,3188.5807417262263,25.69109815257167,118.81325826904107,118.79143200000001,10.960946721078113,0.1,7.374972429477907,3217.3025767352187,35.12,25.71263155020419,3177.8577886869994,4.257857141047441,2.2953208521720945,4.195800000000006,2.327000000000001,76.69595499642324,39.67262544973449,25.506123019948777,0.5172714187023898,0.6429149251103944,11.081805923265652,42.494972429477905,35.1152563508836,4.1961764457080815,2.3264661402471014,25.61616868918815,3188.433055530324
635,63.50000000000063,42.495432399542565,35.14156126769435,7.35395249582404,3188.6398007440685,25.69109131435177,118.81103895643469,118.79143200000001,10.961257725439536,0.1,7.419195108561041,3217.3025767352187,35.12,25.71263155020419,3177.8577886869994,4.260639216815381,2.291088992985804,4.195800000000006,2.327000000000001,76.69632930579426,39.67261920904793,25.50684672709781,0.5172688128380968,0.6429332682244633,11.038180153401338,42.53919510856104,35.16131394913878,4.194384088524235,2.3260316628477833,25.755056389744713,3188.6281845439676
636,63.600000000000634,42.49545371837692,35.14154256465727,7.35398422620735,3188.6928545934334,25.691085173230267,118.809045349455,118.79143200000001,10.961537106115392,0.1,7.335916226310019,3217.3025767352187,35.12,25.71263155020419,3177.8577886869994,4.260639216815381,2.291088992985804,4.195800000000006,2.327000000000001,76.69666557259039,39.67261359425036,25.507496845930525,0.5172664717307923,0.6429497463113258,10.924728887906728,42.455916226310016,35.13358659772561,4.195715482848842,2.326682612791768,25.745711426003957,3188.8245894382967
637,63.700000000000635,42.49547286393732,35.14152576824009,7.354012730324465,3188.740514004108,25.691079657926707,118.80725449150354,118.79143200000001,10.961788079139223,0.1,7.339271420048512,3217.3025767352187,35.12,25.777451846464082,3180.2789624528687,4.260639216815381,2.291088992985804,4.195800000000006,2.327000000000001,76.69696765266478,39.67260854547844,25.508080860156984,0.5172643685881112,0.6429645489763034,10.94810514128208,42.45927142004851,35.12885809749624,4.195204123412429,2.3284935954868953,25.65780161918298,3188.7186249424167
638,63.80000000000064,42.4954900584477,35.141510683484256,7.354038336296824,3188.7833275883377,25.6910747040117,118.80564575541845,118.79143200000001,10.962013533588886,0.1,7.345546188148809,3217.3025767352187,35.12,25.777451846464082,3180.2789624528687,4.260639216815381,2.291088992985804,4.195800000000006,2.327000000000001,76.69723902060899,39.672604006253074,25.508605492661346,0.5172624792346543,0.6429778465925947,10.969779207727079,42.46554618814881,35.08642857645549,4.195629109593132,2.3273616950810148,25.81293721750772,3188.7091133138583
639,63.90000000000064,42.49550550277313,35.14149713416966,7.354061339195685,3188.8217881439773,25.691070253777937,118.80420061159506,118.79143200000001,10.962216064693111,0.1,7.375846370144579,3217.3025767352187,35.12,25.777451846464082,3180.2789624528687,4.260639216815381,2.291088992985804,4.195800000000006,2.327000000000001,76.697482801723,39.67259992480459,25.50907678254088,0.5172607819133452,0.6429897922216029,10.951017098291219,42.49584637014458,35.19611271736048,4.196768281739614,2.3271248036838013,25.802294503624296,3188.8378972618916
640,64.00000000000064,42.4955193768219,35.14148496246179,7.35408200399779,3188.8563383302044,25.69106625570828,118.8029024171791,118.79143200000001,10.962398003648769,0.1,7.386930588362965,3217.3025767352187,35.12,25.777451846464082,3180.2789624528687,4.263542580112935,2.2868477559055504,4.195800000000006,2.327000000000001,76.69770180346033,39.672596254561896,25.509500154490695,0.5172592570794866,0.6430005233538855,10.97660707508941,42.50693058836296,35.15655336834304,4.193918456786113,2.326474387651131,25.816790569591706,3188.757266801593
641,64.10000000000063,42.49553184120387,35.1414740274569,7.35410056853383,3188.8873757728184,25.691062663777767,118.80173622462772,118.79143200000001,10.962561444470031,0.1,7.36507449968601,3217.3025767352187,35.12,25.777451846464082,3180.2789624528687,4.263542580112935,2.2868477559055504,4.195800000000006,2.327000000000001,76.69789854629605,39.67259295395872,25.509880481281773,0.5172578871898521,0.6430101634870901,10.984508900755536,42.48507449968601,35.15158536113618,4.196148552579202,2.326596743540312,25.482716810344648,3188.957988577208
642,64.20000000000063,42.49554303940644,35.141464203272925,7.354117246292723,3188.9152576515303,25.691059436768047,118.80068860866989,118.79143200000001,10.962708268139155,0.1,7.383575415284561,3217.3025767352187,35.12,25.777451846464082,3180.2789624528687,4.263542580112935,2.2868477559055504,4.195800000000006,2.327000000000001,76.69807529302047,39.67258998589593,25.510222139959822,0.5172566564979518,0.6430188235511975,10.969634251851168,42.50357541528456,35.17629488004724,4.195577338887442,2.3288512359052924,25.67619540715033,3188.8727643189154
643,64.30000000000062,42.49555309993194,35.14145537717428,7.354132228982669,3188.940304819031,25.691056537678463,118.79974751062025,118.79143200000001,10.962840164306806,0.1,7.38111349154309,3217.3025767352187,35.12,25.769923671698113,3183.879648322198,4.263542580112935,2.2868477559055504,4.195800000000006,2.327000000000001,76.69823407560298,39.672587317138685,25.51052906234195,0.517255550864869,0.6430266031910986,10.96180095852457,42.50111349154309,35.11827210076933,4.195443092578526,2.327030049231536,25.794917694301798,3188.937477733623
644,64.40000000000062,42.49556213813362,35.14144744796124,7.3541456888134835,3188.962805498793,25.69105393324673,118.79890209871397,118.79143200000001,10.962958650777466,0.1,7.380974478198716,3217.3025767352187,35.12,25.769923671698113,3183.879648322198,4.263542580112935,2.2868477559055504,4.195800000000006,2.327000000000001,76.69837671926778,39.672584917794424,25.510804780359173,0.5172545575899793,0.6430335919179484,10.953922300605239,42.500974478198714,35.18120939978278,4.195840207828847,2.3281610597937656,25.591197189077498,3188.9465165274933
645,64.50000000000061,42.49557025771,35.14144032465882,7.354157780512449,3188.983018604954,25.691051593557457,118.79814264294077,118.79143200000001,10.963065091001987,0.1,7.381215291926289,3217.3025767352187,35.12,25.769923671698113,3183.879648322198,4.263542580112935,2.2868477559055504,4.195800000000006,2.327000000000001,76.69850486385397,39.67258276090843,25.511052466761633,0.5172536652615389,0.6430398701417309,10.941077076319424,42.501215291926286,35.1604713767386,4.194248871669775,2.3287265482096466,25.60663052535764,3188.9339298236864
646,64.6000000000006,42.49557755192528,35.141433925446094,7.354168643108087,3189.0011767235233,25.691049491710277,118.79746040284107,118.79143200000001,10.963160709782432,0.1,7.430174879716233,3217.3025767352187,35.12,25.769923671698113,3183.879648322198,4.268978527159465,2.2818734173234754,4.195800000000006,2.327000000000001,76.69861998275954,39.67258082215611,25.511274971663727,0.5172528636248447,0.6430455100974006,11.020804409946317,42.55017487971623,35.13495924237663,4.19452854930682,2.327823459567421,25.621423519399553,3189.175287761558
647,64.7000000000006,42.49558410464404,35.141428176748526,7.354178401518966,3189.017488789973,25.691047603526272,118.796847526839,118.79143200000001,10.963246607374765,0.1,7.348599272841199,3217.3025767352187,35.12,25.769923671698113,3183.879648322198,4.268978527159465,2.2818734173234754,4.195800000000006,2.327000000000001,76.69872339982112,39.67257907959626,25.51147485536109,0.5172521434651256,0.643050576676063,10.94211520489146,42.468599272841196,35.11419790564359,4.196153469358891,2.3268741026307334,25.782894535440644,3188.942326984621
648,64.8000000000006,42.495589991246504,35.141423012434934,7.3541871679780275,3189.0321424944427,25.691045907281087,118.79629696185486,118.79143200000001,10.963323772155283,0.1,7.346989490553433,3217.3025767352187,35.12,25.769923671698113,3183.879648322198,4.268978527159465,2.2818734173234754,4.195800000000006,2.327000000000001,76.69881630443491,39.672577513456254,25.511654417805353,0.517251496502721,0.6430551281713985,10.895868098240767,42.46698949055343,35.12634620986959,4.197301518509896,2.327788329333736,25.77252070343194,3189.093170943469
649,64.90000000000059,42.49559527946049,35.14141837308759,7.354195043314523,3189.0453064423646,25.69104438346022,118.79580237210769,118.79143200000001,10.96339309199852,0.1,7.407721228442533,3217.3025767352187,35.12,25.685494529931617,3182.1671735495497,4.268978527159465,2.2818734173234754,4.195800000000006,2.327000000000001,76.6988997651525,39.67257610593423,25.511815725080567,0.5172509152987763,0.6430592169502324,10.860499948304254,42.52772122844253,35.12627305692548,4.196836487678777,2.3258377607167517,25.552989738876928,3189.0854255343215
650,65.00000000000058,42.49560003012442,35.141414205332886,7.354202118109258,3189.057132095379,25.691043014535445,118.79535806616096,118.79143200000001,10.963455364498161,0.1,7.358249760668734,3217.3025767352187,35.12,25.685494529931617,3182.1671735495497,4.268978527159465,2.2818734173234754,4.195800000000006,2.327000000000001,76.69897474192408,39.67257484101281,25.51196063318723,0.5172503931702175,0.6430628900550567,10.937225819579153,42.47824976066873,35.125980879175906,4.195609180617684,2.324480788020145,25.73204835307746,3188.8557803070244
651,65.10000000000058,42.4956042978843,35.14141046122984,7.354208473735161,3189.0677555148472,25.69104178476216,118.7949589313767,118.79143200000001,10.963511306148604,0.1,7.415420540828173,3217.3025767352187,35.12,25.685494529931617,3182.1671735495497,4.268978527159465,2.2818734173234754,4.195800000000006,2.327000000000001,76.69904209712229,39.672573704285,25.51209080940781,0.5172499241131134,0.6430661897453925,10.939682469239175,42.53542054082817,35.115543078166134,4.196772293135425,2.3250669923549685,25.676529355957577,3189.026212243792
652,65.20000000000057,42.49560813182549,35.14140709771581,7.3542141832934345,3189.0772989280026,25.691040679996934,118.79460037503299,118.79143200000001,10.963561560592707,0.1,7.390834098117317,3217.3025767352187,35.12,25.685494529931617,3182.1671735495497,4.268534883432091,2.2767472610777797,4.195800000000006,2.327000000000001,76.69910260545956,39.67257268279382,25.512207751499236,0.5172495027336848,0.6430691539841579,11.13852868270573,42.510834098117314,35.11591499417505,4.19608537821258,2.3256547698915866,25.737947309354617,3189.0630497415577
653,65.30000000000057,42.49561157604157,35.14140407610753,7.354219312454903,3189.085872134777,25.69103968753394,118.79427827143274,118.79143200000001,10.96360670603052,0.1,7.364531657131678,3217.3025767352187,35.12,25.685494529931617,3182.1671735495497,4.268534883432091,2.2767472610777797,4.195800000000006,2.307000000000001,76.69915696290235,39.67257176488661,25.293040670812417,0.5172491241862716,0.6375447707476019,10.928322906015788,42.484531657131676,35.17335370469787,4.195709460031951,2.3046352331555537,25.613605513508155,3189.043280956861
654,65.40000000000056,42.49561467014419,35.14140136165362,7.354223920215661,3189.093573771507,25.69103879595846,118.79398891439718,117.85911200000001,10.987619954027217,0.1,7.3230761179667425,3217.3025767352187,35.12,25.685494529931617,3182.1671735495497,4.268534883432091,2.2767472610777797,4.195800000000006,2.307000000000001,76.69920579467852,39.67257094008389,25.3484392339408,0.517248784117611,0.6389411785846617,10.999070621364762,42.44307611796674,35.15564254542391,4.195447521584257,2.3074096384625267,25.59709017960112,3189.00393367843
655,65.50000000000055,42.495617449719916,35.14139892313401,7.354228059575641,3191.6232279356504,25.691037995015627,118.79372897459587,117.85911200000001,10.98765638687953,0.1,7.342502967056234,3217.3025767352187,35.12,25.594275688291635,3179.6381872500733,4.268534883432091,2.2767472610777797,4.195800000000006,2.307000000000001,76.69924966246883,39.703953155077286,25.348523284531087,0.5176576476276219,0.6384382730234396,10.897612594635879,42.46250296705623,35.16137080903337,4.19569574216966,2.3065160001316882,25.63707850639246,3191.6956757612625
656,65.60000000000055,42.49561994673928,35.141396732500944,7.355387491903949,3194.152178736826,25.691037275492672,118.70953211144466,117.85911200000001,10.9996230012237,0.1,7.372463353589538,3217.3025767352187,35.12,25.594275688291635,3179.6381872500733,4.268534883432091,2.2767472610777797,4.195800000000006,2.307000000000001,76.71220462236028,39.707250351040344,25.376130263823086,0.5176132083090513,0.6390805215541252,10.963055004790652,42.492463353589535,35.1334024059742,4.194258174949878,2.3074407731108098,25.639639522316617,3194.1451531331118
657,65.70000000000054,42.49562218992405,35.14139476455683,7.356547257175562,3196.4533038828827,25.69094939912557,118.62539004173614,117.85911200000001,11.011586288285628,0.1,7.3260960999881775,3217.3025767352187,35.12,25.594275688291635,3179.6381872500733,4.268534883432091,2.2767472610777797,4.195800000000006,2.307000000000001,76.72490301217265,39.70769114714092,25.40372956707495,0.5175332856509597,0.6397684890047831,11.014197591183494,42.446096099988175,35.14433460666842,4.1936261545645985,2.307448941955146,25.824886001280216,3196.279795720398
658,65.80000000000054,42.495896153286125,35.141154417143355,7.357664217461211,3198.5267516376807,25.690774304818067,118.54851671311228,117.85911200000001,11.022471838401865,0.1,7.32014130062651,3217.3025767352187,35.12,25.594275688291635,3179.6381872500733,4.27491233369367,2.2752579723721813,4.195800000000006,2.307000000000001,76.73686243923497,39.707699749926725,25.428842531193112,0.5174527402833254,0.6404007961010141,11.022903583200534,42.44014130062651,35.1401962988816,4.194851766867273,2.3080241764926694,25.701625559826685,3198.603196520323
659,65.90000000000053,42.496442027299196,35.140675525605964,7.358739162725737,3200.392190260078,25.69055372423942,118.47890744539953,117.85911200000001,11.032280352939605,0.1,7.392029245814015,3217.3025767352187,35.12,25.594275688291635,3179.6381872500733,4.27491233369367,2.2752579723721813,4.195800000000006,2.307000000000001,76.7482162837877,39.707528849899006,25.451470774231677,0.517373963494795,0.6409734252273019,11.013012874316614,42.51202924581401,35.16213602619833,4.19320158334286,2.3051842889635306,25.624883414070222,3200.5398975076223
660,66.00000000000053,42.49712970931118,35.14007223152704,7.359752131498782,3202.0692753449985,25.690329356238667,118.41606506113497,117.85911200000001,11.04110487326075,0.1,7.410740119792756,3217.3025767352187,35.12,25.594275688291635,3179.6381872500733,4.27491233369367,2.2752579723721813,4.195800000000006,2.307000000000001,76.75886601334963,39.707264279701285,25.471828942612557,0.517298734882242,0.6414904024408952,11.019789948720751,42.53074011979275,35.14661051818605,4.194237998321138,2.3055733358809967,25.66916074070557,3202.0219107362054
661,66.10000000000052,42.49782919899033,35.13945858405633,7.360682672728796,3203.5763171904387,25.690125971439635,118.35948850148954,117.85911200000001,11.049038380820031,0.1,7.379679231631833,3217.3025767352187,35.12,25.738400347340374,3188.3895357326564,4.27491233369367,2.2752579723721813,4.195800000000006,2.307000000000001,76.76865712186896,39.706972178462145,25.490131544551822,0.5172289534181638,0.6419560632824625,11.057742315916954,42.49967923163183,35.119665456370264,4.195118500573915,2.3059798334393755,25.629822199122508,3203.5457109606946
662,66.20000000000051,42.4984632714398,35.13890233036572,7.361521387575025,3204.9302702950017,25.689951463892566,118.30865609870105,117.85911200000001,11.0561674930997,0.1,7.412536851517061,3217.3025767352187,35.12,25.738400347340374,3188.3895357326564,4.27491233369367,2.2752579723721813,4.195800000000006,2.307000000000001,76.7775082177859,39.70669350772753,25.506578406581017,0.517165696431514,0.6423747774822158,10.951040172546081,42.53253685151706,35.12844603168298,4.1967678797773385,2.305846228382127,25.578732108345573,3204.7808811583154
663,66.30000000000051,42.499007316168544,35.1384250589392,7.362270120556113,3206.146677592831,25.689803494966007,118.26302844841527,117.85911200000001,11.062572413927242,0.1,7.3728530287256575,3217.3025767352187,35.12,25.738400347340374,3188.3895357326564,4.27491233369367,2.2752579723721813,4.195800000000006,2.307000000000001,76.78543297580163,39.70644454418647,25.521354558930156,0.5171090792273016,0.6427509401031679,11.101130128831857,42.492853028725655,35.16874012934831,4.195128362356064,2.3072742629353793,25.6988492016853,3206.163118023063
664,66.4000000000005,42.49946862409398,35.13802037215857,7.362937359557225,3207.2396224607214,25.689676099842234,118.22207614535603,117.85911200000001,11.068326669676855,0.1,7.365834792941094,3217.3025767352187,35.12,25.738400347340374,3188.3895357326564,4.280606933961725,2.275460933590126,4.195800000000006,2.307000000000001,76.7925084593928,39.7062257972895,25.534629626944515,0.5170585854515457,0.6430888132582878,11.133733787092382,42.48583479294109,35.162209073015426,4.194851862292551,2.3078699575554014,25.665331072941445,3207.232843741828
665,66.5000000000005,42.49986579113185,35.13767195545108,7.363533573768899,3208.22175577431,25.689563706233827,118.18530614974466,117.85911200000001,11.073496882237478,0.1,7.412478359080893,3217.3025767352187,35.12,25.738400347340374,3188.3895357326564,4.280606933961725,2.275460933590126,4.195800000000006,2.307000000000001,76.79883503229154,39.70603138920117,25.546557307321873,0.5170134595466978,0.6433923616518813,11.06243230751598,42.53247835908089,35.15113834026387,4.196768579601031,2.3061387934369297,25.5669837762235,3208.2413835900275
666,66.60000000000049,42.500216189445425,35.13736456826808,7.364068369328848,3209.1043943083387,25.68946258661303,118.15227555461018,117.85911200000001,11.078142897003001,0.1,7.377611631611273,3217.3025767352187,35.12,25.738400347340374,3188.3895357326564,4.280606933961725,2.275460933590126,4.195800000000006,2.307000000000001,76.80450891805945,39.705855070179986,25.557275663385933,0.5169729698101583,0.6436651626873044,11.009787496376545,42.49761163161127,35.1293039552119,4.195379851550976,2.3054483993921933,25.788652645259422,3208.9601566264805
667,66.70000000000049,42.50053143997522,35.137088015653966,7.364549481734381,3209.8976563894466,25.689370749922876,118.12259333834044,117.85911200000001,11.082318248358035,0.1,7.356300522963821,3217.3025767352187,35.12,25.77406844710456,3193.1242594400373,4.280606933961725,2.275460933590126,4.195800000000006,2.307000000000001,76.80961062112893,39.70569263345692,25.566908198961997,0.5169365176098758,0.6439103942848421,11.031548724774169,42.47630052296382,35.157970296405196,4.19509998966095,2.306475299424122,25.647449891962477,3210.1154516931942
668,66.80000000000048,42.50081775004044,35.136836851921835,7.364982895475666,3210.6106022911395,25.68928726785486,118.09591516608928,117.85911200000001,11.086070801388022,0.1,7.41702711872874,3217.3025767352187,35.12,25.77406844710456,3193.1242594400373,4.280606933961725,2.275460933590126,4.195800000000006,2.307000000000001,76.81420425245844,39.70554202510092,25.575565338802175,0.5169036431674047,0.6441308702607283,11.168933315750293,42.53702711872874,35.13062295598416,4.196059878786896,2.3057914284154535,25.836210870613193,3210.6016456210573
669,66.90000000000047,42.50107801373569,35.13660853798558,7.3653733752508,3211.2513605620466,25.689211639943938,118.07193605491784,117.85911200000001,11.089443416022364,0.1,7.352609076451152,3217.3025767352187,35.12,25.77406844710456,3193.1242594400373,4.280606933961725,2.275460933590126,4.195800000000006,2.307000000000001,76.81834156900598,39.705402536400584,25.583345960763605,0.5168739877146812,0.6443290919241947,11.05419189452161,42.47260907645115,35.13780175982192,4.195897841645982,2.3081963178272016,25.67248349054193,3211.244607232759
670,67.00000000000047,42.50131379131078,35.13640170491387,7.36572496932283,3211.827234507014,25.689143416180233,118.05038373610093,117.85911200000001,11.092474544634515,0.1,7.413682688977005,3217.3025767352187,35.12,25.77406844710456,3193.1242594400373,4.282329159599355,2.2755527222412075,4.195800000000006,2.307000000000001,76.82206647086213,39.705273964319424,25.590338774471835,0.5168472522068807,0.6445072963724725,11.122432335742362,42.533682688977,35.11638964329134,4.195152925025994,2.3063214028921935,25.80788646199446,3211.8218431608007
671,67.10000000000046,42.50152648571651,35.13621512180016,7.366041323758971,3212.3447907074715,25.68908206208875,118.03101367394022,117.85911200000001,11.095198735754376,0.1,7.465741960843523,3217.3025767352187,35.12,25.77406844710456,3193.1242594400373,4.282329159599355,2.2755527222412075,4.195800000000006,2.307000000000001,76.82541810961395,39.70515609069415,25.596623483385354,0.5168231695666546,0.6446674941893638,11.09396803609635,42.58574196084352,35.09656502293311,4.196917174389198,2.3076990868621867,25.71698550479789,3212.1641439917707
672,67.20000000000046,42.50171776323212,35.13604732676902,7.366325816932222,3212.8099340633607,25.68902696679577,118.01360559498444,117.85911200000001,11.097647052816882,0.1,7.377357719380875,3217.3025767352187,35.12,25.77406844710456,3193.1242594400373,4.282329159599355,2.2755527222412075,4.195800000000006,2.307000000000001,76.8284324156539,39.70504849039161,25.602271750848555,0.5168014918693259,0.6448114968816662,11.106875459832086,42.49735771938087,35.152503694824844,4.195239935601776,2.3069503379645773,25.670455256787427,3212.8269047297463
673,67.30000000000045,42.50188952831752,35.13589664903546,7.366581586225943,3213.2279734435906,25.688977500541803,117.9979609993211,117.85911200000001,11.099847429150365,0.1,7.313358910621858,3217.3025767352187,35.12,25.902058360255776,3201.363760729726,4.282329159599355,2.2755527222412075,4.195800000000006,2.307000000000001,76.8311425687694,39.704950544132686,25.6073480190499,0.5167819873119016,0.6449409372916086,11.170149020647395,42.433358910621855,35.206652780070975,4.193890940053291,2.305848761171646,25.76458518941632,3213.2417249547434
674,67.40000000000045,42.50204374431088,35.13576136619255,7.366811515278174,3213.6036806023735,25.68893306661591,117.98390117007655,117.85911200000001,11.10182497853826,0.1,7.44715762499365,3217.3025767352187,35.12,25.902058360255776,3201.363760729726,4.282329159599355,2.2755527222412075,4.195800000000006,2.307000000000001,76.83357901111788,39.70486152811657,25.611910225487776,0.5167644412655987,0.645057286180207,11.185174904877622,42.56715762499365,35.106850925323386,4.196046813914109,2.3084491549289385,25.664904999292396,3213.560928153832
675,67.50000000000044,42.50218227151825,35.135639846240075,7.36701822230533,3213.94134370953,25.6888931288479,117.97126539017204,117.85911200000001,11.10360227392481,0.1,7.412024516482084,3217.3025767352187,35.12,25.902058360255776,3201.363760729726,4.282329159599355,2.2755527222412075,4.195800000000006,2.307000000000001,76.83576939916367,39.70478070072014,25.616010445944546,0.5167486577046279,0.6451618670061043,11.146678822250417,42.53202451648208,35.107564096718455,4.196897935281671,2.3083953329431224,25.5659247832863,3213.946442357807
676,67.60000000000043,42.50230678150379,35.135530622767185,7.367204063679766,3214.244816055571,25.688857217041416,117.95990925236937,117.85911200000001,11.105199600641983,0.1,7.3529618760427695,3217.3025767352187,35.12,25.902058360255776,3201.363760729726,4.284317019137529,2.27557482572172,4.195800000000006,2.307000000000001,76.83773866007431,39.704707356010175,25.619695478681063,0.5167344595038318,0.6452558697628321,11.003058618203491,42.47296187604277,35.116257554013174,4.195141222180661,2.3055032366162784,25.76105534699718,3214.2755027741055
677,67.70000000000043,42.50241874015168,35.1354324098067,7.367371151345424,3214.5175601839837,25.68882491999323,117.94970305236862,117.85911200000001,11.106635186810507,0.1,7.314072660766243,3217.3025767352187,35.12,25.902058360255776,3201.363760729726,4.284317019137529,2.27557482572172,4.195800000000006,2.307000000000001,76.83950916559168,39.70464084467272,25.62300737597185,0.5167216875254618,0.6453403640196825,11.200986301266095,42.43407266076624,35.149216121999984,4.1944511290281845,2.3082960453102097,25.715189551908395,3214.674703845113
678,67.80000000000042,42.502519429429114,35.13534408274057,7.367521377267481,3214.7626876754525,25.68879587479851,117.94053029119549,117.85911200000001,11.107925412109134,0.1,7.368441300307154,3217.3025767352187,35.12,25.902058360255776,3201.363760729726,4.284317019137529,2.27557482572172,4.195800000000006,2.307000000000001,76.84110097336615,39.70458057473263,25.62598392573578,0.5167101989922634,0.6454163110349982,11.014725445214717,42.48844130030715,35.18256499348543,4.195603928736344,2.306479268404481,25.685141457422304,3214.886410011483
679,67.90000000000042,42.50260998072817,35.13526464904877,7.367656438747387,3214.982994879736,25.688769757394493,117.9322863104627,117.85911200000001,11.109084995975236,0.1,7.35969395900721,3217.3025767352187,35.12,25.748887440381935,3202.4826563085207,4.284317019137529,2.27557482572172,4.195800000000006,2.307000000000001,76.84253208164004,39.70452600428751,25.62865908571488,0.5166998656694981,0.6454845748050829,11.030868299728196,42.47969395900721,35.14638075455541,4.195658448322349,2.3061714932288866,25.792055507129696,3214.8616265224023
680,68.00000000000041,42.50269140434693,35.13519322244571,7.367777861144879,3215.18099495474,25.68874627591776,117.92487706812818,117.85911200000001,11.110127166635666,0.1,7.360205042715151,3217.3025767352187,35.12,25.748887440381935,3202.4826563085207,4.284317019137529,2.27557482572172,4.195800000000006,2.307000000000001,76.84381866335244,39.70447663378138,25.63106337342849,0.516690572181531,0.6455459320076028,11.021807135689821,42.48020504271515,35.145592912735715,4.196527158238043,2.307156069325712,25.70931228904697,3215.2401271926183
681,68.1000000000004,42.502764610198795,35.135129004711914,7.367887017004354,3215.3589465929545,25.688725166523835,117.91821804809292,117.85911200000001,11.11106381266866,0.1,7.410054415030139,3217.3025767352187,35.12,25.748887440381935,3202.4826563085207,4.284317019137529,2.27557482572172,4.195800000000006,2.307000000000001,76.84497526741552,39.70443200069443,25.633224215826605,0.5166822145823535,0.6456010808913796,11.153149530892824,42.530054415030136,35.12228548708011,4.1963340673852905,2.3063187782041603,25.618206991794164,3215.4714354794246
682,68.2000000000004,42.5028304208453,35.13507127426001,7.367985141983189,3215.518879797403,25.688706190697488,117.9122332894269,117.85911200000001,11.111905618895221,0.1,7.310588078428765,3217.3025767352187,35.12,25.748887440381935,3202.4826563085207,4.290345194519435,2.2755197557988414,4.195800000000006,2.307000000000001,76.84601498870282,39.704391676676586,25.635166262791284,0.5166746991696779,0.645650649216471,11.179810708910393,42.43058807842876,35.145578231776675,4.1970588786134595,2.3054930425810483,25.785772168957052,3215.418229182306
683,68.3000000000004,42.50288957988151,35.13501937877786,7.36807334842454,3215.662619030808,25.688689133207564,117.90685451946389,117.85911200000001,11.112662188313124,0.1,7.3747751160776716,3217.3025767352187,35.12,25.748887440381935,3202.4826563085207,4.290345194519435,2.2755197557988414,4.195800000000006,2.307000000000001,76.84694961363519,39.70435526609065,25.636911668438387,0.5166679414825567,0.645695201360781,11.147466099535528,42.49477511607767,35.09424077042822,4.195547870253887,2.3041759807879814,25.701432573742586,3215.6039586057677
684,68.40000000000039,42.5029427583121,35.13497272963454,7.368152637315381,3215.7918040190225,25.688673800225516,117.9020203768081,117.85911200000001,11.113342151604813,0.1,7.371446889386533,3217.3025767352187,35.12,25.748887440381935,3202.4826563085207,4.290345194519435,2.2755197557988414,4.195800000000006,2.307000000000001,76.84778974820557,39.70432240495609,25.638480343752313,0.5166618654231783,0.6457352446984964,11.137496163752504,42.49144688938653,35.18836412810061,4.197752614506625,2.3085029291806745,25.65999327946492,3215.7823400743405
685,68.50000000000038,42.50299056041693,35.13493079673413,7.368223909092381,3215.907908452021,25.688660017444857,117.89767571308181,117.85911200000001,11.113953265548739,0.1,7.376896130282681,3217.3025767352187,35.12,25.73613345113617,3205.5915372510635,4.290345194519435,2.2755197557988414,4.195800000000006,2.307000000000001,76.84854493312629,39.70429275971375,25.63989018362095,0.5166564024636313,0.6457712353369671,11.085313110438696,42.49689613028268,35.09529376414995,4.196464881453682,2.306129930195945,25.706372476253026,3215.878853410762
686,68.60000000000038,42.503033529613916,35.134893103372235,7.3682879735149305,3216.0122567955086,25.688647628216156,117.89377096467743,117.85911200000001,11.114502501485031,0.1,7.336172411967276,3217.3025767352187,35.12,25.73613345113617,3205.5915372510635,4.290345194519435,2.2755197557988414,4.195800000000006,2.307000000000001,76.84922374859397,39.704266025643456,25.641157270925977,0.5166514909185388,0.6458035832815885,11.04178578244992,42.45617241196727,35.10800079248774,4.194722282075213,2.3053594855749626,25.773441348261,3216.126040721653
687,68.70000000000037,42.50307215427331,35.13485922113507,7.368345558685093,3216.106039402578,25.688636491767582,117.89026158744126,117.85911200000001,11.114996124843383,0.1,7.365715544237048,3217.3025767352187,35.12,25.73613345113617,3205.5915372510635,4.290345194519435,2.2755197557988414,4.195800000000006,2.307000000000001,76.84983390977418,39.704241925007025,25.642296060013695,0.5166470752769867,0.6458326570860264,11.102646203578693,42.485715544237046,35.15635347090921,4.1966701277915925,2.307322742857479,25.63515247919398,3216.0665302123994
688,68.80000000000037,42.503106873265395,35.134828765032594,7.368397319245073,3216.190326095691,25.68862648156848,117.88710754821469,117.85911200000001,11.115439766629244,0.1,7.408004144442543,3217.3025767352187,35.12,25.73613345113617,3205.5915372510635,4.291284834998586,2.2755832356493313,4.195800000000006,2.307000000000001,76.85038235351988,39.70422020506702,25.643319541613675,0.5166431055921545,0.6458587880373758,11.127064596859666,42.52800414444254,35.12732332750299,4.194938042752064,2.306502736543415,25.773549319964378,3216.423274929617
689,68.90000000000036,42.503138081062104,35.13480138902289,7.368443843784081,3216.2660783728393,25.6886174838603,117.88427286775853,117.85911200000001,11.115838487673853,0.1,7.398579470342419,3217.3025767352187,35.12,25.73613345113617,3205.5915372510635,4.291284834998586,2.2755832356493313,4.195800000000006,2.307000000000001,76.85087531675379,39.704200636112475,25.64423939106359,0.5166395369273927,0.6458822739208904,11.171662854020996,42.51857947034242,35.135394210939225,4.194778948356414,2.306873432546624,25.81582381911844,3216.2104488388386
690,69.00000000000036,42.50316613231713,35.134776781994304,7.36848566150395,3216.3341603769177,25.688609396351325,117.88172521001911,117.85911200000001,11.116196836375892,0.1,7.359041155705228,3217.3025767352187,35.12,25.73613345113617,3205.5915372510635,4.291284834998586,2.2755832356493313,4.195800000000006,2.307000000000001,76.85131840705573,39.70418300957126,25.64506610151919,0.5166363288560839,0.6459033824052514,11.04360302002895,42.479041155705225,35.14664331377575,4.195532538510144,2.3074771013956514,25.6962381779341,3216.217923016673
691,69.10000000000035,42.50319134593512,35.13475466419561,7.368523248206765,3216.3953487537065,25.688602127057273,117.87943551309164,117.85911200000001,11.116518900592467,0.1,7.364742477770797,3217.3025767352187,35.12,25.743385735887088,3206.6875237018526,4.291284834998586,2.2755832356493313,4.195800000000006,2.307000000000001,76.85171666610846,39.70416713624201,25.64580910366683,0.5166334450112747,0.645922354086035,11.07292424790824,42.484742477770794,35.11906428805233,4.195117353783515,2.308100421674265,25.559436934356096,3216.3499693316835
692,69.20000000000034,42.50321400868626,35.13473478406504,7.368557031672726,3216.450341511288,25.688595593266513,117.8773776576413,117.85911200000001,11.116808354272642,0.1,7.363982552681328,3217.3025767352187,35.12,25.743385735887088,3206.6875237018526,4.291284834998586,2.2755832356493313,4.195800000000006,2.307000000000001,76.85207462670154,39.70415284465063,25.646476873306995,0.5166308526804011,0.6459394052217479,11.082392195297764,42.483982552681326,35.14907308986765,4.197338018568472,2.307629099712398,25.55361601297165,3216.4951210586
693,69.30000000000034,42.503234378432325,35.13471691540027,7.368587396493414,3216.4997659822548,25.688589720611542,117.87552816895136,117.85911200000001,11.117068499367189,0.1,7.330800715898363,3217.3025767352187,35.12,25.743385735887088,3206.6875237018526,4.291284834998586,2.2755832356493313,4.195800000000006,2.307000000000001,76.8523963639663,39.70413997952413,25.647077028040115,0.5166285224404552,0.6459547301935415,11.21310494146434,42.45080071589836,35.12285749636069,4.1950611341134145,2.30588488359819,25.53166611359114,3216.4976928359274
694,69.40000000000033,42.50325268702146,35.13470085481897,7.368614688418898,3216.544185979698,25.688584442232763,117.87386594916059,117.85911200000001,11.117302303494094,0.1,7.339442844729277,3217.3025767352187,35.12,25.743385735887088,3206.6875237018526,4.293162521905849,2.275477463881154,4.195800000000006,2.307000000000001,76.85268554145378,39.70412840037347,25.647616414160886,0.5166264278293483,0.6459685037165968,11.135497963697732,42.459442844729274,35.11844024604139,4.19730447573654,2.306074777088045,25.652043940621795,3216.6137571836216
695,69.50000000000033,42.50326914289515,35.13468641947184,7.368639218269428,3216.5841082286665,25.688579698024306,117.87237203661417,117.85911200000001,11.117512433790207,0.1,7.432118740819824,3217.3025767352187,35.12,25.743385735887088,3206.6875237018526,4.293162521905849,2.275477463881154,4.195800000000006,2.307000000000001,76.8529454525917,39.704117980178474,25.648101184754015,0.5166245450497504,0.6459808828282835,11.13674289693094,42.55211874081982,35.18908502019521,4.195079593427019,2.3070839660006146,25.60632856666035,3216.657316666138
696,69.60000000000032,42.503283933439434,35.13467344497997,7.368661265455788,3216.619988146462,25.688575433953986,117.87102938957592,117.85911200000001,11.117701287335459,0.1,7.41597721234325,3217.3025767352187,35.12,25.743385735887088,3206.6875237018526,4.293162521905849,2.275477463881154,4.195800000000006,2.307000000000001,76.8531790579899,39.704108604170486,25.648536869882914,0.5166228527021839,0.6459920086756163,11.1010906614942,42.53597721234325,35.13279500752123,4.194786323479773,2.307667937311699,25.637277237945703,3216.558293637134
697,69.70000000000032,42.503297227105065,35.13466178357501,7.368681081147145,3216.6522350376863,25.688571601450708,117.86982269183481,117.85911200000001,11.117871018496755,0.1,7.421476276743043,3217.3025767352187,35.12,25.747768765003716,3209.298248470669,4.293162521905849,2.275477463881154,4.195800000000006,2.307000000000001,76.8533890190081,39.70410016870909,25.648928439672023,0.5166213315445217,0.6460020081222244,11.131602174021287,42.54147627674304,35.079792916331094,4.196402447049482,2.3073572353911604,25.43777466123711,3216.6294741395136
698,69.80000000000031,42.503309175317284,35.134651302423826,7.36869889112102,3216.6812167632843,25.688568156853158,117.86873817799129,117.85911200000001,11.118023563503321,0.1,7.414026715625475,3217.3025767352187,35.12,25.747768765003716,3209.298248470669,4.293162521905849,2.275477463881154,4.195800000000006,2.307000000000001,76.85357772795454,39.70409258024941,25.649280361002173,0.5166199642753591,0.6460109951930062,11.09734167212303,42.53402671562547,35.036624604892,4.195990133676142,2.307795637914379,25.740390135850095,3216.6603348364815
699,69.9000000000003,42.503319914194606,35.134641882120704,7.368714898326741,3216.7072639368375,25.688565060913994,117.86776347643308,117.85911200000001,11.118160662533764,0.1,7.352095295027489,3217.3025767352187,35.12,25.747768765003716,3209.298248470669,4.293162521905849,2.275477463881154,4.195800000000006,2.307000000000001,76.85374733524857,39.70408575439559,25.649596648465405,0.5166187353389536,0.6460190723728166,11.141104723435028,42.472095295027486,35.13364972116208,4.197114961827892,2.307254358328838,25.594245681884598,3216.839182250389
700,70.0000000000003,42.503329566094536,35.13463341533142,7.368729285190781,3216.7306736959704,25.688562278354073,117.86688746821045,117.85911200000001,11.118283879566782,0.1,7.33053332770146,3217.3025767352187,35.12,25.747768765003716,3209.298248470669,4.293654788138813,2.2754087919395825,4.195800000000006,2.307000000000001,76.8538997738487,39.704079615035795,25.649880910160576,0.5166176307496373,0.6460263317739031,11.19882185768521,42.45053332770146,35.141450925185964,4.196056302900866,2.308831107606558,25.61686752062923,3216.7563059998934
701,70.10000000000029,42.50333824100335,35.13462580557406,7.368742215689788,3216.7517130918886,25.688559777461705,117.86610016020121,117.85911200000001,11.11839462022193,0.1,7.336316147319273,3217.3025767352187,35.12,25.747768765003716,3209.298248470669,4.293654788138813,2.2754087919395825,4.195800000000006,2.307000000000001,76.85403678121907,39.70407409355305,25.650136388852,0.5166166379337876,0.646032856185329,11.152614562550843,42.45631614731927,35.16025382638892,4.195514845834317,2.305650159391601,25.758723459972483,3216.9376894484676
702,70.20000000000029,42.50334603778539,35.13461896612309,7.368753837214571,3216.7706221357216,25.688557529732336,117.8653925711187,117.85911200000001,11.11849414779394,0.1,7.370032304883246,3217.3025767352187,35.12,25.747768765003716,3209.298248470669,4.293654788138813,2.2754087919395825,4.195800000000006,2.307000000000001,76.85415991908101,39.70406912810682,25.65036599896063,0.5166157455876279,0.6460387200162951,11.157739672419073,42.49003230488324,35.16402091450723,4.194006633506701,2.3065972719391175,25.61502389819734,3216.7789881105327
703,70.30000000000028,42.50335304530648,35.13461281902392,7.36876428224613,3216.7876165364164,25.688555509544567,117.86475662906182,117.85911200000001,11.11858359766356,0.1,7.370565239128432,3217.3025767352187,35.12,25.721566700563635,3208.752436495343,4.293654788138813,2.2754087919395825,4.195800000000006,2.307000000000001,76.85427059117256,39.70406466297961,25.650572359809843,0.5166149435492788,0.6460439901440782,11.02741497109097,42.49056523912843,35.208695494305005,4.1974259429285,2.306564970866475,25.67359288422013,3216.8661071066945
704,70.40000000000028,42.50335934344386,35.13460729420688,7.368773669862573,3216.802890161416,25.68855369386885,117.86418507943806,117.85911200000001,11.118663990249239,0.1,7.360150101230758,3217.3025767352187,35.12,25.721566700563635,3208.752436495343,4.293654788138813,2.2754087919395825,4.195800000000006,2.307000000000001,76.85437005921638,39.70406064798355,25.650757825505003,0.5166142226836486,0.6460487266762154,11.167580189604504,42.480150101230755,35.15738097346345,4.196599964233637,2.306758132397788,25.770118079805567,3216.755063197206
705,70.50000000000027,42.503365003994475,35.134602328690534,7.368782107094004,3216.816617248189,25.688552062005517,117.86367140220956,117.85911200000001,11.11873624264745,0.1,7.376311187846596,3217.3025767352187,35.12,25.721566700563635,3208.752436495343,4.293654788138813,2.2754087919395825,4.195800000000006,2.307000000000001,76.85445945727601,39.704057037922,25.65092451178768,0.5166135747788818,0.6460529836356033,11.145115414707004,42.496311187846594,35.189385887070465,4.195062545549673,2.307250125768772,25.868378762442884,3216.8389003463426
706,70.60000000000026,42.503370091491604,35.13459786586524,7.368789690140655,3216.828954391836,25.688550595349266,117.86320973751776,117.85911200000001,11.118801179094419,0.1,7.384365701151644,3217.3025767352187,35.12,25.721566700563635,3208.752436495343,4.3020671588032515,2.27536622537373,4.195800000000006,2.307000000000001,76.85453980466353,39.70405379210147,25.651074320170835,0.5166129924532087,0.6460568095762991,11.055479731512118,42.50436570115164,35.131063092466086,4.196339472499397,2.306976651803758,25.658546717386496,3216.8893533338714
707,70.70000000000026,42.50337466393913,35.13459385484907,7.368796505468014,3216.840042331452,25.688549277177394,117.86279481883864,117.85911200000001,11.118859540368552,0.1,7.371808399840845,3217.3025767352187,35.12,25.721566700563635,3208.752436495343,4.3020671588032515,2.27536622537373,4.195800000000006,2.307000000000001,76.85461201754339,39.7040508738898,25.65120895963026,0.5166124690711686,0.6460602481370238,11.243389103083135,42.49180839984084,35.196072342704326,4.196018633573124,2.3061564967432546,26.015769305836947,3216.873308669856
708,70.80000000000025,42.503378773471766,35.13459024990865,7.368802630791365,3216.8500075556085,25.688548092459424,117.86242191290577,117.85911200000001,11.118911992240882,0.1,7.353909108573802,3217.3025767352187,35.12,25.721566700563635,3208.752436495343,4.3020671588032515,2.27536622537373,4.252500000000007,2.307000000000001,76.85467691936472,39.704048250316156,25.651329966099723,0.5166119986682568,0.6460633385386707,11.144757158499774,42.4739091085738,35.123547264319555,4.253557569951473,2.3074134212270474,25.764401131059138,3216.7871770677175
709,70.90000000000025,42.50338246694851,35.134587009938514,7.465934198499486,3216.85896374528,25.688547027685956,118.6778579194619,117.85911200000001,11.118959133069863,0.1,7.45267272458473,3217.3025767352187,35.12,25.763280110012474,3211.7122259450825,4.3020671588032515,2.27536622537373,4.252500000000007,2.307000000000001,77.94005162934494,39.978853645536454,25.651438719992182,0.5129436382164796,0.6416251688311254,11.082569738403093,42.57267272458473,35.16496529441841,4.252919910554228,2.3072297652821803,25.765542766672745,3216.989734459818
710,71.00000000000024,42.50338578648626,35.134584097993084,7.465938789247376,3219.0743826872244,25.68121527173208,118.67756336540413,117.85911200000001,11.119001500627181,0.1,7.445257814370052,3217.3025767352187,35.12,25.763280110012474,3211.7122259450825,4.3020671588032515,2.27536622537373,4.252500000000007,2.307000000000001,77.9178580801687,40.00628739213309,25.651536461946918,0.5134418267885538,0.6411876265976904,11.08631282895805,42.56525781437005,35.15620472155149,4.2511311669214855,2.307638452497573,25.658889557043718,3218.9878213915736
711,71.10000000000024,42.52624326884808,35.11453605325298,7.474027391940382,3221.2890046045686,25.673883639616236,118.58786733212145,117.85911200000001,11.12948161465415,0.1,7.4251495489665515,3217.3025767352187,35.12,25.763280110012474,3211.7122259450825,4.3020671588032515,2.27536622537373,4.252500000000007,2.307000000000001,77.98594654010552,40.00355306373723,25.675714085007133,0.5129584859647086,0.6418358400339663,11.038487343770196,42.54514954896655,35.11861531458321,4.251560588717229,2.3050953716000966,25.638123008644087,3221.236200900203
712,71.20000000000023,42.54910036513243,35.09449406971169,7.481706421071538,3223.2609208345584,25.669179889938608,118.49465036104142,117.85911200000001,11.139957958329365,0.1,7.386123288332513,3217.3025767352187,35.12,25.763280110012474,3211.7122259450825,4.305024411723246,2.277528940906648,4.252500000000007,2.307000000000001,78.05740175285436,39.99657691852108,25.699883009865854,0.5123995421364189,0.6425520629482944,11.14206310766429,42.50612328833251,35.095116626111114,4.252749711949486,2.3065087169133185,25.623521482543538,3223.084115365892
713,71.30000000000022,42.563764775127396,35.081638762898585,7.486574663267892,3224.980604181877,25.667134449524777,118.41505197057775,117.85911200000001,11.149286174564523,0.1,7.466872578499036,3217.3025767352187,35.12,25.763280110012474,3211.7122259450825,4.305024411723246,2.277528940906648,4.252500000000007,2.307000000000001,78.10553565921776,39.99103410310397,25.721403204720364,0.512012801212821,0.6431792470883856,11.131041815815246,42.58687257849903,35.04306850014758,4.253385114365904,2.306163101025011,25.581285510148145,3224.9407531095235
714,71.40000000000022,42.570141640161566,35.07604932694451,7.488982610951187,3226.4849047373064,25.666798677995907,118.35193684276186,117.85911200000001,11.157421194640843,0.1,7.424275243015877,3217.3025767352187,35.12,25.763280110012474,3211.7122259450825,4.305024411723246,2.277528940906648,4.252500000000007,2.307000000000001,78.13139826572285,39.988362892879174,25.740170696036433,0.5118091289865285,0.6436915350845746,11.061273166845881,42.544275243015875,35.057026094109084,4.253567020382221,2.307122615374962,25.692594220249187,3226.322383162502
715,71.50000000000021,42.57118844147996,35.075131829475595,7.489901964351562,3227.8184240450214,25.667184343791405,118.30179938878734,117.85911200000001,11.164537339155656,0.1,7.481614373073661,3217.3025767352187,35.12,25.748911159566358,3215.2736222078483,4.305024411723246,2.277528940906648,4.252500000000007,2.307000000000001,78.14283685077415,39.98794296616019,25.756587641432105,0.5117288362914615,0.6441088420884421,11.109308936691033,42.60161437307366,35.087310279465285,4.2511187862597675,2.3080886871644988,25.71993619697211,3227.8729972260835
716,71.60000000000021,42.56998608979592,35.07618566431482,7.490167735208461,3229.0162779862344,25.66764887909298,118.25980477189738,117.85911200000001,11.170845597218014,0.1,7.51538075693275,3217.3025767352187,35.12,25.748911159566358,3215.2736222078483,4.305024411723246,2.277528940906648,4.252500000000007,2.307000000000001,78.14721850108741,39.988582487099066,25.771140792781967,0.511708327616838,0.6444624737847643,11.140374262810031,42.63538075693275,35.11298156335534,4.253179678824613,2.3078220408142722,25.654741634121294,3229.0819675985144
717,71.7000000000002,42.56853785453973,35.07745503172685,7.49030647087883,3230.1005000087944,25.667923064223718,118.22248559200479,117.85911200000001,11.176512085688382,0.1,7.508459522732345,3217.3025767352187,35.12,25.748911159566358,3215.2736222078483,4.305024411723246,2.277528940906648,4.252500000000007,2.307000000000001,78.1496023099909,39.98938623039145,25.784213381683106,0.5117030035772694,0.6447764222519478,11.168192916648124,42.62845952273234,35.0753820519534,4.252015678806573,2.3059945865109435,25.66097569119974,3230.2449842773067
718,71.8000000000002,42.56768305497614,35.078204267957226,7.490548193709365,3231.083741231247,25.667981661059827,118.18816607814334,117.85911200000001,11.181641034534962,0.1,7.424055491120974,3217.3025767352187,35.12,25.748911159566358,3215.2736222078483,4.299964544743423,2.2818756350297837,4.252500000000007,2.307000000000001,78.1524796388697,39.98994669031184,25.796045866672166,0.5116913356441034,0.6450632721878983,11.20272109970249,42.54405549112097,35.13534295220983,4.255082472572665,2.30673356698248,25.6122365277653,3231.0075757091663
719,71.90000000000019,42.56750037347989,35.07836439026976,7.490922741318279,3231.974118355962,25.667900945284128,118.15635648176021,117.85911200000001,11.186292290300736,0.1,7.422249265424298,3217.3025767352187,35.12,25.748911159566358,3215.2736222078483,4.299964544743423,2.2818756350297837,4.252500000000007,2.307000000000001,78.15641582581554,39.990200556891224,25.80677631372381,0.5116688135496896,0.6453275040971684,11.203395049843351,42.542249265424296,35.02539510019928,4.253210687468379,2.3067293786295275,25.625788808615706,3232.0206643480656
720,72.00000000000018,42.56775201298221,35.07814382561213,7.491372332917688,3232.778422890039,25.6677660858635,118.12706763915244,117.85911200000001,11.190504249320021,0.1,7.49038155805696,3217.3025767352187,35.12,25.748911159566358,3215.2736222078483,4.299964544743423,2.2818756350297837,4.252500000000007,2.307000000000001,78.16102500135915,39.99023714124389,25.8164933031813,0.5116391083733676,0.6455698977727613,11.264146602588552,42.61038155805696,35.061427550547485,4.2510795008439075,2.304543349597597,25.799798676791262,3232.7339067925836
721,72.10000000000018,42.568172450711955,35.07777530908892,7.491829759571754,3233.503475662173,25.667632933174637,118.10038155325107,117.85911200000001,11.19430903904622,0.1,7.482339102606133,3217.3025767352187,35.12,25.795146458186544,3219.7718223743345,4.299964544743423,2.2818756350297837,4.252500000000007,2.307000000000001,78.16572680168628,39.99016999560111,25.825270953079638,0.5116074734014806,0.6457904769077101,11.207927110094206,42.60233910260613,35.07629578929598,4.254023667226957,2.3075618483253164,25.663337085906615,3233.491473110853
722,72.20000000000017,42.56858756753475,35.07741145827634,7.4922517586309105,3234.1563193902225,25.667524803246103,118.07627621635874,117.85911200000001,11.197738925639525,0.1,7.426144828814614,3217.3025767352187,35.12,25.795146458186544,3219.7718223743345,4.299964544743423,2.2818756350297837,4.252500000000007,2.307000000000001,78.17010920106594,39.99008000632751,25.833183701450395,0.5115776402904424,0.6459897979039524,11.142206921951567,42.54614482881461,35.048566747767744,4.252810999218749,2.306740559306153,25.776442480776197,3234.030918244884
723,72.30000000000017,42.56892467339996,35.07711598562926,7.492622090097372,3234.743937242107,25.667443616290516,118.05460762468353,117.85911200000001,11.20082722491431,0.1,7.456541784236698,3217.3025767352187,35.12,25.795146458186544,3219.7718223743345,4.299964544743423,2.2818756350297837,4.252500000000007,2.307000000000001,78.17399674495184,39.99000580004917,25.840308407877323,0.5115512506098335,0.6461691587913087,11.226745026189695,42.576541784236696,35.03754203941878,4.251830403404424,2.3081682937573293,25.71397241918451,3234.696183203522
724,72.40000000000016,42.56917778185269,35.076894137371944,7.492942172786044,3235.272922730396,25.667382222996142,118.03515718556903,117.85911200000001,11.203606970981944,0.1,7.451086651395272,3217.3025767352187,35.12,25.795146458186544,3219.7718223743345,4.285774271301244,2.2861292809634928,4.252500000000007,2.307000000000001,78.17738351777132,39.989955712093646,25.846721282055356,0.5115284486721547,0.6463303302493747,11.212644645760383,42.57108665139527,35.06655330512059,4.254671209667396,2.3080539590295692,25.62749746977767,3235.3369335993975
725,72.50000000000016,42.569369181587234,35.076726376954774,7.493220730978541,3235.749277884635,25.667332519152453,118.01768589896642,117.85911200000001,11.206109354676025,0.1,7.435355063944435,3217.3025767352187,35.12,25.795146458186544,3219.7718223743345,4.285774271301244,2.2861292809634928,4.252500000000007,2.307000000000001,78.180342254453,39.98992366287428,25.8524942812376,0.5115086799277415,0.6464752095848199,11.156980551636773,42.55535506394443,35.066083922791805,4.252898168608829,2.30705676665316,25.50074896252537,3235.777015480755
726,72.60000000000015,42.56952413829032,35.07659055887248,7.493467017382681,3236.1783580316223,25.66728889891542,118.00197005677732,117.85911200000001,11.208362768799756,0.1,7.412039491517795,3217.3025767352187,35.12,25.795146458186544,3219.7718223743345,4.285774271301244,2.2861292809634928,4.252500000000007,2.307000000000001,78.18295919350551,39.98990060124291,25.857692907621047,0.5114912637454222,0.646605580880523,11.256852137940012,42.53203949151779,35.06123460605105,4.252603412155186,2.30477896820642,25.74721624615324,3236.1556596740447
727,72.70000000000014,42.56966012874129,35.076471364747185,7.493687948871976,3236.56491317342,25.667248636534882,117.98781565675388,117.85911200000001,11.210392546907181,0.1,7.423907195019552,3217.3025767352187,35.12,25.784046007847394,3223.2031993020473,4.285774271301244,2.2861292809634928,4.252500000000007,2.307000000000001,78.18530326297167,39.98987993310121,25.862375605714877,0.5114756644045697,0.6467230121465697,11.20843299828087,42.54390719501955,35.11688253394036,4.2520125426579725,2.305530858528987,25.78979031312759,3236.62298511995
728,72.80000000000014,42.56978565073885,35.076361346285225,7.493887810259803,3236.9131683674823,25.667210959479938,117.97505859122792,117.85911200000001,11.212221159043265,0.1,7.4413929658651625,3217.3025767352187,35.12,25.784046007847394,3223.2031993020473,4.285774271301244,2.2861292809634928,4.252500000000007,2.307000000000001,78.1874199519207,39.989858607577375,25.866594213912823,0.5114615449923797,0.6468288489775145,11.25208826535931,42.56139296586516,35.0854334742568,4.252847575277536,2.3060697097381664,25.500589398534743,3236.8067899966723
729,72.90000000000013,42.569903112725356,35.07625839247853,7.4940690517537805,3237.2269046174647,25.667175975379855,117.96355877887909,117.85911200000001,11.2138685919848,0.1,7.415031397809216,3217.3025767352187,35.12,25.784046007847394,3223.2031993020473,4.285774271301244,2.2861292809634928,4.252500000000007,2.307000000000001,78.18933694652426,39.98983615048248,25.870394841708944,0.5114487181011981,0.6469242520614032,11.197193884967481,42.53503139780921,35.07844823387711,4.251961822703641,2.3070436445871345,25.819377777050455,3237.293258198699
730,73.00000000000013,42.57001217915577,35.076162797395945,7.494233207849415,3237.5095238853637,25.66714394804447,117.95319370000982,117.85911200000001,11.215352731897102,0.1,7.452041491677967,3217.3025767352187,35.12,25.784046007847394,3223.2031993020473,4.277128784290193,2.29022473893804,4.252500000000007,2.307000000000001,78.19107218456242,39.9898132936226,25.873818752486624,0.511437075568302,0.6470102413959723,11.302363263333516,42.572041491677965,35.04514381691753,4.252934906176302,2.307413244303318,25.718330751846697,3237.3676685230357
731,73.10000000000012,42.57011202757657,35.07607528187411,7.49438152215823,3237.7640966109648,25.66711497794279,117.94385368121165,117.85911200000001,11.216689671876138,0.1,7.439975354113216,3217.3025767352187,35.12,25.784046007847394,3223.2031993020473,4.277128784290193,2.29022473893804,4.252500000000007,2.307000000000001,78.19263985835501,39.989790976637195,25.87690307301826,0.5114265364243771,0.6470877301693335,11.172522819880019,42.55997535411321,35.100420752135,4.251553903352379,2.307211249813786,25.553098631020877,3237.859345043562
732,73.20000000000012,42.57020234476556,35.07599612041648,7.494515231268931,3237.993396472211,25.667088955196423,117.93543920069601,117.85911200000001,11.217893936740875,0.1,7.430837241121466,3217.3025767352187,35.12,25.784046007847394,3223.2031993020473,4.277128784290193,2.29022473893804,4.252500000000007,2.307000000000001,78.19405344082993,39.989769873191676,25.87968131206121,0.5114170210328367,0.6471575453953892,11.378181406467892,42.550837241121464,35.12533010764217,4.250296469429436,2.3070764157026673,25.554720716417243,3237.980307531603
733,73.30000000000011,42.57028347327963,35.07592501275002,7.494635618317976,3238.199927854155,25.6670656322329,117.92785959329002,117.85911200000001,11.218978647468372,0.1,7.479066293003257,3217.3025767352187,35.12,25.809382082824836,3230.723946753022,4.277128784290193,2.29022473893804,4.252500000000007,2.307000000000001,78.19532650493213,39.989750299507364,25.882183739709543,0.5114084445569139,0.6472204388840204,11.272902108127965,42.599066293003254,35.03832972002349,4.251280595573478,2.3082252626428295,25.60746092480931,3238.1169065225413
734,73.4000000000001,42.57035618495071,35.07586128235457,7.494743964714164,3238.3859498137977,25.66704471315125,117.92103242722858,117.85911200000001,11.219955651136589,0.1,7.494673739945981,3217.3025767352187,35.12,25.809382082824836,3230.723946753022,4.277128784290193,2.29022473893804,4.252500000000007,2.307000000000001,78.19647245687713,39.98973230581426,25.88443768717212,0.5114007198709293,0.6472770932604789,11.232502911124627,42.61467373994598,35.03457045180113,4.251358925794142,2.307174144328011,25.693780485483263,3238.2638129141037
735,73.5000000000001,42.57042140227968,35.07580412065658,7.494841486592032,3238.553498358608,25.66702591465089,117.91488305623305,117.85911200000001,11.220835634290866,0.1,7.457264620761897,3217.3025767352187,35.12,25.809382082824836,3230.723946753022,4.277128784290193,2.29022473893804,4.252500000000007,2.307000000000001,78.19750401230141,39.98971580516806,25.88646780830904,0.5113937626305464,0.647328126422034,11.26780601421089,42.577264620761895,35.02448255071779,4.252648358739034,2.3056246827669784,25.68194428041354,3238.635343000163
736,73.6000000000001,42.570480008484395,35.07575275351787,7.494929294024507,3238.7044075130284,25.667008992297454,117.9093441227956,117.85911200000001,11.221628228333204,0.1,7.442273436940781,3217.3025767352187,35.12,25.809382082824836,3230.723946753022,4.26951119380112,2.294425319042702,4.252500000000007,2.307000000000001,78.198432820929,39.98970066972434,25.88829632276471,0.5113874949552891,0.6473740960597983,11.235762068124373,42.56227343694078,35.09404527581441,4.250919915445357,2.3059166195793055,25.804895717693714,3238.7868879501607
737,73.70000000000009,42.570532765613464,35.07570651300641,7.495008378331962,3238.8403290409287,25.66699374296394,117.90435497380763,117.85911200000001,11.222342109178083,0.1,7.502939838102726,3217.3025767352187,35.12,25.809382082824836,3230.723946753022,4.26951119380112,2.294425319042702,4.252500000000007,2.307000000000001,78.1992693323487,39.98968677982768,25.889943245873848,0.5113818469309551,0.6474155046128974,11.232657380267057,42.622939838102724,35.06561326471683,4.251609449513554,2.3083249493401774,25.677618446393538,3238.873399332329
738,73.80000000000008,42.570580306935625,35.07566484406586,7.495079618485981,3238.962750586833,25.666979996632172,117.89986103196767,117.85911200000001,11.222985090550205,0.1,7.465892807827366,3217.3025767352187,35.12,25.809382082824836,3230.723946753022,4.26951119380112,2.294425319042702,4.252500000000007,2.307000000000001,78.20002284256135,39.989674037861086,25.891426603899333,0.5113767564796183,0.6474528044261143,11.243726743898787,42.58589280782736,35.01733289009642,4.254075732467193,2.3074808653352528,25.770399081876015,3239.0119314673866
739,73.90000000000008,42.570623162499544,35.07562728211228,7.495143795625625,3239.0730121162537,25.666967606633104,117.89581317876437,117.85911200000001,11.223564209802165,0.1,7.452554374052539,3217.3025767352187,35.12,25.740754972506437,3233.859934623357,4.26951119380112,2.294425319042702,4.252500000000007,2.307000000000001,78.20070162633895,39.989662364428305,25.892762632013604,0.5113721684430425,0.6474864027620746,11.205558146186966,42.57255437405254,35.08822647247632,4.252331885215698,2.306469577641754,25.63679541063194,3239.1479736333863
740,74.00000000000007,42.570661789560646,35.0755934263651,7.49520160814222,3239.1723206864626,25.66695644241157,117.89216718622835,117.85911200000001,11.224085805686013,0.1,7.510251164379277,3217.3025767352187,35.12,25.740754972506437,3233.859934623357,4.26951119380112,2.294425319042702,4.252500000000007,2.307000000000001,78.20131308361735,39.98965168998096,25.89396595371764,0.5113680335165436,0.647516666423107,11.220794953302146,42.630251164379274,35.07314724409709,4.252810771362388,2.307133334861714,25.737882681750815,3239.1251289659053
741,74.10000000000007,42.57069659513769,35.07556292007643,7.495253683973,3239.261763679654,25.666946385461934,117.88888321156064,117.85911200000001,11.224555588226885,0.1,7.451928219171769,3187.366239140165,35.12,25.740754972506437,3233.859934623357,4.26951119380112,2.294425319042702,4.252500000000007,2.307000000000001,78.20186386438253,39.98964194839778,25.895049742039433,0.511364307348834,0.6475439258859615,11.198247317959,42.57192821917177,35.090018248986446,4.252497215377178,2.305901503844319,25.873654371520605,3239.2001116554634
742,74.20000000000006,42.57072794868388,35.07553543942486,7.495300589624945,3239.3423206686393,25.66693732753057,117.88592535288362,117.85911200000001,11.224978701322929,0.1,7.396238419672663,3187.366239140165,35.12,25.740754972506437,3233.859934623357,4.258928557005851,2.309317024590932,4.252500000000007,2.307000000000001,78.20235996395387,39.98963307409758,25.896025863952005,0.5113609498809264,0.647568478959753,11.209134674782591,42.51623841967266,35.06347629779951,4.253058918932193,2.309099948355123,25.470393969832994,3239.40726624171
743,74.30000000000005,42.570756187690705,35.075510688603586,7.4953428367462,3239.4148740804653,25.66692916993192,117.88326125740556,117.85911200000001,11.225359778876365,0.1,7.434622306390537,3187.366239140165,35.12,25.740754972506437,3233.859934623357,4.258928557005851,2.309317024590932,4.252500000000007,2.307000000000001,78.20280679427718,39.98962500183528,25.896905009867783,0.5113579248764468,0.6475905940273077,11.208438034442592,42.554622306390534,35.02142879188148,4.252051043230579,2.3067607743607508,25.67669308802811,3239.5822144508015
744,74.40000000000005,42.57078161982025,35.0754883979513,7.495380887266354,3239.480218799771,25.66692182316223,117.88086177249123,117.85911200000001,11.225702995238105,0.1,7.455337601663679,3187.366239140165,35.12,25.740754972506437,3233.859934623357,4.258928557005851,2.309317024590932,4.252500000000007,2.307000000000001,78.20320924014484,39.98961766775607,25.897696810014317,0.5113551995667691,0.6476105129381076,11.200332155117628,42.575337601663676,35.10141786742427,4.252898841152198,2.3065530868633357,25.608745514356393,3239.497338801335
745,74.50000000000004,42.570804524109434,35.0754683228966,7.495415157838657,3239.5390708279947,25.666915206427348,117.8787006321048,117.85911200000001,11.226012110636741,0.1,7.383063745829844,3187.366239140165,35.12,25.703595498610316,3237.5087774618464,4.258928557005851,2.309317024590932,4.252500000000007,2.307000000000001,78.2035717073592,39.989611010625396,25.89840993923897,0.511352744351218,0.6476284536090552,11.29512302970209,42.50306374582984,35.05802096151347,4.251850668350611,2.3068722190973476,25.60157483566328,3239.4511013333563
746,74.60000000000004,42.57082515244211,35.075450242667564,7.495446023949807,3239.592075094129,25.666909247005776,117.87675417349197,117.85911200000001,11.226290512141226,0.1,7.4051975999883055,3187.366239140165,35.12,25.703595498610316,3237.5087774618464,4.258928557005851,2.309317024590932,4.252500000000007,2.307000000000001,78.20389816668133,39.98960497270667,25.89905221150982,0.5113505325204389,0.6476446123732954,11.20814972479381,42.5251975999883,35.12336520302319,4.252795527147623,2.3060898629575997,25.701311338967365,3239.5858481620216
747,74.70000000000003,42.570843731534794,35.075433958551244,7.49547382380279,3239.6398124988623,25.66690387951007,117.87500108073795,117.85911200000001,11.226541250609912,0.1,7.455124558631304,3187.366239140165,35.12,25.703595498610316,3237.5087774618464,4.258928557005851,2.309317024590932,4.252500000000007,2.307000000000001,78.20419219493569,39.9895995001823,25.899630665157076,0.511348539992616,0.647659166104902,11.22116851841419,42.5751245586313,35.0959981318234,4.252394326178923,2.3065427212822724,25.816689195881015,3239.5026535050974
748,74.80000000000003,42.570860465239406,35.075419291875285,7.495498861955479,3239.682806264816,25.66689904513639,117.87342215280084,117.85911200000001,11.2267670740131,0.1,7.498885546449287,3187.366239140165,35.12,25.703595498610316,3237.5087774618464,4.253448819652786,2.318790988002646,4.252500000000007,2.307000000000001,78.20445701335092,39.98959454322223,25.90015163974823,0.5113467450633317,0.6476722741400739,11.285354927156979,42.618885546449285,35.10029371518243,4.253022098891965,2.3094710067006905,25.87752862618522,3239.677247399631
749,74.90000000000002,42.570875536882795,35.075406081957276,7.495521412671664,3239.7215276591137,25.666894690965574,117.87200009400998,117.85911200000001,11.226970457473048,0.1,7.478745921380806,3187.366239140165,35.12,25.703595498610316,3237.5087774618464,4.253448819652786,2.318790988002646,4.252500000000007,2.307000000000001,78.20469552284641,39.98959005585277,25.90062084539033,0.5113451281729033,0.6476840800122076,11.180685939915366,42.598745921380804,35.055050959294185,4.253544364681506,2.305697663217426,25.395520611374046,3239.5566274795797
750,75.00000000000001,42.57088911144574,35.07539418419492,7.495541722960511,3239.7564011490654,25.666890769342658,117.87071932512646,117.85911200000001,11.227153630334776,0.1,7.483433799026727,3187.366239140165,35.12,25.703595498610316,3237.5087774618464,4.253448819652786,2.318790988002646,4.252500000000007,2.307000000000001,78.2049103360789,39.98958599574451,25.901043425182337,0.5113436716939217,0.6476947130169988,11.278828340320532,42.603433799026725,35.08110116844576,4.252749787094606,2.3071579052104867,25.721794044347906,3239.744996809209
751,75.10000000000001,42.57090133749733,35.0753834683705,7.495560015308026,3239.787809046606,25.666887237335573,117.86956581310366,117.85911200000001,11.227318600555211,0.1,7.523255092991356,3187.366239140165,35.12,25.730332760600827,3234.5863897307836,4.253448819652786,2.318790988002646,4.252500000000007,2.307000000000001,78.205103806291,39.98958232398576,25.90142401148088,0.5113423597395558,0.6477042896230802,11.217041433845704,42.64325509299135,35.0851016532339,4.253255857516911,2.307543685878156,25.683907835718603,3239.8275288036275
752,75.2,42.57091234888263,35.07537381717173,7.495576490123733,3239.81609569209,25.666884056261676,117.8685269177524,117.85911200000001,11.22746717667386,0.1,7.438278471456911,3187.366239140165,35.12,25.730332760600827,3234.5863897307836,4.253448819652786,2.318790988002646,4.252500000000007,2.307000000000001,78.20527805318687,39.98957900486597,25.901766776586605,0.5113411779914565,0.6477129147429846,11.15124520457879,42.55827847145691,35.07842397699013,4.252780765654282,2.305465850582353,25.720416019765462,3239.7265040104735
753,75.3,42.57092226619861,35.07536512489797,7.495591327933479,3239.8415712231795,25.666881191268626,117.86759125363255,117.85911200000001,11.22760098760438,0.1,7.457254655530143,3187.366239140165,35.12,25.730332760600827,3234.5863897307836,4.253448819652786,2.318790988002646,4.252500000000007,2.307000000000001,78.20543498613836,39.98957600567227,25.90207547840331,0.5113401135453091,0.6477206828781897,11.18308238655154,42.57725465553014,35.11928664387238,4.253035053732073,2.3080089117615823,25.73160678868066,3239.985898341517
754,75.39999999999999,42.570931198100936,35.07535729631499,7.495604691349101,3239.86451497003,25.666878610958804,117.8667485656407,117.85911200000001,11.227721500463442,0.1,7.438124378837308,3187.366239140165,35.12,25.730332760600827,3234.5863897307836,4.246189834607184,2.3283596377113938,4.252500000000007,2.307000000000001,78.20557632503264,39.989573296494044,25.90235350156917,0.5113391547719325,0.6477276791508069,11.210579774354729,42.558124378837306,35.07968157257965,4.253742598307764,2.3065644046439537,25.642824961126287,3240.0984857894987
755,75.49999999999999,42.570939242474836,35.075350245628634,7.495616726841458,3239.885178513835,25.66687628705014,117.86598961691894,117.85911200000001,11.22783003663177,0.1,7.419959777002262,3187.366239140165,35.12,25.730332760600827,3234.5863897307836,4.246189834607184,2.3283596377113938,4.252500000000007,2.307000000000001,78.20570361903516,39.98957085003189,25.902603894509504,0.5113382911920823,0.6477339802332199,11.261012463190884,42.53995977700226,35.076271752391726,4.252028246359501,2.307398801181826,25.652640408602505,3239.9329835571325
756,75.59999999999998,42.57094648749249,35.075343895558035,7.495627566338628,3239.9037884420623,25.66687419406896,117.86530608785674,117.85911200000001,11.227927786222683,0.1,7.464425299065432,3187.366239140165,35.12,25.730332760600827,3234.5863897307836,4.246189834607184,2.3283596377113938,4.252500000000007,2.307000000000001,78.20581826349778,39.989568641409434,25.902829402815737,0.511337513363432,0.6477396551858078,11.194505175315937,42.58442529906543,35.10641862157701,4.2530721045046995,2.3073145172085097,25.65793690800488,3240.0801581347096
757,75.69999999999997,42.57095301257061,35.075338176496295,7.495637328667151,3239.920548830407,25.66687230907196,117.8646904850878,117.85911200000001,11.228015821115843,0.1,7.405288339687488,3187.366239140165,35.12,25.727263228092195,3236.353986815447,4.246189834607184,2.3283596377113938,4.252500000000007,2.307000000000001,78.20592151520356,39.98956664798945,25.90303249931426,0.5113368127784967,0.6477447662118285,11.254363330380215,42.525288339687485,35.10445466388942,4.252412621680849,2.3063126400342817,25.705384836199233,3239.7972634454068
758,75.79999999999997,42.57095888923726,35.07533302575081,7.495646120851585,3239.9356434784986,25.66687061139502,117.8641360594965,117.85911200000001,11.228095106698204,0.1,7.475034916064004,3187.366239140165,35.12,25.727263228092195,3236.353986815447,4.246189834607184,2.3283596377113938,4.252500000000007,2.307000000000001,78.20601450611106,39.98956484919627,25.903215411152765,0.5113361817724578,0.6477493693376206,11.225463155741027,42.595034916064,35.10189950381567,4.2518623102762625,2.30791143335649,25.657572161526325,3239.806269849711
759,75.89999999999996,42.57096418191489,35.075328386856825,7.495654039285915,3239.9492379237463,25.666869082426707,117.86363673234678,117.85911200000001,11.228166512440117,0.1,7.42103142587348,3187.366239140165,35.12,25.727263228092195,3236.353986815447,4.246189834607184,2.3283596377113938,4.252500000000007,2.307000000000001,78.2060982557431,39.98956322634648,25.90338014419936,0.5113356134399638,0.6477535150254737,11.251140866143901,42.54103142587348,35.08733561153641,4.2538551451482105,2.306745932465904,25.708827875669613,3239.9788840214655
760,75.99999999999996,42.5709689486265,35.07532420895862,7.49566117078899,3239.9614812552977,25.666867705404275,117.86318702873282,117.85911200000001,11.228230821421878,0.1,7.414731417126667,3187.366239140165,35.12,25.727263228092195,3236.353986815447,4.239243237864476,2.3377474924452426,4.252500000000007,2.307000000000001,78.20617368234927,39.98956176248947,25.903528505020283,0.5113351015600819,0.6477572487257912,11.229265626068367,42.534731417126665,35.045874097306246,4.253870309449188,2.307961395049327,25.72201582058115,3239.8650204414407
761,76.09999999999995,42.570973241631634,35.075320446251965,7.495667593555317,3239.972507747924,25.666866465229983,117.86278201762896,117.85911200000001,11.228288738914728,0.1,7.438015086426006,3187.366239140165,35.12,25.727263228092195,3236.353986815447,4.239243237864476,2.3377474924452426,4.252500000000007,2.307000000000001,78.20624161296193,39.98956044225829,25.903662120676287,0.51133464052862,0.6477606113745384,11.27128317479452,42.558015086426,35.072499905872824,4.252589723887901,2.3076041955435733,25.563298840824128,3240.0880736675545
762,76.19999999999995,42.57097710799901,35.07531705748232,7.49567337801145,3239.982438333688,25.66686534830577,117.86241725788574,117.85911200000001,11.228340900109998,0.1,7.50188468037733,3187.366239140165,35.12,25.727263228092195,3236.353986815447,4.239243237864476,2.3377474924452426,4.252500000000007,2.307000000000001,78.2063027924541,39.98955925173112,25.903782456553774,0.511334225297115,0.6477636398413772,11.228864464930151,42.62188468037733,35.09255006161607,4.254308361876395,2.308876672396075,25.584769621126412,3240.0453427561697
763,76.29999999999994,42.570980590121934,35.075314005493006,7.495678587587346,3239.991381927487,25.66686434238437,117.86208874958402,117.85911200000001,11.228387877080898,0.1,7.421604375912693,3187.366239140165,35.12,25.72915570698518,3235.5819205393123,4.239243237864476,2.3377474924452426,4.252500000000007,2.307000000000001,78.20635789169799,39.98955817830311,25.903890832425642,0.5113338513178378,0.6477663673333645,11.167286055388232,42.54160437591269,35.035760718352655,4.251125643825533,2.3063580563738277,25.696087840560168,3239.812463708378
764,76.39999999999993,42.570983726182504,35.07531125681838,7.495683279411146,3239.9994366209603,25.666863436435204,117.86179289021578,117.85911200000001,11.228430185053014,0.1,7.507264634812003,3187.366239140165,35.12,25.72915570698518,3235.5819205393123,4.239243237864476,2.3377474924452426,4.252500000000007,2.307000000000001,78.2064075149137,39.98955721056802,25.903988436917313,0.5113335144942203,0.6477688237586106,11.165646131328755,42.627264634812,35.11722399147914,4.252938033920662,2.308845562409571,25.64322262618631,3240.0477970458587
765,76.49999999999993,42.570986550569614,35.07530878131742,7.495687504935019,3240.006690757835,25.6668626205236,117.86152643521365,117.85911200000001,11.228468288052161,0.1,7.423289212129291,3187.366239140165,35.12,25.72915570698518,3235.5819205393123,4.239243237864476,2.3377474924452426,4.252500000000007,2.307000000000001,78.20645220628866,39.98955633820935,25.904076340536346,0.5113332111361746,0.6477710360538669,11.240231415048452,42.54328921212929,35.08771681925683,4.251548917810115,2.3076581414261845,25.819199233945657,3239.949687115371
766,76.59999999999992,42.57098909425564,35.07530655184366,7.495691310498865,3240.013223902464,25.666861885701948,117.86128646239784,117.85911200000001,11.228502603991315,0.1,7.426103748532647,3187.366239140165,35.12,25.72915570698518,3235.5819205393123,4.235178729243971,2.3472674009472216,4.252500000000007,2.307000000000001,78.20649245593975,39.98955555190032,25.90415550740797,0.5113329379198251,0.6477730284796075,11.256747373733631,42.546103748532644,35.11231949002262,4.251741486498079,2.3081013730465845,25.6376682984911,3240.0213234873972
767,76.69999999999992,42.57099138513561,35.075304543947794,7.495694737838108,3240.0191077121663,25.666861223911685,117.86107033995236,117.85911200000001,11.228533509252333,0.1,7.45359241759423,3187.366239140165,35.12,25.72915570698518,3235.5819205393123,4.235178729243971,2.3472674009472216,4.252500000000007,2.307000000000001,78.20652870528419,39.98955484321229,25.90422680584514,0.5113326918512151,0.6477748228858329,11.229703744969758,42.57359241759423,35.06419799824837,4.251580546951869,2.306807849109744,25.649406741485258,3240.079243731278
768,76.79999999999991,42.57099344833294,35.07530273560982,7.495697824541085,3240.024406722912,25.666860627894977,117.86087569758035,117.85911200000001,11.228561342812581,0.1,7.446091119671337,3187.366239140165,35.12,25.72915570698518,3235.5819205393123,4.235178729243971,2.3472674009472216,4.252500000000007,2.307000000000001,78.20656135187711,39.98955420453093,25.904291017868633,0.5113324702336002,0.6477764389514901,11.198451109924825,42.566091119671334,35.11341563886253,4.252438055796336,2.3074482354026387,25.69085706811274,3239.8294188853465
769,76.8999999999999,42.57099530647463,35.07530110699773,7.495700604461004,3240.029179056959,25.666860091115183,117.86070040052357,117.85911200000001,11.22858640996164,0.1,7.431193164403737,3187.366239140165,35.12,25.766125432807655,3237.235031124933,4.235178729243971,2.3472674009472216,4.252500000000007,2.307000000000001,78.20659075376877,39.989553628979735,25.904348847781513,0.5113322706379787,0.6477778944001286,11.289299843766518,42.551193164403735,35.06740784774395,4.253358548859881,2.306855290661354,25.641886762339695,3240.01547401915
770,76.9999999999999,42.57099697993931,35.075299640250186,7.495703108087029,3240.0334770601903,25.666859607685197,117.86054252616152,117.85911200000001,11.228608985648812,0.1,7.4909969155326195,3187.366239140165,35.12,25.766125432807655,3237.235031124933,4.235178729243971,2.3472674009472216,4.252500000000007,2.307000000000001,78.20661723342926,39.98955311035023,25.904400929891818,0.5113320908765349,0.6477792051941474,11.274261581021959,42.61099691553262,35.05086332211733,4.253608831661101,2.3049272305848043,25.688262107622656,3239.8457492125617
771,77.0999999999999,42.57099848708063,35.0752983192807,7.4957053628785,3240.0373478761294,25.666859172302928,117.86040034293478,117.85911200000001,11.228629317498061,0.1,7.505903611985204,3187.366239140165,35.12,25.766125432807655,3237.235031124933,4.235178729243971,2.3472674009472216,4.252500000000007,2.307000000000001,78.20664108128354,39.9895526430385,25.904447835468037,0.511331928978712,0.6477803857097552,11.264238506322972,42.6259036119852,35.029334426183446,4.2513807293762245,2.3072677371699917,25.604648010623194,3240.0723082292743
772,77.19999999999989,42.5709998444284,35.07529712960133,7.495707393565969,3240.040833962928,25.666858780193174,117.86027229136141,117.85911200000001,11.228647628523417,0.1,7.478080455916356,3187.366239140165,35.12,25.766125432807655,3237.235031124933,4.224494538712353,2.3567153080956165,4.252500000000007,2.307000000000001,78.20666255889537,39.98955222198751,25.904490079003534,0.5113317831696556,0.6477814488945548,11.298417209645047,42.59808045591635,35.075480286239845,4.251990160375232,2.307535036379133,25.72252478305717,3239.954428537925
773,77.29999999999988,42.57100106686977,35.07529605816386,7.495709222422317,3240.043973558985,25.666858427055267,117.86015696693902,117.85911200000001,11.228664119574598,0.1,7.414707531064977,3187.366239140165,35.12,25.766125432807655,3237.235031124933,4.224494538712353,2.3567153080956165,4.252500000000007,2.307000000000001,78.20668190183473,39.989551842634576,25.904528123858604,0.5113316518507918,0.647782406409483,11.194011445682511,42.534707531064974,35.11560143163777,4.251839737503506,2.306164436812151,25.80734283185773,3240.0211189691395
774,77.39999999999988,42.57100216781251,35.07529509321673,7.495710869506972,3240.0468011022986,25.666858109015937,117.86005310474523,117.85911200000001,11.228678971539637,0.1,7.476998784665533,3187.366239140165,35.12,25.766125432807655,3237.235031124933,4.224494538712353,2.3567153080956165,4.252500000000007,2.307000000000001,78.20669932226093,39.98955150086386,25.90456238734195,0.5113315335823302,0.647783268756649,11.252421547996471,42.59699878466553,35.0335603112895,4.253405761446852,2.308686616492668,25.53353678610005,3240.050773959415
775,77.49999999999987,42.57100315933192,35.07529422417625,7.495712352885833,3240.049347608155,25.66685782258683,117.859959565568,117.85911200000001,11.22869234732865,0.1,7.446555988437034,3187.366239140165,35.12,25.800624134128974,3239.3594307183666,4.224494538712353,2.3567153080956165,4.252500000000007,2.307000000000001,78.2067150112486,39.989551192963205,25.904593245287206,0.5113314270675023,0.6477840453944762,11.270179022443097,42.56655598843703,35.063251451899035,4.2520863014322305,2.306388191523472,25.641279098347887,3240.0284706760654
776,77.59999999999987,42.571004052303294,35.07529344151052,7.495713688829379,3240.0516410092814,25.66685756462628,117.85987532341353,117.85911200000001,11.228704393660493,0.1,7.467667699327436,3187.366239140165,35.12,25.800624134128974,3239.3594307183666,4.224494538712353,2.3567153080956165,4.252500000000007,2.307000000000001,78.20672914088303,39.989550915584985,25.904621036174767,0.5113313311383613,0.6477847448414094,11.243808119324084,42.58766769932743,35.06425830159133,4.254233941828934,2.305100996408567,25.42256968382605,3240.065988446664
777,77.69999999999986,42.571004856521114,35.07529273663495,7.495714891991064,3240.0537064622004,25.666857332304833,117.85979945425564,117.85911200000001,11.228715242671873,0.1,7.454362502830207,3187.366239140165,35.12,25.800624134128974,3239.3594307183666,4.224494538712353,2.3567153080956165,4.252500000000007,2.307000000000001,78.2067418661469,39.98955066571081,25.90464606484402,0.5113312447429926,0.6477853747693159,11.326772886159873,42.574362502830205,35.06416103277836,4.253228200431675,2.305581602731333,25.613232974732078,3239.873619595612
778,77.79999999999986,42.57100558080646,35.07529210181807,7.495715975568029,3240.0555666231407,25.666857123074237,117.85973112590254,117.85911200000001,11.22872501336657,0.1,7.427636863921521,3187.366239140165,35.12,25.800624134128974,3239.3594307183666,4.213898345483942,2.3662120563869413,4.252500000000007,2.307000000000001,78.20675332662017,39.989550440619304,25.904668605836687,0.5113311669339888,0.6477859420876128,11.191174452728704,42.54763686392152,35.05072065804842,4.252645095401348,2.3073971734470295,25.688078246626894,3240.0236386318948
779,77.89999999999985,42.57100623310376,35.0752915300968,7.495716951445809,3240.0572418965307,25.666856934639505,117.85966958887074,117.85911200000001,11.22873381292064,0.1,7.449738331867664,3187.366239140165,35.12,25.800624134128974,3239.3594307183666,4.213898345483942,2.3662120563869413,4.252500000000007,2.327000000000001,78.20676364801061,39.989550237857344,26.129263582666336,0.5113310968580731,0.6534022870287314,11.187253793378712,42.56973833186766,35.076736999263616,4.25319415701293,2.3251027084338287,25.624137445932938,3239.922137981701
780,77.99999999999984,42.57100682056789,35.07529101520011,7.495717830328675,3240.0587506587935,25.666856764933733,117.85961416816559,118.79143200000001,11.204769045705024,0.1,7.444803546193775,3187.366239140165,35.12,25.800624134128974,3239.3594307183666,4.213898345483942,2.3662120563869413,4.252500000000007,2.327000000000001,78.20677294353217,39.989550055213634,26.073497569355602,0.5113310337467496,0.6520077753652113,11.237507231662661,42.56480354619377,35.084997289246445,4.250868295264287,2.327500987846719,25.726678467410412,3239.853659408524
781,78.09999999999984,42.5710073496426,35.07529055148017,7.495718621857035,3237.5373739703523,25.666856612095444,117.85956425587855,118.79143200000001,11.204776182955797,0.1,7.443090585266049,3187.366239140165,35.12,25.845185862103115,3241.6135370971347,4.213898345483942,2.3662120563869413,4.252500000000007,2.327000000000001,78.20678131514696,39.958413722441406,26.07351417773815,0.5109328507130664,0.6525162474879419,11.323620145546034,42.563090585266046,35.090908768323565,4.2521553054490155,2.3259580678433336,25.85899631705314,3237.481024934871
782,78.19999999999983,42.57100782613125,35.07529013385053,7.494629986801593,3235.015862225817,25.66685647444816,117.94189660118681,118.79143200000001,11.19284872548962,0.1,7.493625880164338,3187.366239140165,35.12,25.845185862103115,3241.6135370971347,4.213898345483942,2.3662120563869413,4.252500000000007,2.327000000000001,78.19462642560666,39.95518439218455,26.045758984214356,0.5109709735642434,0.6518743282113109,11.229777476677468,42.613625880164335,35.04951487127757,4.250758519155449,2.3289205405726245,25.586054285425636,3234.978954415061
783,78.29999999999983,42.57100825526042,35.07528975773021,7.493541284607435,3232.717130995962,25.66693857136439,118.02416111174318,118.79143200000001,11.180920629136034,0.1,7.414608965680635,3187.366239140165,35.12,25.845185862103115,3241.6135370971347,4.213898345483942,2.3662120563869413,4.252500000000007,2.327000000000001,78.18272127701134,39.954642066535264,26.018002303999562,0.511041844207122,0.6511884716842805,11.23232302118097,42.53460896568063,35.034970604474985,4.25240689445736,2.3266562412984833,25.699946054251555,3232.6452118968546
784,78.39999999999982,42.57075230991438,35.07551408738226,7.492481781218758,3230.6409967288578,25.667102901204007,118.09939706554347,118.79143200000001,11.170046403521132,0.1,7.473042418972618,3187.366239140165,35.12,25.845185862103115,3241.6135370971347,4.205556579785101,2.3721403468241045,4.252500000000007,2.327000000000001,78.17139250115892,39.95443538655258,25.992697980993682,0.5111132616188235,0.6505585107014681,11.184086673861831,42.593042418972615,35.077766634417095,4.25373754038197,2.3278780782441197,25.694345378108025,3230.6511376146987
785,78.49999999999982,42.57023999520639,35.07596312048117,7.49145194666648,3228.768441072898,25.667310949555272,118.16762645953972,118.79143200000001,11.160225180346316,0.1,7.39263543370091,3187.366239140165,35.12,25.845185862103115,3241.6135370971347,4.205556579785101,2.3721403468241045,4.252500000000007,2.327000000000001,78.16052795681428,39.954346293094936,25.969843994665887,0.5111831679946014,0.6499879588607884,11.144293405275699,42.51263543370091,35.15664949722347,4.254121743345758,2.3269459035181868,25.689920888378467,3228.816251972825
786,78.59999999999981,42.56959138366649,35.07653161901914,7.490475022503285,3227.080505197341,25.667524167091308,118.22934203510725,118.79143200000001,11.15136699265786,0.1,7.415424717136872,3187.366239140165,35.12,25.845185862103115,3241.6135370971347,4.205556579785101,2.3721403468241045,4.252500000000007,2.327000000000001,78.1502697176854,39.95431506092549,25.94923099191485,0.5112498677900765,0.6494725526478283,11.156760320755344,42.53542471713687,35.08269587663865,4.251897070004311,2.327247929307786,25.567249450379894,3227.0214741146856
787,78.6999999999998,42.56892665667614,35.07711424729515,7.48957403407899,3225.5595635649006,25.66771925607757,118.28503337030084,118.79143200000001,11.143382155067494,0.1,7.4085375895035455,3187.366239140165,35.12,25.990691775628203,3221.862911867815,4.205556579785101,2.3721403468241045,4.252500000000007,2.327000000000001,78.14080395003593,39.95429577053754,25.93065027484207,0.5113115523623836,0.6490078169257443,11.06714235735327,42.52853758950354,35.08647908216149,4.252801147011776,2.3264510443279587,25.739139792634425,3225.60843674791
788,78.7999999999998,42.568318447252565,35.07764734258324,7.488760161504093,3224.1893153722162,25.66788820227963,118.33520070297274,118.79143200000001,11.136187289376606,0.1,7.497587537978077,3187.366239140165,35.12,25.990691775628203,3221.862911867815,4.205556579785101,2.3721403468241045,4.252500000000007,2.327000000000001,78.13223112898937,39.95426112136601,25.91390782237937,0.5113672109965102,0.6485893392863072,11.12312778003829,42.617587537978075,35.10088210801439,4.251636168601239,2.3291157912051115,25.747052311668643,3224.2139077693364
789,78.89999999999979,42.56779174057303,35.07810900402635,7.488032770016488,3222.9548133938656,25.668032434835194,118.38035429040741,118.79143200000001,11.129705284085103,0.1,7.4178459641478725,3187.366239140165,35.12,25.990691775628203,3221.862911867815,4.205556579785101,2.3721403468241045,4.252500000000007,2.327000000000001,78.1245485639539,39.95420278540313,25.898824196066045,0.5114167508141956,0.6482127633773717,11.097980604067441,42.53784596414787,35.08423153338943,4.2534676519108485,2.3271772387641896,25.785025043571824,3223.0218031457857
790,78.99999999999979,42.567342081157804,35.07850313550225,7.4873841618647905,3221.8424910936324,25.668156969616536,118.42099200312434,118.79143200000001,11.12386543083898,0.1,7.486023701705925,3187.366239140165,35.12,25.990691775628203,3221.862911867815,4.203911965699422,2.3763397385970526,4.252500000000007,2.327000000000001,78.11768561107817,39.95412437141662,25.885234857562317,0.5114606770397019,0.6478739120129672,11.165288183082957,42.60602370170592,35.116004033733496,4.253648838923174,2.326664148496277,25.71674422498641,3222.0006057274877
791,79.09999999999978,42.56695383152349,35.0788434424042,7.486804342308629,3220.8401291075456,25.66826677255979,118.45757768141111,118.79143200000001,11.118603552681096,0.1,7.457401328312081,3187.366239140165,35.12,25.990691775628203,3221.862911867815,4.203911965699422,2.3763397385970526,4.252500000000007,2.327000000000001,78.1115458156659,39.95403388517471,25.87299046708892,0.5114997209178467,0.6475689173575366,11.086506766777779,42.57740132831208,35.067628918371966,4.251799768484068,2.325583873552403,25.598111895859596,3220.949443413789
792,79.19999999999978,42.5666115098676,35.079143494081414,7.486283958104846,3219.936763162543,25.66836534925878,118.49052972902156,118.79143200000001,11.113861845498043,0.1,7.431957205059518,3187.366239140165,35.12,25.990691775628203,3221.862911867815,4.203911965699422,2.3763397385970526,4.252500000000007,2.327000000000001,78.10603543198073,39.95393890099725,25.861956514473956,0.51153459114938,0.6472942900212635,11.182739946994275,42.551957205059516,35.090357190848884,4.250511796957512,2.3265022951201737,25.798840519775027,3219.9545604123546
793,79.29999999999977,42.566304187150834,35.079412869592225,7.485815399163483,3219.122561131175,25.668454718565215,118.52021954023586,118.79143200000001,11.109588442426297,0.1,7.455535722883845,3187.366239140165,35.12,25.899899126506007,3213.4280227448794,4.203911965699422,2.3763397385970526,4.252500000000007,2.327000000000001,78.10107564706816,39.95384464390947,25.852012305526003,0.5115658691367755,0.6470469246685341,11.093236364595416,42.57553572288384,35.05777172143405,4.252984985847566,2.3269393993376397,25.733015251529007,3219.0448807277407
794,79.39999999999976,42.56602556940109,35.079657085425715,7.485392761613793,3218.3886958301455,25.668535925825864,118.54697572884274,118.79143200000001,11.10573683225534,0.1,7.376658509543567,3187.366239140165,35.12,25.899899126506007,3213.4280227448794,4.203911965699422,2.3763397385970526,4.252500000000007,2.327000000000001,78.09660373280659,39.95375395014722,25.843049608658188,0.5115940007691213,0.6468240666672815,11.170412421485679,42.496658509543565,35.10644393611704,4.25234006358309,2.327292505030134,25.75686703791977,3218.388936628649
795,79.49999999999976,42.56577239764529,35.07987899790923,7.485011372286934,3217.7272292619155,25.66860957057485,118.57109029210055,118.79143200000001,11.102265257696862,0.1,7.466779955777994,3187.366239140165,35.12,25.899899126506007,3213.4280227448794,4.203911965699422,2.3763397385970526,4.252500000000007,2.327000000000001,78.09256934365865,39.953667998853874,25.83497125466061,0.5116193299138547,0.6466232651130235,11.039824037615995,42.58677995577799,35.05092787696817,4.251701546208798,2.325950996381792,25.572777473337094,3217.659576447191
796,79.59999999999975,42.56554280277585,35.08008024516608,7.484667308284772,3217.1310135351832,25.668676143498306,118.59282437405389,118.79143200000001,11.09913616778577,0.1,7.442233686697477,3187.366239140165,35.12,25.899899126506007,3213.4280227448794,4.196546605144007,2.380600627615964,4.252500000000007,2.327000000000001,78.08893017835518,39.95358709659502,25.8276898624375,0.5116421367963551,0.6464423281943218,11.086779296336655,42.562233686697475,35.108681185739776,4.253202846705947,2.327224569395869,25.581056471594835,3217.294157131806
797,79.69999999999975,42.56533525502968,35.08026216791011,7.4843570796885395,3216.5936073801395,25.66873616665574,118.61241276661535,118.79143200000001,11.096315749181178,0.1,7.417005621995692,3187.366239140165,35.12,25.899899126506007,3213.4280227448794,4.196546605144007,2.380600627615964,4.252500000000007,2.347000000000001,78.08564886410052,39.95351121504047,26.043053063328234,0.5116626652430738,0.65183390073422,11.127196292639008,42.53700562199569,35.07369642320497,4.252028468456322,2.347989494734131,25.58141681776577,3216.6940401028533
798,79.79999999999974,42.565148126834075,35.08042619261964,7.484077479079544,3216.109204843058,25.668790208860376,118.63006718449904,119.72375200000002,11.06980083908611,0.1,7.419983905564031,3187.366239140165,35.12,25.899899126506007,3213.4280227448794,4.196546605144007,2.380600627615964,4.252500000000007,2.347000000000001,78.08269132337357,39.95344025506925,25.98082256933511,0.5116811367272819,0.6502774830770346,11.07115075588087,42.53998390556403,35.05548269286416,4.252499883830688,2.3465527350336877,25.694526667825293,3215.951808491588
799,79.89999999999974,42.564979644856905,35.08057387356466,7.483825537697678,3213.149837352872,25.668838850501185,118.64597868965919,119.72375200000002,11.067509356546417,0.1,7.4757556016533115,3187.366239140165,35.12,25.798050315265087,3229.058838224338,4.196546605144007,2.380600627615964,4.252500000000007,2.347000000000001,78.08002617757289,39.92203020188489,25.97544445981445,0.5112963219440081,0.6506543962934039,11.13820698911925,42.59575560165331,35.10144975068882,4.252556746380577,2.3482996050172633,25.660118559972368,3213.090914948447
800,79.99999999999973,42.564827999677505,35.08070679667353,7.4825137622588525,3210.2335243061816,25.66888264488277,118.74218395216862,119.72375200000002,11.053509968819945,0.1,7.435326215760945,3187.366239140165,35.12,25.798050315265087,3229.058838224338,4.196546605144007,2.380600627615964,4.252500000000007,2.347000000000001,78.06551243234887,39.918138034928695,25.94258789682042,0.5113415231792852,0.6498947389309703,11.113664572357356,42.55532621576094,35.11509976747084,4.252772078601531,2.346498628302691,25.621738924272037,3210.0682373286318
801,80.09999999999972,42.56469146631348,35.080826473882944,7.481223488264403,3207.577530066354,25.669003969938796,118.83694080912562,119.72375200000002,11.039714251590578,0.1,7.468581448155561,3187.366239140165,35.12,25.798050315265087,3229.058838224338,4.196546605144007,2.380600627615964,4.252500000000007,2.347000000000001,78.05147446408068,39.916940188439064,25.910209348483097,0.5114181437636883,0.6491030932272543,11.01384597938139,42.58858144815556,35.0554928187925,4.251518643555191,2.3495768258725622,25.644551267437755,3207.69260425607
802,80.19999999999972,42.56431322331882,35.08115802076889,7.479982830189726,3205.177935438166,25.66920334316106,118.92349897280076,119.72375200000002,11.027149981257159,0.1,7.426707888646298,3187.366239140165,35.12,25.798050315265087,3229.058838224338,4.185652080823732,2.381267342949924,4.252500000000007,2.347000000000001,78.03822764207128,39.916131105971644,25.88072100601056,0.5114945881273758,0.6483774927309697,11.035551778912229,42.546707888646296,35.03215446102131,4.252931898926264,2.346197533947018,25.800847791167406,3205.078658681526
803,80.29999999999971,42.56369165736109,35.081702854507874,7.478790737585761,3203.012555834234,25.66944278480487,119.0019981067038,119.72375200000002,11.0157986179345,0.1,7.42120873034483,3187.366239140165,35.12,25.798050315265087,3229.058838224338,4.185652080823732,2.381267342949924,4.252500000000007,2.347000000000001,78.0256446791148,39.915494325290574,25.85407935629228,0.5115689141620741,0.6477203851114794,11.087252832038594,42.54120873034483,35.01478666572717,4.253227243009877,2.3470825149844705,25.705111987943265,3202.804600990348
804,80.39999999999971,42.56294517409235,35.08235719012859,7.477668262078863,3201.0595845782896,25.669684165676248,119.07303307505265,119.72375200000002,11.005555216683735,0.1,7.42029367165437,3187.366239140165,35.12,25.798050315265087,3229.058838224338,4.185652080823732,2.381267342949924,4.252500000000007,2.347000000000001,78.01384471291419,39.91496859908882,25.830038093556738,0.5116395525175471,0.6471266043823566,10.97568108482253,42.54029367165437,35.0586745889935,4.250896180198926,2.3473739414926276,25.504979037002464,3201.181832750666
805,80.4999999999997,42.562192645087734,35.08301683136328,7.476636231792039,3199.2988246185237,25.669904537980695,119.13718406213631,119.72375200000002,10.99631662028728,0.1,7.413686363365315,3187.366239140165,35.12,25.8072277567641,3212.037101950381,4.185652080823732,2.381267342949924,4.252500000000007,2.347000000000001,78.0029906023608,39.914505648618395,25.808355107814254,0.511704812089735,0.6465908743807175,10.912592913114327,42.53368636336531,35.108050496720764,4.253281903525552,2.3469354673856215,25.547537674574716,3199.2596813516734
806,80.5999999999997,42.561505612391386,35.0836190661867,7.475703975892089,3197.7116488056236,25.670096218402612,119.19503023918034,119.72375200000002,10.987987285910338,0.1,7.4638727935720794,3187.366239140165,35.12,25.8072277567641,3212.037101950381,4.185652080823732,2.381267342949924,4.252500000000007,2.347000000000001,77.99316322975145,39.91407459458774,25.788806160031573,0.5117637616134285,0.6461080814718044,10.904893359615912,42.58387279357208,35.09610587708064,4.253664610575936,2.347166644134086,25.701080588658126,3197.6159510542034
807,80.69999999999969,42.56090802950803,35.084142895856814,7.474869407612825,3196.280997151557,25.670260952602774,119.2471512641946,119.72375200000002,10.980479097194824,0.1,7.454126942372909,3187.366239140165,35.12,25.8072277567641,3212.037101950381,4.185652080823732,2.381267342949924,4.252500000000007,2.347000000000001,77.98434465657252,39.91366271866333,25.77118444111626,0.511816351018081,0.6456732528599999,10.949035555466764,42.57412694237291,35.13928680085148,4.253852502738816,2.347340837514273,25.852264153996384,3196.360238663247
808,80.79999999999968,42.56039445416559,35.08459308925649,7.474123691796974,3194.991378146748,25.67040403661288,119.29410734580136,119.72375200000002,10.973711351291954,0.1,7.431928931259968,3187.366239140165,35.12,25.8072277567641,3212.037101950381,4.178471177529632,2.3802830789852054,4.252500000000007,2.347000000000001,77.97645236339764,39.913269064888254,25.755300541482224,0.5118631055293258,0.645281660582876,10.872238752194766,42.551928931259965,35.047943294255546,4.252083274744664,2.346690521546175,25.68150976303451,3194.9957198201964
809,80.89999999999968,42.55994837545569,35.08498411833907,7.473455903438362,3193.828816132586,25.670530662608233,119.336419269703,119.72375200000002,10.967610765093172,0.1,7.48220494359574,3187.366239140165,35.12,25.8072277567641,3212.037101950381,4.178471177529632,2.3802830789852054,4.252500000000007,2.347000000000001,77.96938016441383,39.9128973353211,25.74098246567368,0.5119047663474671,0.6449289373661702,11.07110724865425,42.60220494359574,35.10256230621904,4.2532973815925645,2.3458951701197144,25.75280554639971,3193.7236481949462
810,80.99999999999967,42.55955360625258,35.08533017173018,7.472855884166256,3192.7807446281818,25.670644508854245,119.37455785968835,119.72375200000002,10.96211122627405,0.1,7.469672998735241,3187.366239140165,35.12,25.8072277567641,3212.037101950381,4.178471177529632,2.3802830789852054,4.252500000000007,2.347000000000001,77.96302582429291,39.91255124231745,25.728075048065204,0.5119420497130177,0.6446111372802174,10.994662106064478,42.58967299873524,35.08496748443717,4.251397737267493,2.3460536855596206,25.628891206638734,3192.737837888062
811,81.09999999999967,42.559198679196015,35.08564130108332,7.472315295418917,3191.835871139993,25.670747727665937,119.4089428209088,119.72375200000002,10.957153288672897,0.1,7.403654243619158,3187.366239140165,35.12,25.778474475063355,3210.9069409895333,4.178471177529632,2.3802830789852054,4.252500000000007,2.347000000000001,77.9573027862176,39.9122326112849,25.7164387685153,0.5119755453922805,0.6443247367035078,11.005797664207373,42.523654243619156,35.062902189871636,4.253356772226678,2.346715827755274,25.50376706186686,3191.8919689370155
812,81.19999999999966,42.55887688422868,35.085923388012105,7.471827558432201,3190.9840388415,25.670841476535294,119.43994721911156,119.72375200000002,10.952683532768134,0.1,7.414593951554814,3187.366239140165,35.12,25.778474475063355,3210.9069409895333,4.178471177529632,2.3802830789852054,4.252500000000007,2.347000000000001,77.95214111807861,39.91194129617108,25.70594825140682,0.5120057091916713,0.6440665980302216,10.962017218512376,42.53459395155481,35.113087109772906,4.2526994525181845,2.3479559359205755,25.820452341995086,3190.8393533027925
813,81.29999999999966,42.55858461275358,35.08617959549653,7.471387370509079,3190.216100373107,25.670926459117194,119.4679038650576,119.72375200000002,10.948653911349341,0.1,7.421951078095965,3187.366239140165,35.12,25.778474475063355,3210.9069409895333,4.178471177529632,2.3802830789852054,4.252500000000007,2.347000000000001,77.9474837556393,39.911675853779876,25.69649072993691,0.5120328961342818,0.6438339202813329,10.917745122731954,42.54195107809596,35.09310981846045,4.2547062592340765,2.3470512978636497,25.741487489793347,3190.261092147938
814,81.39999999999965,42.55831967105624,35.08641184629033,7.470990223271205,3189.523808917432,25.671003268199634,119.49311130473717,119.72375200000002,10.945021152523424,0.1,7.441613931222271,3187.366239140165,35.12,25.778474475063355,3210.9069409895333,4.1736031180014574,2.379387086911193,4.252500000000007,2.347000000000001,77.9432821654596,39.911434277865865,25.687964644972485,0.5120573982648183,0.6436241921583498,11.010332366504718,42.56161393122227,35.07452286727758,4.253344323479629,2.3468958924735173,25.550343726316303,3189.53039364592
815,81.49999999999964,42.558080211060826,35.086621760206626,7.470632086139019,3188.8997254833375,25.67107252615088,119.51583855024629,119.72375200000002,10.941746244442605,0.1,7.4587535484339895,3187.366239140165,35.12,25.778474475063355,3210.9069409895333,4.1736031180014574,2.379387086911193,4.252500000000007,2.347000000000001,77.93949323735889,39.91121449578376,25.680278435706803,0.5120794713693756,0.6434351537565884,10.973157828136026,42.57875354843399,35.07586846306306,4.252587002115542,2.347064478496432,25.868951305783437,3188.9582790747277
816,81.59999999999964,42.55786429247202,35.08681103794149,7.470309256276417,3188.337138991093,25.671134897809477,119.53632857848478,119.72375200000002,10.938793996708409,0.1,7.423552790449904,3187.366239140165,35.12,25.778474475063355,3210.9069409895333,4.1736031180014574,2.379387086911193,4.252500000000007,2.347000000000001,77.93607764822502,39.91101459850896,25.673349510274644,0.512099348630973,0.643264767095993,10.917695971345772,42.5435527904499,35.08979679406688,4.252870290558982,2.345943707521185,25.73023808154527,3188.38146175088
817,81.69999999999963,42.55766984258918,35.086981496297724,7.470018313899085,3187.8299958245516,25.671191052681834,119.55480096967592,119.72375200000002,10.936132662331815,0.1,7.392886216326197,3187.366239140165,35.12,25.822289429947453,3200.575747760843,4.1736031180014574,2.379387086911193,4.252500000000007,2.347000000000001,77.93299924843252,39.91083288989401,25.667103358492778,0.5121172452591929,0.6431111931265171,10.843626059747717,42.512886216326194,35.04283172058079,4.253905870439341,2.347392929257488,25.69481020996492,3187.773963952354
818,81.79999999999963,42.557494774159125,35.08713496486902,7.469756121120225,3187.372836522815,25.6712416248213,119.57145406018267,119.72375200000002,10.933733604477462,0.1,7.4054110327687965,3187.366239140165,35.12,25.822289429947453,3200.575747760843,4.1736031180014574,2.379387086911193,4.252500000000007,2.347000000000001,77.93022492738868,39.910667853549256,25.661472769708613,0.5121333589212136,0.64297277269006,10.991284156941678,42.525411032768794,35.08357348055693,4.251756517348109,2.347182289956143,25.736482563478607,3187.15502329557
819,81.89999999999962,42.55733711045713,35.087273176386546,7.469519825568529,3186.960738297138,25.671287189487526,119.58646685295555,119.72375200000002,10.931570996981435,0.1,7.4409881309790435,3187.366239140165,35.12,25.822289429947453,3200.575747760843,4.1736031180014574,2.379387086911193,4.252500000000007,2.347000000000001,77.92772458330354,39.91051810399378,25.656397129915437,0.5121478692904737,0.6428480097167178,10.925446398746661,42.56098813097904,35.08289814212265,4.252439658844955,2.3444988722437587,25.792200526872218,3186.9633531972772
820,81.99999999999962,42.55719505805369,35.08739770292474,7.469306853409809,3186.589262717254,25.671328257249865,119.6000007951712,119.72375200000002,10.929621552425537,0.1,7.423342372430639,3187.366239140165,35.12,25.822289429947453,3200.575747760843,4.166201597264853,2.378530209921922,4.252500000000007,2.347000000000001,77.9254710275643,39.91038235188254,25.651821783542747,0.5121609382093459,0.6427355558103987,10.917840286065204,42.54334237243064,35.08641845450021,4.253317173579832,2.3477409808775116,25.627443857793864,3186.5187930654856
821,82.09999999999961,42.557067025197824,35.087509939781235,7.4691148910502605,3186.2544082077543,25.671365278924682,119.61220144760333,119.72375200000002,10.927864274665692,0.1,7.407861222888698,3187.366239140165,35.12,25.822289429947453,3200.575747760843,4.166201597264853,2.378530209921922,4.252500000000007,2.347000000000001,77.92343979557492,39.910259388165194,25.64769745264039,0.5121727107127989,0.6426341959643049,10.961516887858563,42.527861222888696,35.04159302548593,4.253250967917239,2.348155914819225,25.63641757865128,3186.31422313065
822,82.1999999999996,42.55695160642442,35.08761111896624,7.468941860548634,3185.9525670615703,25.671398654497892,119.62320003532986,119.72375200000002,10.926280234114463,0.1,7.458889055666063,3187.366239140165,35.12,25.822289429947453,3200.575747760843,4.166201597264853,2.378530209921922,4.252500000000007,2.347000000000001,77.9216088994086,39.91014808099503,25.643979709466656,0.5121833166011275,0.6425428354067713,10.905899571755464,42.57888905566606,35.08307357516613,4.252394038161812,2.3484290918766186,25.55993231272586,3185.884959484662
823,82.2999999999996,42.556847554737374,35.08770233358425,7.468785893942516,3185.680486649461,25.671428741723368,119.63311486612393,119.72375200000002,10.92485236439188,0.1,7.41135837647694,3187.366239140165,35.12,25.83376080838661,3193.705495483998,4.166201597264853,2.378530209921922,4.252500000000007,2.347000000000001,77.91995856732153,39.910047377601366,25.640628499227752,0.5121928721653485,0.6424604876219212,10.898772677845987,42.53135837647694,35.1007608481836,4.252663899998565,2.3484614638882104,25.747286960635993,3185.7424616615667
824,82.3999999999996,42.55675375480324,35.087784561330686,7.468645309688478,3185.435234467484,25.67145586271933,119.64205261231342,119.72375200000002,10.923565278825613,0.1,7.511705715916996,3187.366239140165,35.12,25.83376080838661,3193.705495483998,4.166201597264853,2.378530209921922,4.252500000000007,2.347000000000001,77.91847100077239,39.90995630588524,25.637607709403724,0.5122014817961408,0.6423862635405373,10.936185101941048,42.63170571591699,35.050669747501566,4.253167786125973,2.346295277950892,25.572692809209965,3185.420646052859
825,82.49999999999959,42.55666920238622,35.08785868251763,7.468518592350476,3185.2141666530083,25.671480308546258,119.65010946200988,119.72375200000002,10.922405105106856,0.1,7.43890599433626,3187.366239140165,35.12,25.83376080838661,3193.705495483998,4.166201597264853,2.378530209921922,4.252500000000007,2.347000000000001,77.91713016156972,39.90987397361179,25.634884781685802,0.5122092393656477,0.6423193618360074,10.86733275635648,42.55890599433626,35.091039362061295,4.251572413727373,2.345764090605732,25.775972832379633,3185.130597453785
826,82.59999999999958,42.5565929900762,35.08792549258352,7.468404375377981,3185.014899615802,25.67150234240511,119.65737215161944,119.72375200000002,10.921359336354259,0.1,7.437987752142838,3187.366239140165,35.12,25.83376080838661,3193.705495483998,4.158813586800184,2.3777290037244687,4.252500000000007,2.347000000000001,77.91592158932099,39.909799565178766,25.632430362423456,0.5122162293803726,0.6422590602230864,10.964384085973931,42.557987752142836,35.09650744030636,4.252249840203539,2.346843028815925,25.69157709429238,3184.9259640421715
827,82.69999999999958,42.556524297317836,35.087985710832584,7.468301426317571,3184.835284462956,25.67152220211403,119.6639188932487,119.72375200000002,10.920416696913835,0.1,7.432622937370105,3187.366239140165,35.12,25.83376080838661,3193.705495483998,4.158813586800184,2.3777290037244687,4.252500000000007,2.347000000000001,77.91483224385462,39.90973233682928,25.630217987656778,0.512222527951051,0.6422047076473335,10.802044177405541,42.5526229373701,35.068174421495,4.253383942070305,2.349827545387151,25.677550986207837,3184.724242600946
828,82.79999999999957,42.556462382689304,35.088039987202514,7.46820863380397,3184.673383933254,25.671540102289025,119.66982020962355,119.72375200000002,10.919567021375201,0.1,7.423214322235097,3187.366239140165,35.12,25.83376080838661,3193.705495483998,4.158813586800184,2.3777290037244687,4.252500000000007,2.347000000000001,77.91385036660616,39.909671611239695,25.628223799167607,0.512228203630724,0.6421557172610254,10.977526299476287,42.543214322235094,35.083251443994556,4.254303392081606,2.3464616252694124,25.620234580232477,3184.665178183939
829,82.89999999999957,42.55640657710374,35.08808890822337,7.468124995874794,3184.527451590713,25.671556236412926,119.67513968713912,119.72375200000002,10.918801145458833,0.1,7.459300690940381,3187.366239140165,35.12,25.774442723149356,3205.2270654313384,4.158813586800184,2.3777290037244687,4.252500000000007,2.347000000000001,77.91296535643973,39.90961677212008,25.62642628839189,0.5122333181587914,0.6421115600963101,11.004623034098804,42.57930069094038,35.0532345716378,4.253346823512633,2.3465809842696514,25.588127523663957,3184.508726732061
830,82.99999999999956,42.55635627735907,35.08813300267134,7.468049609355992,3184.395913055786,25.67157077882344,119.6799346557218,119.72375200000002,10.918110807590406,0.1,7.424731606199707,3187.366239140165,35.12,25.774442723149356,3205.2270654313384,4.158813586800184,2.3777290037244687,4.252500000000007,2.347000000000001,77.9121676571747,39.90956725913461,25.624806065414692,0.5122379271328034,0.6420717593611496,10.899379395740743,42.544731606199704,35.12823569489464,4.254394184467187,2.3459467213909195,25.50747883131697,3184.423578997867
831,83.09999999999955,42.55631093994005,35.088172747001494,7.467981660196837,3184.2773490761774,25.67158388658879,119.68425680272725,119.72375200000002,10.917488560114375,0.1,7.413623630316131,3187.366239140165,35.12,25.774442723149356,3205.2270654313384,4.158813586800184,2.3777290037244687,4.252500000000007,2.347000000000001,77.91144865536984,39.9095225632223,25.623345650588448,0.5122420806184258,0.6420358852952315,10.89866850908043,42.53362363031613,35.119863381967235,4.252241322263096,2.347569399103174,25.817856293629628,3184.172934326493
832,83.19999999999955,42.55627007517079,35.08820857047338,7.467920414691957,3184.1704802587897,25.67159570123497,119.68815272712757,119.72375200000002,10.916927689209887,0.1,7.428914068083131,3187.366239140165,35.12,25.774442723149356,3205.2270654313384,4.1520899241076,2.3769920438603993,4.252500000000007,2.347000000000001,77.91080058755873,39.909482222291246,25.622029286575614,0.5122458237024488,0.6420035505312709,10.937385734619413,42.54891406808313,35.06981291828215,4.252255616723224,2.3468202593506433,25.46819613544592,3184.2179168744624
833,83.29999999999954,42.55623324182986,35.08824085987125,7.4678652115399675,3184.074153301224,25.671606350307336,119.69166443959705,119.72375200000002,10.916422142664741,0.1,7.407892579191348,3187.366239140165,35.12,25.774442723149356,3205.2270654313384,4.1520899241076,2.3769920438603993,4.252500000000007,2.347000000000001,77.91021645632175,39.90944581723278,25.62084276883416,0.5122491969921162,0.641974405912977,10.886560124388318,42.527892579191345,35.1170819384188,4.252014059546658,2.347212973910872,25.71527104874467,3184.076723345639
834,83.39999999999954,42.55620004228186,35.088269963771594,7.467815454681369,3183.9873285764497,25.671615948768874,119.69482981362842,119.72375200000002,10.915966464743041,0.1,7.446422996152421,3187.366239140165,35.12,25.774442723149356,3205.2270654313384,4.1520899241076,2.3769920438603993,4.195800000000006,2.347000000000001,77.90968995456156,39.90941296821468,25.619773292751926,0.5122522370643577,0.64194813672545,10.89334569081992,42.56642299615242,35.091041215949616,4.195064296928783,2.3465616805615155,25.658544563794333,3183.922828319255
835,83.49999999999953,42.55617011811816,35.08829619636432,7.363779526108047,3183.9090689381333,25.671624600249498,118.87732125655918,119.72375200000002,10.915555737454055,0.1,7.4093560435191534,3187.366239140165,35.12,25.785930017643985,3198.5514873029097,4.1520899241076,2.3769920438603993,4.195800000000006,2.347000000000001,76.74795269202805,39.635859816262666,25.618809315804675,0.5164419170282273,0.6463543224384205,10.930302985700115,42.52935604351915,35.09705033682352,4.195235885249581,2.346572441768861,25.537887295059576,3183.765575090488
836,83.59999999999953,42.55614314626217,35.08831984086687,7.363736097295744,3181.618738498019,25.679481349197847,118.87994900450653,119.72375200000002,10.91518552759544,0.1,7.397691154348458,3187.366239140165,35.12,25.785930017643985,3198.5514873029097,4.1520899241076,2.3769920438603993,4.195800000000006,2.347000000000001,76.7709561326134,39.6082234503022,25.617940433266508,0.5159271871237782,0.64678337480625,10.906416977294784,42.517691154348455,35.14101772478514,4.193583521288729,2.3460790035155656,25.660669119524833,3181.514463665631
837,83.69999999999952,42.5316489457408,35.10979563062508,7.3582011383293295,3179.3355183987796,25.687337555650647,118.99232871850971,119.72375200000002,10.90435104219975,0.1,7.430904683999493,3187.366239140165,35.12,25.785930017643985,3198.5514873029097,4.1520899241076,2.3769920438603993,4.195800000000006,2.347000000000001,76.73259650330765,39.61721507878993,25.592511896042822,0.5163022872174303,0.6459947233833813,10.993910095396167,42.55090468399949,35.10267157957942,4.195592046707756,2.347066854174497,25.892060925826915,3179.1419013381797
838,83.79999999999951,42.50715643650355,35.13127650845135,7.352204995060773,3177.3563830481476,25.69214184093348,119.10306371405994,119.72375200000002,10.893550192511386,0.1,7.395029715355882,3187.366239140165,35.12,25.785930017643985,3198.5514873029097,4.151219507263605,2.3739180323584788,4.195800000000006,2.347000000000001,76.67993563051276,39.62939844952752,25.567162301824233,0.5168157500872764,0.6451564571283331,10.960541477437603,42.51502971535588,35.105968113962895,4.195201998897043,2.3475493499024815,25.781948353884392,3177.408005614764
839,83.89999999999951,42.492178596705784,35.144415890902344,7.348121147971749,3175.6768820539705,25.693928757546317,119.18958642206438,119.72375200000002,10.884187825982542,0.1,7.3414323772955115,3187.366239140165,35.12,25.785930017643985,3198.5514873029097,4.151219507263605,2.3739180323584788,4.195800000000006,2.347000000000001,76.63962508519347,39.63722462278652,25.545188827581036,0.5171896989152196,0.6444747095863947,10.816012260853645,42.46143237729551,35.13366907883671,4.196380610472699,2.348040902687507,25.698453760293468,3175.6159624148972
840,83.9999999999995,42.4866077054736,35.14930360913638,7.346160382783241,3174.23150014566,25.69390170335083,119.25324695320415,119.72375200000002,10.876242889883036,0.1,7.37128896481412,3187.366239140165,35.12,25.785930017643985,3198.5514873029097,4.151219507263605,2.3739180323584788,4.195800000000006,2.347000000000001,76.61762963015268,39.6403451449198,25.526542062555496,0.517378902692122,0.643953577327187,10.888073503001982,42.49128896481412,35.12932399108046,4.196451941649969,2.3462839032555025,25.836939562736738,3174.194288627334
841,84.0999999999995,42.48669204963346,35.149229605787625,7.345525415912998,3172.9583752748367,25.693233256036358,119.30150759374497,119.72375200000002,10.869405462015639,0.1,7.377099214467059,3187.366239140165,35.12,25.804978040665674,3188.589978672315,4.151219507263605,2.3739180323584788,4.195800000000006,2.347000000000001,76.60853975279954,39.64048177581867,25.510494619350712,0.5174420750445131,0.6435465331532001,10.812982125409881,42.497099214467056,35.1868651010967,4.195757306892186,2.3472945564328653,25.770464735211785,3172.929762132834
842,84.19999999999949,42.48877600098106,35.1474011769862,7.345395431762308,3171.8158373598235,25.69262468583509,119.34127514698369,119.72375200000002,10.863382901873994,0.1,7.367958800887422,3187.366239140165,35.12,25.804978040665674,3188.589978672315,4.151219507263605,2.3739180323584788,4.195800000000006,2.347000000000001,76.60527248881509,39.63941665647027,25.496359670698272,0.5174502402854568,0.6432072371715023,10.951236527227413,42.48795880088742,35.17455364451601,4.196214697614907,2.346366801252667,25.58923702813096,3171.9410430643793
843,84.29999999999949,42.49067327944053,35.145736573647525,7.3452804753359295,3170.7809052216767,25.692321221795044,119.37689112465951,119.72375200000002,10.857978087731274,0.1,7.396341683677058,3187.366239140165,35.12,25.804978040665674,3188.589978672315,4.151219507263605,2.3739180323584788,4.195800000000006,2.347000000000001,76.60308293169129,39.63830875715905,25.483674571905308,0.5174505677859654,0.6429051937616465,10.785637750971535,42.516341683677055,35.178169880792495,4.197529631961222,2.347118602820563,25.675661294551524,3170.7090314977754
844,84.39999999999948,42.49161935893177,35.144906532532396,7.345010041841666,3169.8423452421,25.692295275047595,119.41020877899446,119.72375200000002,10.853082306345367,0.1,7.372773602711042,3187.366239140165,35.12,25.804978040665674,3188.589978672315,4.157235487733587,2.368943308167997,4.195800000000006,2.347000000000001,76.5999832223753,39.63763533992084,25.472184172992588,0.5174627156881995,0.6426262302115285,10.756486282514386,42.49277360271104,35.11195954998661,4.194785303396184,2.347577546461197,25.686020754165078,3169.7330239607895
845,84.49999999999947,42.49170025051163,35.144835562907396,7.344600142257226,3168.993938459944,25.692423796383448,119.4415146038707,119.72375200000002,10.848642416706038,0.1,7.348348479838634,3187.366239140165,35.12,25.804978040665674,3188.589978672315,4.157235487733587,2.368943308167997,4.195800000000006,2.347000000000001,76.59578536598288,39.63741538008461,25.46176375200908,0.5174882037006708,0.6423669027825176,10.79583281489348,42.46834847983863,35.16016467132003,4.196938719130475,2.3466132052316664,25.79190109223681,3169.0970042844515
846,84.59999999999947,42.491299572394965,35.145187095570016,7.34413012110101,3168.230241128883,25.69259471782608,119.47049180984713,119.72375200000002,10.844628999807814,0.1,7.3559737997159615,3187.366239140165,35.12,25.804978040665674,3188.589978672315,4.157235487733587,2.368943308167997,4.195800000000006,2.347000000000001,76.59104193920567,39.63747709084531,25.452344262548948,0.5175210584327559,0.642128261700779,10.83698456382291,42.47597379971596,35.1429256595096,4.1954737613977295,2.348658509856325,25.59669107296267,3168.19224227558
847,84.69999999999946,42.49076670770542,35.145654604093544,7.3436712430015,3167.544952311964,25.692744340398484,119.49683176529327,119.72375200000002,10.84101630382509,0.1,7.371337813364995,3187.366239140165,35.12,25.797697151359365,3183.5390140120876,4.157235487733587,2.368943308167997,4.195800000000006,2.347000000000001,76.58635949005908,39.637640579424044,25.443865265077495,0.5175548340898618,0.6419117004225887,10.824374274249598,42.49133781336499,35.127475160002284,4.1958027319132585,2.347969478054366,25.675978444905695,3167.673366677066
848,84.79999999999946,42.490300244373685,35.1460638579776,7.343262259159441,3166.930935955571,25.69285309245968,119.5204615544607,119.72375200000002,10.837774521963096,0.1,7.366684061069087,3187.366239140165,35.12,25.797697151359365,3183.5390140120876,4.157235487733587,2.368943308167997,4.195800000000006,2.347000000000001,76.58211278742458,39.63779356462757,25.436256803047396,0.5175855316848404,0.641717273227501,10.913146175147599,42.486684061069084,35.142011083769326,4.194695381191475,2.3459060165810834,25.75138890399468,3166.9242514865705
849,84.89999999999945,42.48996119894771,35.14636132263495,7.342912575183609,3166.380858705647,25.69292661681317,119.5415297614202,119.72375200000002,10.834869896879509,0.1,7.365335561474012,3187.366239140165,35.12,25.797697151359365,3183.5390140120876,4.157235487733587,2.368943308167997,4.195800000000006,2.347000000000001,76.5784237977656,39.637894564783196,25.429439647976217,0.5176117840902825,0.6415436522849358,10.857882236968683,42.48533556147401,35.1527269907003,4.196928294294174,2.3473097346254885,25.730132464338958,3166.3872357670884
850,84.99999999999945,42.48973197942327,35.146562431229675,7.342615048103552,3165.8877892571195,25.692978492347777,119.56030387106263,119.72375200000002,10.832267737895625,0.1,7.356378440851017,3187.366239140165,35.12,25.797697151359365,3183.5390140120876,4.164199089453833,2.3641818486127306,4.195800000000006,2.347000000000001,76.57525318184747,39.637946343289656,25.423332380841043,0.517633892102965,0.6413887379698969,10.788974305885747,42.476378440851015,35.1693880210133,4.196771642544635,2.3467177929650314,25.63855102561962,3165.867114131749
851,85.09999999999944,42.48957025225657,35.1467043249129,7.342357591552256,3165.4455200839047,25.693020344437624,119.57707431057918,119.72375200000002,10.82993525623902,0.1,7.403628177630097,3187.366239140165,35.12,25.797697151359365,3183.5390140120876,4.164199089453833,2.3641818486127306,4.195800000000006,2.347000000000001,76.57250051829935,39.63796813294642,25.41785804639299,0.5176527848071738,0.6412502770359233,10.861800132755342,42.523628177630094,35.15514382501459,4.195423461883819,2.35021771427368,25.754363013774082,3165.3062542043576
852,85.19999999999943,42.489439774181264,35.14681880195987,7.3421297717178495,3165.04862951776,25.6930587121775,119.59209955787162,119.72375200000002,10.827843086998183,0.1,7.4047719128405305,3187.366239140165,35.12,25.797697151359365,3183.5390140120876,4.164199089453833,2.3641818486127306,4.195800000000006,2.347000000000001,76.57006868933209,39.63797825155873,25.412947725184743,0.5176693573618432,0.6411262341359553,10.869060969064314,42.52477191284053,35.133525966813274,4.197255270021677,2.3485668446415526,25.743431412464954,3165.0622998673452
853,85.29999999999943,42.48932015891543,35.14692374850931,7.341924853625903,3164.692395297703,25.69309578659458,119.60558967097288,119.72375200000002,10.825965582788632,0.1,7.355962351637842,3187.366239140165,35.12,25.74054679717376,3186.8934705010674,4.164199089453833,2.3641818486127306,4.195800000000006,2.347000000000001,76.56788895494894,39.63798759884744,25.408541222804928,0.5176842164496616,0.6410149142774276,10.95231896383865,42.47596235163784,35.09749414064221,4.19593750541706,2.347697556692147,25.839150279793596,3164.607079332241
854,85.39999999999942,42.48920457571275,35.14702515760638,7.341739259718082,3164.3726635522025,25.693131378359286,119.61771212372508,119.72375200000002,10.82428040479551,0.1,7.405013604228287,3187.366239140165,35.12,25.74054679717376,3186.8934705010674,4.164199089453833,2.3641818486127306,4.195800000000006,2.347000000000001,76.56592076853141,39.63799998239275,25.404586110055074,0.5176976856612683,0.6409149331787635,10.83207913224873,42.525013604228285,35.0871834838207,4.197227284212765,2.347699692628586,25.687904979285946,3164.2357820992347
855,85.49999999999942,42.4890936148271,35.14712251136431,7.341571219417547,3164.0857335719525,25.693164600262662,119.62860481311509,119.72375200000002,10.822767902989442,0.1,7.363108966497435,3187.366239140165,35.12,25.74054679717376,3186.8934705010674,4.164199089453833,2.3641818486127306,4.195800000000006,2.347000000000001,76.56414169897972,39.63801500918772,25.40103626831623,0.5177099113189161,0.6408251337113755,10.888779278398037,42.48310896649743,35.162388943341256,4.196850837122881,2.3484822398253256,25.560984920765026,3164.156372488598
856,85.59999999999941,42.48899004222113,35.14721338298862,7.341419620564166,3163.828277778785,25.693194782373162,119.63838740022638,119.72375200000002,10.821410571040238,0.1,7.369793161436775,3187.366239140165,35.12,25.74054679717376,3186.8934705010674,4.165867604482679,2.359472231971919,4.195800000000006,2.347000000000001,76.5625373213947,39.63803085835453,25.397850610231448,0.5177209670045516,0.640744508751961,10.774355122629514,42.48979316143677,35.1546344145047,4.19740845344876,2.34713509398359,25.544524974679565,3163.8648697096646
857,85.6999999999994,42.488895946473434,35.14729593999201,7.341283379502059,3163.5972923817103,25.693221730636463,119.64716809398244,119.72375200000002,10.820192667727136,0.1,7.407356752068949,3187.366239140165,35.12,25.74054679717376,3186.8934705010674,4.165867604482679,2.359472231971919,4.195800000000006,2.347000000000001,76.56109494747247,39.63804592318905,25.3949921911556,0.5177309173854445,0.640672152213715,10.763007366908436,42.52735675206895,35.12847214930232,4.196949125256905,2.348231225983799,25.79365452958657,3163.6073901696227
858,85.7999999999994,42.48881193256777,35.14736965154835,7.341161252071796,3163.390066388876,25.693245628740407,119.65504647041162,119.72375200000002,10.819099983515553,0.1,7.335056975165045,3187.366239140165,35.12,25.74054679717376,3186.8934705010674,4.165867604482679,2.359472231971919,4.195800000000006,2.347000000000001,76.55980122051304,39.638059366539146,25.39242766131101,0.5177398417267407,0.640607236255019,10.772711281394098,42.45505697516504,35.16986846222292,4.195795047300851,2.3481393069220853,25.643807810440503,3163.5019481682243
859,85.8999999999994,42.48873742783891,35.14743502007168,7.341051883800999,3163.2041582480865,25.693266840006153,119.66211406553394,119.72375200000002,10.818119693967091,0.1,7.411471983906971,3187.366239140165,35.12,25.749239327642897,3180.130568851335,4.165867604482679,2.359472231971919,4.195800000000006,2.347000000000001,76.55864208596664,39.63807103222081,25.390126921740773,0.5177478329319343,0.6405490040396206,10.773629447030926,42.53147198390697,35.204975597815285,4.195249513596928,2.3470113137194866,25.742121828315994,3163.1119139788484
860,85.99999999999939,42.48867129959682,35.14749303933297,7.340953927704625,3163.0373740915948,25.693285748842655,119.66845425423011,119.72375200000002,10.817240249236738,0.1,7.4249361851089475,3187.366239140165,35.12,25.749239327642897,3180.130568851335,4.165867604482679,2.359472231971919,4.195800000000006,2.347000000000001,76.55760363558328,39.6380811386245,25.388062864958634,0.5177549878298578,0.6404967681500547,10.797852506306054,42.544936185108945,35.14487737716257,4.196106455937785,2.3469521869262904,25.698559399735437,3163.017273219804
861,86.09999999999938,42.48861234940814,35.14754476079058,7.340866136800892,3162.8877456531336,25.693302680826243,119.67414225020786,119.72375200000002,10.816451271159123,0.1,7.360488680300342,3187.366239140165,35.12,25.749239327642897,3180.130568851335,4.165867604482679,2.359472231971919,4.195800000000006,2.347000000000001,76.55667290330167,39.63809000721827,25.38621113341047,0.5177613982426448,0.6404499088827825,10.87241308737018,42.48048868030034,35.161707200509774,4.195833267056138,2.345872967662014,25.62711070674066,3162.909462389562
862,86.19999999999938,42.488559562256114,35.14759107498247,7.340787405465695,3162.753508184852,25.693317885836453,119.67924547252636,119.72375200000002,10.815743448784284,0.1,7.406126435833151,3187.366239140165,35.12,25.749239327642897,3180.130568851335,4.171024733852852,2.354821938952611,4.195800000000006,2.347000000000001,76.55583827723747,39.63809791150898,25.384549874296724,0.5177671462229245,0.6404078705029457,10.754409761632209,42.52612643583315,35.11831896991547,4.195837383847367,2.3468944431162373,25.60192813999614,3162.880761518302
863,86.29999999999937,42.48851215911628,35.1476326653961,7.340716770029156,3162.6330793660186,25.693331553376336,119.68382419967386,119.72375200000002,10.81510843391299,0.1,7.348570473360255,3187.366239140165,35.12,25.749239327642897,3180.130568851335,4.171024733852852,2.354821938952611,4.195800000000006,2.347000000000001,76.5550895520375,39.638105032846795,25.383059494393795,0.5177723031190921,0.6403701557720706,10.8353481945815,42.46857047336025,35.18650965988711,4.194155284725197,2.3466481717201884,25.54312166989641,3162.791017802016
864,86.39999999999937,42.48846954919394,35.147670050373065,7.340653389096179,3162.525039981577,25.693343835297764,119.68793233877011,119.72375200000002,10.81453874132365,0.1,7.385374079363324,3187.366239140165,35.12,25.749239327642897,3180.130568851335,4.171024733852852,2.354821938952611,4.195800000000006,2.347000000000001,76.55441777667492,39.63811147584129,25.381722425886615,0.5177769308033126,0.6403363197905206,10.772306770358941,42.50537407936332,35.191570977939655,4.19464990913658,2.3467460016717725,25.716262339785462,3162.4973589528063
865,86.49999999999936,42.488431259075696,35.14770364526911,7.340596519960275,3162.428116682057,25.69335486324426,119.6916181711314,119.72375200000002,10.814027657371575,0.1,7.383094515177461,3187.366239140165,35.12,25.73921731370985,3178.6400667872135,4.171024733852852,2.354821938952611,4.195800000000006,2.347000000000001,76.55381504283177,39.63811730146177,25.380522911851095,0.5177810835329929,0.6403059640502935,10.874161205907136,42.50309451517746,35.16072066561243,4.195845599046944,2.3461114075945266,25.50785336135167,3162.3845506537505
866,86.59999999999935,42.488396878349704,35.14773381016524,7.340545499424794,3162.3411667608902,25.69336475783496,119.69492500556967,119.72375200000002,10.813569158434147,0.1,7.351964170026541,3187.366239140165,35.12,25.73921731370985,3178.6400667872135,4.171024733852852,2.354821938952611,4.195800000000006,2.347000000000001,76.55327429792666,39.63812255440485,25.37944681484495,0.5177848095712138,0.6402787311636842,10.815662276309157,42.47196417002654,35.07849144275475,4.196449322699937,2.3446797436949116,25.881262857498577,3162.4141936491023
867,86.69999999999935,42.48836603097374,35.14776087498845,7.340499730901245,3162.2631646994664,25.693373631590585,119.69789172753116,119.72375200000002,10.813157838899404,0.1,7.354778097610648,3187.366239140165,35.12,25.73921731370985,3178.6400667872135,4.171024733852852,2.354821938952611,4.195800000000006,2.347000000000001,76.55278920964827,39.638127277756546,25.37848144789691,0.5177881522932255,0.6402543003624285,10.813490112992252,42.474778097610645,35.13481845738074,4.194961989691047,2.3464589049111675,25.46762489812715,3162.1472176614716
868,86.79999999999934,42.4883383661532,35.14778514751494,7.340458676364914,3162.193190198086,25.69338158877611,119.70055326120064,119.72375200000002,10.812788847516968,0.1,7.355552582738262,3187.366239140165,35.12,25.73921731370985,3178.6400667872135,4.17764225062799,2.3501566714306645,4.195800000000006,2.347000000000001,76.5523540755871,39.638131517163586,25.377615425122332,0.517791150851158,0.6402323836615167,10.7818078241698,42.47555258273826,35.15339582942269,4.1953248439758255,2.348766305248986,25.62258811474657,3162.2965267187865
869,86.89999999999934,42.48831355883161,35.147806912939615,7.340421850983946,3162.1304174573083,25.69338872455803,119.70294096827075,119.72375200000002,10.812457830778074,0.1,7.376927286039617,3187.366239140165,35.12,25.73921731370985,3178.6400667872135,4.17764225062799,2.3501566714306645,4.195800000000006,2.347000000000001,76.55196376070347,39.638135319470194,25.37683852883615,0.5177938405783614,0.6402127225286272,10.826503315009438,42.496927286039615,35.122509945342294,4.194641391113208,2.3463876885403785,25.660779048776806,3162.268022528051
870,86.99999999999933,42.488291312317884,35.14782643157081,7.340388818765362,3162.0741055383132,25.69339512463654,119.70508300207814,119.72375200000002,10.812160882210614,0.1,7.359305630146814,3187.366239140165,35.12,25.73921731370985,3178.6400667872135,4.17764225062799,2.3501566714306645,4.195800000000006,2.347000000000001,76.55161364757522,39.638138729911994,25.376141590548322,0.5177962532886141,0.6401950849271035,10.854393872132922,42.47930563014681,35.199097294771896,4.196556477308371,2.349015845595397,25.650520357974816,3162.341787240731
871,87.09999999999933,42.48827135943313,35.147843937823986,7.340359188390975,3162.023589681513,25.693400865578607,119.70700462806442,119.72375200000002,10.811894496778507,0.1,7.298704949365266,3187.366239140165,35.12,25.713643599140106,3175.977764418034,4.17764225062799,2.3501566714306645,4.195800000000006,2.347000000000001,76.55129959085498,39.63814179001886,25.375516383939164,0.5177984175562466,0.6401792626497159,10.834508329357737,42.418704949365264,35.13102176016861,4.1954738610962385,2.34697027701192,25.662187141677016,3162.0150225330162
872,87.19999999999932,42.48825346147214,35.14785964113276,7.340332609042038,3161.9782734922874,25.693406015627865,119.70872851558156,119.72375200000002,10.811655529814104,0.1,7.372691233005142,3187.366239140165,35.12,25.713643599140106,3175.977764418034,4.17764225062799,2.3501566714306645,4.195800000000006,2.347000000000001,76.55101787302144,39.63814453677632,25.37495552847371,0.5178003590040549,0.640165068900508,10.808077765157233,42.49269123300514,35.21752151823134,4.195319064727622,2.3481444252870847,25.636771720555938,3161.9405186376443
873,87.29999999999932,42.488237405678575,35.14787372816411,7.3403087663149815,3161.937621916306,25.693410635682508,119.71027500302127,119.72375200000002,10.811441160052539,0.1,7.400952139018841,3187.366239140165,35.12,25.713643599140106,3175.977764418034,4.17764225062799,2.3501566714306645,4.195800000000006,2.347000000000001,76.55076516164817,39.6381470027532,25.374452402643318,0.5178021005936575,0.6401523361039266,10.836937036657876,42.52095213901884,35.14049657499406,4.194272023364714,2.347229698648607,25.714460982501265,3161.724149400754
874,87.39999999999931,42.48822300219622,35.14788636549313,7.3402873783912845,3161.9011549322545,25.693414780223684,119.71166233741172,119.72375200000002,10.811248856401255,0.1,7.3629621186666725,3187.366239140165,35.12,25.713643599140106,3175.977764418034,4.185454610648001,2.345473006749244,4.195800000000006,2.347000000000001,76.55053846936528,39.638149216688205,25.374001065973754,0.5178036629037035,0.6401409139277107,10.827007564578397,42.48296211866667,35.16158036829074,4.1958667318290015,2.3473352455993104,25.53890276589069,3161.886458694664
875,87.4999999999993,42.48821008117464,35.14789770214247,7.340268192567949,3161.8684418928815,25.69341849810097,119.7129068898687,119.72375200000002,10.811076348103233,0.1,7.396824300311799,3187.366239140165,35.12,25.713643599140106,3175.977764418034,4.185454610648001,2.345473006749244,4.195800000000006,2.347000000000001,76.5503351174243,39.638151204145025,25.3735961889983,0.5178050643846579,0.6401306675056263,10.851368978960293,42.5168243003118,35.136857225345025,4.195777437015591,2.34708167945107,25.705569440729615,3161.9614077267306
876,87.5999999999993,42.488198490320414,35.147907871730794,7.340250982176737,3161.839096449025,25.69342183316963,119.7140233487588,119.72375200000002,10.810921597967127,0.1,7.338259914976419,3187.366239140165,35.12,25.713643599140106,3175.977764418034,4.185454610648001,2.345473006749244,4.195800000000006,2.347000000000001,76.55015270316656,39.63815298804398,25.373232990428857,0.5178063215856173,0.6401214758437953,10.898513567496893,42.458259914976416,35.138964794268816,4.198573553013031,2.347215912562134,25.569120077743868,3161.9292826478827
877,87.69999999999929,42.48818809291036,35.147916994215834,7.34023554386534,3161.8127719963136,25.693424824813352,119.71502489271505,119.72375200000002,10.810782778355195,0.1,7.39578197723624,3187.366239140165,35.12,25.66403747640963,3170.8997010986404,4.185454610648001,2.345473006749244,4.195800000000006,2.347000000000001,76.54998907119504,39.63815458903374,25.37290718079965,0.5178074493540217,0.6401132303929028,10.771570290346963,42.51578197723624,35.10150199841934,4.195270056059326,2.3471655393612547,25.760130961166553,3161.8241589948416
878,87.79999999999929,42.488178766161894,35.147925177324275,7.340221695190886,3161.789157590027,25.693427508390744,119.71592334566192,119.72375200000002,10.810658249643767,0.1,7.349699481858821,3187.366239140165,35.12,25.66403747640963,3170.8997010986404,4.185454610648001,2.345473006749244,4.195800000000006,2.347000000000001,76.54984228780954,39.638156025741615,25.37261491191393,0.5178084610117341,0.64010583376877,10.86357159595699,42.46969948185882,35.110024770564955,4.196144638496134,2.346358249976993,25.70960783410556,3161.857803483645
879,87.89999999999928,42.488170399841025,35.14793251777296,7.340209272476178,3161.7679742794317,25.693429915632496,119.71672931583656,119.72375200000002,10.810546540898358,0.1,7.401684888582018,3187.366239140165,35.12,25.66403747640963,3170.8997010986404,4.185454610648001,2.345473006749244,4.195800000000006,2.347000000000001,76.54971061823123,39.63815731495687,25.372352731488455,0.5178093685114019,0.6400991986051424,10.733101137868724,42.521684888582016,35.14422554890709,4.197066812947371,2.3467345762239784,25.71827486038218,3161.929423938236
880,87.99999999999928,42.48816289502413,35.14793910235529,7.340198128888846,3161.7489718182906,25.69343207500313,119.71745232055042,119.72375200000002,10.810446332533111,0.1,7.301513112624072,3187.366239140165,35.12,25.66403747640963,3170.8997010986404,4.188218815777021,2.3408036268610903,4.195800000000006,2.347000000000001,76.54959250621279,39.638158471786994,25.37211754245522,0.5178101825763468,0.640093246524411,10.800866276346142,42.42151311262407,35.17107310087643,4.194882748616597,2.345378497162066,25.745695214136987,3161.6285407931373
881,88.09999999999927,42.48815616297024,35.14794500893072,7.340188132714687,3161.7319257129616,25.69343401203226,119.71810089819724,119.72375200000002,10.810356440749764,0.1,7.375391345647309,3187.366239140165,35.12,25.66403747640963,3170.8997010986404,4.188218815777021,2.3408036268610903,4.195800000000006,2.347000000000001,76.54948655572798,39.63815950980588,25.371906566439705,0.5178109128262973,0.6400879072138321,10.836306510299103,42.495391345647306,35.128154763277095,4.196259598771103,2.3464110021537135,25.594275630258476,3161.7162835551117
882,88.19999999999926,42.488150124088236,35.147950307330824,7.340179165804324,3161.716634573575,25.693435749616388,119.71868270881689,119.72375200000002,10.810275803573571,0.1,7.370306538154857,3187.366239140165,35.12,25.66403747640963,3170.8997010986404,4.188218815777021,2.3408036268610903,4.195800000000006,2.347000000000001,76.54939151451043,39.638160441198714,25.37171731098718,0.5178115678905827,0.6400831175963599,10.807649513279026,42.490306538154854,35.14581936453292,4.1952462978360305,2.3469633058616877,25.723693085070693,3161.808167655052
883,88.29999999999926,42.48814470699595,35.14795506018479,7.3401711221767245,3161.702917737323,25.693437308291596,119.71920462437137,119.72375200000002,10.81020346832296,0.1,7.417466136318367,3187.366239140165,35.12,25.604959580609545,3167.539765568186,4.188218815777021,2.3408036268610903,4.195800000000006,2.347000000000001,76.54930625925864,39.638161276900526,25.371547540153998,0.5178121555099827,0.6400788210864736,10.807138773290998,42.537466136318365,35.13997225544117,4.195048585027073,2.346076611397356,25.957220748374763,3161.5967021005704
884,88.39999999999925,42.488139847670126,35.147959323665326,7.340163906765225,3161.6906131360242,25.69343870647832,119.71967280976862,119.72375200000002,10.810138580366425,0.1,7.3787928911942515,3187.366239140165,35.12,25.604959580609545,3167.539765568186,4.188218815777021,2.3408036268610903,4.195800000000006,2.347000000000001,76.54922978235064,39.638162026724856,25.37139524812001,0.5178126826282441,0.640074966922384,10.789076271392938,42.49879289119425,35.08577349249685,4.1964208410381,2.349292431113335,25.81617080690803,3161.7111072875914
885,88.49999999999925,42.488135488683184,35.14796314815821,7.340157434292562,3161.679575382929,25.693439960700307,119.72009279557017,119.72375200000002,10.81008037303497,0.1,7.363150364781973,3187.366239140165,35.12,25.604959580609545,3167.539765568186,4.188218815777021,2.3408036268610903,4.195800000000006,2.347000000000001,76.54916117992326,39.63816269948034,25.371258635513083,0.5178131554742149,0.6400715095668574,10.780953631371423,42.48315036478197,35.15371074402635,4.196390398708676,2.348313178030248,25.714470419560023,3161.7056837446144
886,88.59999999999924,42.488131578520736,35.14796657886115,7.340151628262149,3161.6696740562616,25.693441085780336,119.72046954322897,119.72375200000002,10.81002815857167,0.1,7.361239034910973,3187.366239140165,35.12,25.604959580609545,3167.539765568186,4.188539307501685,2.336233445318347,4.195800000000006,2.347000000000001,76.54909964118171,39.63816330307455,25.37113608816772,0.5178135796354958,0.6400684081696539,10.863749465381256,42.48123903491097,35.12416276929541,4.195733609892788,2.345917719071459,25.665450594837292,3161.7823194246653
887,88.69999999999924,42.48812807097123,35.14796965631919,7.340146420053669,3161.660792159285,25.69344209501539,119.72080750362267,119.72375200000002,10.809981320011914,0.1,7.363631839700034,3187.366239140165,35.12,25.604959580609545,3167.539765568186,4.188539307501685,2.336233445318347,4.195800000000006,2.347000000000001,76.5490444388134,39.63816384460653,25.371026158067973,0.5178139601244769,0.6400656260852544,10.848418556261574,42.48363183970003,35.14151265598547,4.195285514641325,2.346857341340555,25.83835659600739,3161.587325839118
888,88.79999999999923,42.488124924580035,35.14797241690384,7.340141748112077,3161.652824738753,25.693443000333563,119.72111066957042,119.72375200000002,10.809939303898696,0.1,7.385242800293277,3187.366239140165,35.12,25.604959580609545,3167.539765568186,4.188539307501685,2.336233445318347,4.195800000000006,2.347000000000001,76.54899492039144,39.638164330449165,25.37092754625025,0.5178143014375515,0.640063130440197,10.779110359246536,42.505242800293274,35.15980802369176,4.196966928208969,2.347138721626564,25.588136050845204,3161.547639028724
889,88.89999999999922,42.48812210216009,35.14797489324227,7.340137557220235,3161.645677645465,25.693443812434865,119.72138262295209,119.72375200000002,10.809901613747144,0.1,7.3571576915901815,3187.366239140165,35.12,25.649373336344265,3166.6462550664623,4.188539307501685,2.336233445318347,4.195800000000006,2.347000000000001,76.54895050066504,39.63816476632286,25.370839087464557,0.5178146076082192,0.640060891744917,10.836264353458114,42.47715769159018,35.17619587529987,4.195832875896315,2.347108488666928,25.66519103332544,3161.675563505778
890,88.99999999999922,42.48811957035308,35.14797711460244,7.3401337978464145,3161.6392664223154,25.69344454091755,119.72162657698425,119.72375200000002,10.809867804181287,0.1,7.345270796192203,3187.366239140165,35.12,25.649373336344265,3166.6462550664623,4.188539307501685,2.336233445318347,4.195800000000006,2.347000000000001,76.54891065464322,39.63816515736187,25.37075973641349,0.5178148822547293,0.6400588835455079,10.74135988566897,42.4652707961922,35.10207401695819,4.197247354472558,2.3479643322388632,25.649294688900525,3161.717463164473
891,89.09999999999921,42.488117299235455,35.14797910723867,7.340130425558987,3161.633515306741,25.69344519439154,119.72184541415066,119.72375200000002,10.809837475673937,0.1,7.384259454479995,3187.366239140165,35.12,25.649373336344265,3166.6462550664623,4.188539307501685,2.336233445318347,4.195800000000006,2.347000000000001,76.54887491139117,39.638165508173934,25.37068855540674,0.5178151286228169,0.640057082111304,10.750833444754543,42.50425945447999,35.15725756743875,4.195113984883405,2.3460068495763884,25.719982043664643,3161.625012965013
892,89.1999999999992,42.488115261964936,35.147980894701846,7.340127400501285,3161.628356335802,25.693445780580177,119.72204172023314,119.72375200000002,10.80981026982774,0.1,7.393040320380756,3187.366239140165,35.12,25.649373336344265,3166.6462550664623,4.19213444763375,2.3315202617857547,4.195800000000006,2.347000000000001,76.54884284846428,39.638165822894045,25.370624703285714,0.5178153496240507,0.6400554661545983,10.754994982200328,42.51304032038075,35.11357631716176,4.195050317204149,2.3472294117282275,25.73189219333003,3161.523773348314
893,89.2999999999992,42.488113434463244,35.14798249811781,7.340124686920548,3161.6237285433435,25.693446306411545,119.72221781484302,119.72375200000002,10.80978586514171,0.1,7.334191506881091,3187.366239140165,35.12,25.649373336344265,3166.6462550664623,4.19213444763375,2.3315202617857547,4.195800000000006,2.347000000000001,76.54881408691547,39.63816610523267,25.3705674254876,0.5178155478702321,0.6400540165791981,10.765423455264338,42.45419150688109,35.138677576084795,4.1950734620211305,2.3490303942794246,25.581289521641377,3161.6160130990193
894,89.3999999999992,42.488111795131374,35.147983936437114,7.34012225274534,3161.619577239775,25.693446778100363,119.72237577881297,119.72375200000002,10.809763973213396,0.1,7.3739133414676985,3187.366239140165,35.12,25.649373336344265,3166.6462550664623,4.19213444763375,2.3315202617857547,4.195800000000006,2.347000000000001,76.5487882868164,39.63816635851937,25.37051604513185,0.517815725704257,0.6400527162548477,10.840292268590652,42.493913341467696,35.18202484242634,4.195248885437137,2.34727013986229,25.69742804233811,3161.5278970904783
895,89.49999999999919,42.48811032459432,35.14798522665901,7.340120069206488,3161.6158533659654,25.693447201221446,119.72251747877088,119.72375200000002,10.80974433533185,0.1,7.336254000044356,3187.366239140165,35.12,25.617788033641443,3163.7820427007764,4.19213444763375,2.3315202617857547,4.195800000000006,2.347000000000001,76.54876514323965,39.638166585741736,25.37046995502386,0.5178158852278018,0.6400515498148667,10.800883795365026,42.45625400004435,35.13226436505167,4.195250416946352,2.3477822969456437,25.684517091434078,3161.661380513054
896,89.59999999999918,42.488109005472026,35.147986384032414,7.340118110497068,3161.6125129136344,25.693447580775594,119.72264458918606,119.72375200000002,10.809726719421194,0.1,7.407354586080288,3187.366239140165,35.12,25.617788033641443,3163.7820427007764,4.19213444763375,2.3315202617857547,4.195800000000006,2.347000000000001,76.5487443826549,39.63816678958048,25.37042861048155,0.5178160283261557,0.6400505034746099,10.85986049376822,42.527354586080286,35.17369046474037,4.195861468413309,2.3461966351280505,25.730244136111807,3161.745735518929
897,89.69999999999918,42.488107822174015,35.14798742223614,7.340116353467373,3161.609516405395,25.69344792124871,119.72275861214716,119.72375200000002,10.809710917298775,0.1,7.424155445128932,3187.366239140165,35.12,25.617788033641443,3163.7820427007764,4.19213444763375,2.3315202617857547,4.195800000000006,2.347000000000001,76.548725759696,39.63816697244085,25.370391522900235,0.5178161566905,0.6400495648686141,10.882591503215975,42.54415544512893,35.11370454375018,4.1982634624038875,2.347421766291682,25.70890187935236,3161.5058802815106
898,89.79999999999917,42.48810676071503,35.147988353540576,7.340114777351319,3161.606828428315,25.693448226664795,119.72286089510526,119.72375200000002,10.80969674221548,0.1,7.326795644001663,3187.366239140165,35.12,25.617788033641443,3163.7820427007764,4.199237295663276,2.326891905690899,4.195800000000006,2.347000000000001,76.54870905426105,39.63816713648096,25.37035825397974,0.5178162718378921,0.6400487229044995,10.779171205014883,42.44679564400166,35.1649880630463,4.195284489466198,2.3453901732200406,25.8329778140746,3161.554520484178
899,89.89999999999917,42.48810580854983,35.14798918895268,7.340113363521017,3161.604417215488,25.693448500633522,119.72295264679109,119.72375200000002,10.809684026649244,0.1,7.375301310620259,3187.366239140165,35.12,25.617788033641443,3163.7820427007764,4.199237295663276,2.326891905690899,4.195800000000006,2.347000000000001,76.54869406891105,39.63816728363707,25.370328410545785,0.5178163751291929,0.6400479676319154,10.860213138647424,42.495301310620256,35.15544953508296,4.195980969606065,2.3463249569494424,25.751569418148637,3161.4713356109155
900,89.99999999999916,42.48810495442494,35.14798993834605,7.340112095266614,3161.602254270674,25.69344874639289,119.72303495149444,119.72375200000002,10.809672620325639,0.1,7.339171232225858,3187.366239140165,35.12,25.617788033641443,3163.7820427007764,4.199237295663276,2.326891905690899,4.195800000000006,2.347000000000001,76.54868062653642,39.638167415646386,25.370301639904284,0.5178164677851468,0.6400472901249682,10.868034221387287,42.459171232225856,35.08269131629095,4.197590744857862,2.347314145576678,25.718903594319325,3161.4964617715004
901,90.09999999999916,42.48810418824553,35.14799061057768,7.340110957598796,3161.6003140315793,25.693448966847495,119.723108781874,119.72375200000002,10.809662388442245,0.1,7.380012655264196,3187.366239140165,35.12,25.588477549997346,3160.4082953791394,4.199237295663276,2.326891905690899,4.195800000000006,2.347000000000001,76.54866856826386,39.63816753406749,25.370277625673957,0.517816550900808,0.6400466823767564,10.77067382308682,42.50001265526419,35.14920410375997,4.195879588509143,2.3462210516631026,25.792991589595626,3161.6718444022295
902,90.19999999999915,42.48810350095626,35.147991213592576,7.340109937071627,3161.5985735677964,25.693449164602857,119.72317501044893,119.72375200000002,10.809653210075766,0.1,7.312494044051093,3187.366239140165,35.12,25.588477549997346,3160.4082953791394,4.199237295663276,2.326891905690899,4.195800000000006,2.347000000000001,76.54865775157838,39.638167640298676,25.37025608404783,0.5178166254584832,0.6400461372047587,10.790378528868438,42.43249404405109,35.154778794385834,4.195016832132748,2.347675144689692,25.667333899377773,3161.7222346938115
903,90.29999999999914,42.48810288443414,35.14799175451768,7.340109021623654,3161.5970123098405,25.693449341996217,119.7232344199076,119.72375200000002,10.80964497675314,0.1,7.404540403986978,3187.366239140165,35.12,25.588477549997346,3160.4082953791394,4.199237295663276,2.326891905690899,4.195800000000006,2.347000000000001,76.54864804863927,39.63816773559445,25.370236760439628,0.5178166923393372,0.6400456481659609,10.833943244151945,42.524540403986975,35.16407414362766,4.195440461275252,2.345319657973999,25.65764115737367,3161.597267607681
904,90.39999999999914,42.4881023313926,35.1479922397461,7.340108200435331,3161.595611806078,25.693449501124164,119.72328771235544,119.72375200000002,10.80963759116972,0.1,7.400360437359453,3187.366239140165,35.12,25.588477549997346,3160.4082953791394,4.201981339209955,2.322246004448727,4.195800000000006,2.347000000000001,76.54863934476899,39.63816782108022,25.37021942647534,0.5178167523338079,0.6400452094807229,10.775395946022485,42.52036043735945,35.135129144060784,4.197398829756958,2.3485398325617948,25.633821389730684,3161.538192805233
905,90.49999999999913,42.48810183529531,35.147992675012695,7.3401074638011545,3161.594355504681,25.693449643867403,119.72333551761085,119.72375200000002,10.809630966039435,0.1,7.335616219686969,3187.366239140165,35.12,25.588477549997346,3160.4082953791394,4.201981339209955,2.322246004448727,4.195800000000006,2.347000000000001,76.54863153709782,39.63816789776567,25.370203877294564,0.5178168061509473,0.6400448159644795,10.751821684447831,42.455616219686966,35.16082930025968,4.194400289755405,2.3471693423929105,25.81502448171963,3161.5912713348785
906,90.59999999999913,42.488101390278985,35.1479930654618,7.340106803014958,3161.5932285580275,25.693449771913,119.7233784006471,119.72375200000002,10.809625023063305,0.1,7.392710220634079,3187.366239140165,35.12,25.588477549997346,3160.4082953791394,4.201981339209955,2.322246004448727,4.195800000000006,2.347000000000001,76.54862453334812,39.638167966556566,25.370189929129584,0.5178168544268009,0.6400444629664739,10.883887364516987,42.51271022063408,35.14653201191347,4.194946823310769,2.3455384097403162,25.712303025183317,3161.6060984329006
907,90.69999999999912,42.48810099108404,35.147993415708065,7.340106210267008,3161.5922176472386,25.693449886774303,119.72341686826836,119.72375200000002,10.80961969200415,0.1,7.339579054969583,3187.366239140165,35.12,25.67912365965335,3162.5803435303555,4.201981339209955,2.322246004448727,4.195800000000006,2.347000000000001,76.54861825074363,39.63816802826551,25.37017741713375,0.5178168977319254,0.6400441463147988,10.833091503811682,42.45957905496958,35.111646266907314,4.195095307262482,2.34644562618348,25.67796972305441,3161.4374502651376
908,90.79999999999912,42.48810063299244,35.147993729891034,7.340105678551701,3161.5913108247814,25.693449989808844,119.72345137509829,119.72375200000002,10.809614909856567,0.1,7.388713967255562,3187.366239140165,35.12,25.67912365965335,3162.5803435303555,4.201981339209955,2.322246004448727,4.195800000000006,2.347000000000001,76.54861261503117,39.638168083621494,25.37016619343337,0.5178169365781307,0.6400438622670943,10.825484359442495,42.50871396725556,35.16765156489516,4.194100729997819,2.3469665312807377,25.711764856048323,3161.4195033778738
909,90.89999999999911,42.48810031177196,35.14799401172395,7.3401052015847785,3161.590497373275,25.693450082234374,119.72348232895236,119.72375200000002,10.809610620102347,0.1,7.3629393455670495,3187.366239140165,35.12,25.67912365965335,3162.5803435303555,4.201981339209955,2.322246004448727,4.195800000000006,2.347000000000001,76.54860755960318,39.63816813327845,25.37015612538022,0.517816971424528,0.6400436074663239,10.900856367172766,42.48293934556705,35.078769580118916,4.195415476899165,2.3480432601557157,25.63110991404167,3161.7273697934033
910,90.9999999999991,42.48810002362612,35.147994264537786,7.340104773729036,3161.5897676788327,25.693450165143254,119.72351009565698,119.72375200000002,10.80960677204256,0.1,7.35377286935595,3187.366239140165,35.12,25.67912365965335,3162.5803435303555,4.204336623738758,2.317650204698883,4.195800000000006,2.347000000000001,76.54860302471029,39.63816817782304,25.3701470939839,0.5178170026829573,0.6400433789010995,10.842421146699243,42.47377286935595,35.13410495212983,4.1964095781602495,2.3476260865925616,25.85679757283616,3161.6913040631202
911,91.0999999999991,42.4880997651494,35.147994491320496,7.340104389927714,3161.5891131174467,25.69345023951537,119.72353500337255,119.72375200000002,10.80960332019839,0.1,7.406519650671022,3187.366239140165,35.12,25.67912365965335,3162.5803435303555,4.204336623738758,2.317650204698883,4.195800000000006,2.347000000000001,76.5485989567553,39.63816821778156,25.37013899250563,0.5178170307228537,0.6400431738700948,10.785659182811898,42.52651965067102,35.123512947144,4.194643728379199,2.3451649044495233,25.692712554584457,3161.8009437325436
912,91.1999999999991,42.488099533286885,35.147994694752384,7.340104045644722,3161.5885259530683,25.69345030622972,119.7235573464715,119.72375200000002,10.809600223773675,0.1,7.450788152005636,3187.366239140165,35.12,25.67912365965335,3162.5803435303555,4.204336623738758,2.317650204698883,4.195800000000006,2.347000000000001,76.54859530765968,39.638168253626105,25.370131725196824,0.5178170558756131,0.6400429899501211,10.876953915054697,42.57078815200563,35.1111986771113,4.196225239997396,2.3480488967856266,25.795695538103484,3161.6112703159806
913,91.29999999999909,42.48809932529822,35.14799487723779,7.340103736811033,3161.5879992461814,25.693450366074785,119.72357738901697,119.72375200000002,10.809597446172779,0.1,7.3405106798688,3187.366239140165,35.12,25.76247169103796,3166.7299600195183,4.204336623738758,2.317650204698883,4.195800000000006,2.347000000000001,76.54859203429532,39.63816828578021,25.370125206167522,0.5178170784385101,0.6400428249674897,10.926668864743325,42.4605106798688,35.10683174615072,4.194975403231248,2.3468068101940927,25.68895341734113,3161.485631304619
914,91.39999999999908,42.48809913872526,35.14799504093347,7.340103459776588,3161.5875267717906,25.693450419757866,119.72359536788352,119.72375200000002,10.809594954568086,0.1,7.370933892879293,3187.366239140165,35.12,25.76247169103796,3166.7299600195183,4.204336623738758,2.317650204698883,4.195800000000006,2.347000000000001,76.5485890979749,39.63816831462379,25.370119358371305,0.5178170986782097,0.6400426769723225,10.822166742346868,42.49093389287929,35.16944258386551,4.196534592302036,2.3485390321488544,25.701460737956648,3161.6918367333924
915,91.49999999999908,42.48809897136289,35.147995187774136,7.340103211267159,3161.587102945852,25.69345046791344,119.72361149555643,119.72375200000002,10.809592719512045,0.1,7.396926794979535,3187.366239140165,35.12,25.76247169103796,3166.7299600195183,4.204336623738758,2.317650204698883,4.195800000000006,2.347000000000001,76.54858646399441,39.638168340497685,25.37011411269478,0.5178171168339208,0.640042544215509,10.87575872248808,42.51692679497953,35.11777642948988,4.196748319435824,2.3466006867550813,25.61770910511449,3161.785834175017
916,91.59999999999907,42.488098821233066,35.147995319495266,7.340102988345648,3161.5867227592785,25.693450511110647,119.72362596264279,119.72375200000002,10.809590714589149,0.1,7.40177299448591,3187.366239140165,35.12,25.76247169103796,3166.7299600195183,4.204849862096627,2.3129397523049584,4.195800000000006,2.347000000000001,76.54858410122324,39.638168363707614,25.370109407140742,0.5178171331202218,0.6400424251280341,10.787698768287079,42.52177299448591,35.12122525681536,4.195943095893795,2.3473198134082085,25.720403253705292,3161.4290799466503
917,91.69999999999906,42.48809868656146,35.147995437653655,7.340102788377381,3161.586381718741,25.693450549860028,119.72363894012419,119.72375200000002,10.809588916103738,0.1,7.386253389031246,3187.366239140165,35.12,25.76247169103796,3166.7299600195183,4.204849862096627,2.3129397523049584,4.195800000000006,2.347000000000001,76.54858198173619,39.638168384527866,25.370105186095483,0.5178171477295971,0.6400423183024345,10.803318643770385,42.506253389031244,35.19917868332285,4.193886216308655,2.3484616315970737,25.78443093992014,3161.7642995643223
918,91.79999999999906,42.48809856575639,35.1479955436458,7.340102608998967,3161.586075793564,25.693450584619555,119.72365058137726,119.72375200000002,10.809587302799972,0.1,7.358493135611269,3187.366239140165,35.12,25.76247169103796,3166.7299600195183,4.204849862096627,2.3129397523049584,4.195800000000006,2.347000000000001,76.54858008048339,39.638168403204446,25.370101399671544,0.5178171608347113,0.6400422224761667,10.774830315441376,42.47849313561127,35.14606675773222,4.196606481116842,2.347790380568586,25.633311696284114,3161.573973343843
919,91.89999999999905,42.48809845739008,35.147995638724396,7.340102448090356,3161.5858013680886,25.693450615800046,119.72366102398645,119.72375200000002,10.809585855610605,0.1,7.395956576365286,3187.366239140165,35.12,25.656704096382473,3162.015196106333,4.204849862096627,2.3129397523049584,4.195800000000006,2.347000000000001,76.54857837499421,39.63816841995806,25.3700980031181,0.5178171725904513,0.6400421365166836,10.735762710191842,42.515956576365284,35.12213060283431,4.19557696480879,2.3454967838020653,25.71736331089419,3161.556039430899
920,91.99999999999905,42.48809836018178,35.14799572401316,7.340102303749795,3161.5855551989425,25.693450643770017,119.72367039136992,119.72375200000002,10.809584557431638,0.1,7.393042345042048,3187.366239140165,35.12,25.656704096382473,3162.015196106333,4.204849862096627,2.3129397523049584,4.195800000000006,2.347000000000001,76.54857684511168,39.63816843498669,25.370094956292064,0.517817183135756,0.6400420594080506,10.895695635765913,42.513042345042045,35.12877339729514,4.197165599354643,2.3475085949681462,25.834829382128714,3161.5784847214313
921,92.09999999999904,42.4880982729826,35.147995800520114,7.340102174271347,3161.585334376706,25.693450668860045,119.72367879423823,119.72375200000002,10.809583392920189,0.1,7.356204185403904,3187.366239140165,35.12,25.656704096382473,3162.015196106333,4.204849862096627,2.3129397523049584,4.195800000000006,2.347000000000001,76.54857547275445,39.63816844846795,25.370092223183693,0.5178171925952583,0.6400419902389377,10.885289475010268,42.4762041854039,35.137872232182374,4.196825063692155,2.347000832604278,25.753615020946913,3161.483581852055
922,92.19999999999904,42.48809819476193,35.14799586914949,7.340102058124723,3161.585136291528,25.693450691366664,119.72368633190263,119.72375200000002,10.809582348313153,0.1,7.416789235962007,3187.366239140165,35.12,25.656704096382473,3162.015196106333,4.208313596660813,2.3084231419302155,4.195800000000006,2.347000000000001,76.54857424170278,39.638168460561154,25.37008977149098,0.5178172010807581,0.6400419281918511,10.782254896128665,42.536789235962004,35.1113307011273,4.196253509165259,2.3480000728193584,25.880235244225844,3161.816197839714
923,92.29999999999903,42.4880981245953,35.147995930712405,7.340101953937204,3161.58495860228,25.693450711555876,119.72369309344892,119.72375200000002,10.809581411264537,0.1,7.353808265018422,3187.366239140165,35.12,25.656704096382473,3162.015196106333,4.208313596660813,2.3084231419302155,4.195800000000006,2.347000000000001,76.54857313740706,39.638168471409195,25.37008757223788,0.5178172086925442,0.6400418725334697,10.755295413246886,42.47380826501842,35.18532203473486,4.195194062468545,2.34717380341911,25.75223794792871,3161.4426203545668
924,92.39999999999903,42.4880980616534,35.147995985936454,7.3401018604774135,3161.5847992088884,25.693450729666292,119.72369915879017,119.72375200000002,10.809580570699556,0.1,7.390749797494294,3187.366239140165,35.12,25.656704096382473,3162.015196106333,4.208313596660813,2.3084231419302155,4.195800000000006,2.347000000000001,76.5485721468158,39.6381684811403,25.370085599431867,0.5178172155205789,0.640041822605978,10.767334392707294,42.51074979749429,35.193695132250554,4.195335516617273,2.346718702329406,25.675717231165667,3161.6508735515727
925,92.49999999999902,42.48809800519237,35.14799603547432,7.340101776640767,3161.5846562275137,25.69345074591196,119.72370459961122,119.72375200000002,10.80957981668374,0.1,7.388973393082111,3187.366239140165,35.12,25.64123806561483,3160.757088068685,4.208313596660813,2.3084231419302155,4.195800000000006,2.347000000000001,76.54857125822136,39.63816848986945,25.370083829756748,0.5178172216455613,0.6400417778192936,10.800577971410371,42.50897339308211,35.14719881008576,4.195451022691681,2.3484855548016093,25.739735520222137,3161.598585105551
926,92.59999999999901,42.488097954544884,35.1479960799115,7.340101701436409,3161.5845279682862,25.693450760484886,119.72370948021596,119.72375200000002,10.809579140305525,0.1,7.342157906242058,3187.366239140165,35.12,25.64123806561483,3160.757088068685,4.208313596660813,2.3084231419302155,4.195800000000006,2.347000000000001,76.54857046112157,39.63816849769982,25.370082242297077,0.5178172271398817,0.6400417376440913,10.691740828570165,42.462157906242055,35.15423206574785,4.196325434611507,2.3479656386205225,25.629825059257918,3161.6224310021635
927,92.69999999999901,42.48809790911233,35.14799611977318,7.34010163397551,3161.5844129153343,25.693450773557302,119.72371385828717,119.72375200000002,10.809578533570923,0.1,7.340525540931274,3187.366239140165,35.12,25.64123806561483,3160.757088068685,4.208313596660813,2.3084231419302155,4.195800000000006,2.347000000000001,76.54856974609561,39.63816850472396,25.370080818290965,0.5178172320684766,0.6400417016055481,10.736965826925838,42.46052554093127,35.1027994243196,4.196882342104889,2.346576088950885,25.704698922950076,3161.570097304536
928,92.799999999999,42.488097868357755,35.147996155530485,7.340101573460761,3161.584309708868,25.69345078528371,119.72371778556837,119.72375200000002,10.809577989309053,0.1,7.427769643913429,3187.366239140165,35.12,25.64123806561483,3160.757088068685,4.215632220752869,2.303714024257363,4.195800000000006,2.347000000000001,76.54856910469269,39.638168511024865,25.370079540908357,0.5178172364895964,0.6400416692777312,10.855006878544092,42.547769643913426,35.14601868519526,4.194336269894657,2.3473665279453626,25.826995686019913,3161.5912924386053
929,92.899999999999,42.48809783179952,35.147996187606026,7.34010151917695,3161.584217129109,25.693450795802697,119.72372130847526,119.72375200000002,10.809577501087384,0.1,7.342986682367751,3187.366239140165,35.12,25.64123806561483,3160.757088068685,4.215632220752869,2.303714024257363,4.195800000000006,2.347000000000001,76.54856852933221,39.638168516677,25.3700783950521,0.5178172404554929,0.6400416402785645,10.787525987157455,42.46298668236775,35.1585689338834,4.195431984669008,2.3472101389446722,25.700567871079254,3161.6021489262184
930,92.99999999999899,42.488097799005516,35.14799621637887,7.340101470482505,3161.584134081874,25.69345080523859,119.72372446864439,119.72375200000002,10.809577063135713,0.1,7.3686834218252315,3187.366239140165,35.12,25.64123806561483,3160.757088068685,4.215632220752869,2.303714024257363,4.195800000000006,2.347000000000001,76.54856801321408,39.63816852174716,25.370077367179526,0.5178172440130386,0.6400416142653119,10.801200880927212,42.48868342182523,35.127698748746916,4.195556108110133,2.3468228065984387,25.450064164295668,3161.650838692565
931,93.09999999999899,42.48809776958818,35.14799624218911,7.340101426801914,3161.5840595856407,25.69345081370291,119.72372730342518,119.72375200000002,10.809576670277965,0.1,7.370935001569585,3187.366239140165,35.12,25.652860460616154,3160.890054932505,4.215632220752869,2.303714024257363,4.195800000000006,2.347000000000001,76.54856755023836,39.638168526295274,25.37007644514239,0.5178172472042796,0.6400415909305275,10.814866903214558,42.49093500156958,35.084229503701614,4.195315402710653,2.3469284091315137,25.843174333718622,3161.504351753888
932,93.19999999999898,42.488097743199816,35.14799626534176,7.340101387618919,3161.5839927599523,25.6934508212957,119.72372984632136,119.72375200000002,10.80957631787102,0.1,7.3670091475632375,3187.366239140165,35.12,25.652860460616154,3160.890054932505,4.215632220752869,2.303714024257363,4.195800000000006,2.347000000000001,76.54856713493321,39.63816853037508,25.370075618043295,0.5178172500669326,0.6400415699984215,10.806790017368364,42.487009147563235,35.117720932317084,4.195741641440848,2.3459900679166035,25.636397732955142,3161.614962436037
933,93.29999999999897,42.48809771952854,35.14799628611051,7.340101352470424,3161.583932815007,25.69345082810669,119.723732127387,119.72375200000002,10.809576001749848,0.1,7.391422445440135,3187.366239140165,35.12,25.652860460616154,3160.890054932505,4.215632220752869,2.303714024257363,4.195800000000006,2.347000000000001,76.54856676239018,39.63816853403483,25.3700748761069,0.5178172526348311,0.6400415512216008,10.769904968559276,42.51142244544013,35.19663001283362,4.196125248880113,2.346659835501544,25.601672471446772,3161.5186954718606
934,93.39999999999897,42.48809769829458,35.147996304740786,7.340101320941015,3161.583879042326,25.693450834216385,119.72373417358153,119.72375200000002,10.80957571817826,0.1,7.383082337552366,3187.366239140165,35.12,25.652860460616154,3160.890054932505,4.217470964293804,2.2990566630102056,4.195800000000006,2.347000000000001,76.54856642820629,39.63816853731775,25.370074210564386,0.5178172549383244,0.6400415343781455,10.873378464391575,42.503082337552364,35.12123100253857,4.195928033567796,2.346469521626068,25.62142067103421,3161.54308973102
935,93.49999999999896,42.488097679247005,35.14799632145279,7.340101292658049,3161.5838308063785,25.69345083969699,119.72373600908858,119.72375200000002,10.80957546380478,0.1,7.32839172223958,3187.366239140165,35.12,25.652860460616154,3160.890054932505,4.217470964293804,2.2990566630102056,4.195800000000006,2.347000000000001,76.5485661284318,39.638168540262654,25.370073613549827,0.5178172570046374,0.6400415192689858,10.834509258485543,42.44839172223958,35.16402357994082,4.195632819733127,2.3477589580403113,25.680003761767463,3161.5027323851973
936,93.59999999999896,42.48809766216067,35.14799633644401,7.340101267287257,3161.583787537072,25.69345084461328,119.72373765560168,119.72375200000002,10.809575235623004,0.1,7.387689815986924,3187.366239140165,35.12,25.652860460616154,3160.890054932505,4.217470964293804,2.2990566630102056,4.195800000000006,2.347000000000001,76.54856585952379,39.638168542904324,25.370073078007202,0.5178172588581912,0.6400415057155492,10.845040639503056,42.50768981598692,35.11208969074727,4.195324308367227,2.3465889377728906,25.640636413454953,3161.6815406352243
937,93.69999999999895,42.48809764683364,35.14799634989167,7.340101244528784,3161.5837487230137,25.693450849023368,119.72373913258069,119.72375200000002,10.809575030936092,0.1,7.330154254324121,3187.366239140165,35.12,25.70006132650533,3162.7641397882217,4.217470964293804,2.2990566630102056,4.195800000000006,2.347000000000001,76.5485656183041,39.63816854527399,25.370072597607017,0.5178172605208923,0.6400414935576497,10.85303810865039,42.45015425432412,35.13112080172054,4.194778044271211,2.348059146625681,25.698823495169886,3161.6146870392854
938,93.79999999999895,42.48809763308475,35.14799636195469,7.3401012241136465,3161.5837139054665,25.693450852979364,119.72374045748178,119.72375200000002,10.809574847324878,0.1,7.374428203335938,3187.366239140165,35.12,25.70006132650533,3162.7641397882217,4.217470964293804,2.2990566630102056,4.195800000000006,2.347000000000001,76.54856540192166,39.63816854739968,25.3700721666715,0.5178172620123931,0.6400414826515947,10.757889286534388,42.494428203335936,35.131163539903916,4.196132505277973,2.3468392657776387,25.767792728964782,3161.60799380717
939,93.89999999999894,42.488097620751546,35.14799637277562,7.340101205800567,3161.583682672928,25.693450856528028,119.72374164596371,119.72375200000002,10.809574682619298,0.1,7.3677159046180805,3187.366239140165,35.12,25.70006132650533,3162.7641397882217,4.217470964293804,2.2990566630102056,4.195800000000006,2.347000000000001,76.54856520781917,39.63816854930649,25.3700717801075,0.5178172633503206,0.6400414728684879,10.76955524915845,42.48771590461808,35.1564004689519,4.195598731461591,2.34430972781408,25.50228118245254,3161.5791816076644
940,93.99999999999893,42.488097609688225,35.14799638248237,7.340101189373107,3161.583654656265,25.693450859711305,119.72374271207293,119.72375200000002,10.80957453487272,0.1,7.403789396190682,3187.366239140165,35.12,25.70006132650533,3162.7641397882217,4.222095641140556,2.294490074821529,4.195800000000006,2.347000000000001,76.5485650337026,39.63816855101695,25.370071433346283,0.5178172645504872,0.6400414640927045,10.916839485223981,42.52378939619068,35.1502944080829,4.195482276123295,2.346880454848201,25.75530426400059,3161.765690035221
941,94.09999999999893,42.488097599764046,35.147996391189665,7.340101174637106,3161.583629524354,25.693450862566813,119.72374366840967,119.72375200000002,10.809574402338951,0.1,7.396634937671138,3187.366239140165,35.12,25.70006132650533,3162.7641397882217,4.222095641140556,2.294490074821529,4.195800000000006,2.327000000000001,76.54856487751401,39.63816855255132,25.15387963424275,0.5178172656270784,0.6345873321794459,10.698926316151766,42.516634937671135,35.14594634726854,4.194241786467702,2.3263059748633657,25.592236296284806,3161.4665322524424
942,94.19999999999892,42.48809759086171,35.147996399000405,7.340101161418407,3161.5836069801644,25.693450865128302,119.72374452627663,118.79143200000001,10.833546975604488,0.1,7.352863671374841,3187.366239140165,35.12,25.70006132650533,3162.7641397882217,4.222095641140556,2.294490074821529,4.195800000000006,2.327000000000001,76.54856473740746,39.63816855392769,25.209663812231653,0.5178172665928178,0.6359946670576853,10.87836175236911,42.47286367137484,35.171159484221285,4.197092292875638,2.3272146951729806,25.697862921035924,3161.440894650659
943,94.29999999999892,42.48809758287601,35.14799640600691,7.34010114956078,3164.1063222468038,25.693450867426044,119.72374529581285,118.79143200000001,10.83354686895844,0.1,7.34461516644825,3187.366239140165,35.12,25.64020848444417,3159.79344806533,4.222095641140556,2.294490074821529,4.195800000000006,2.327000000000001,76.54856461172709,39.66979720321514,25.209663564066297,0.5182304515366158,0.635487583536805,10.817169024658618,42.46461516644825,35.11594123298524,4.194689160820999,2.3264763880316597,25.76158741405492,3164.140383915086
944,94.39999999999891,42.48809757571257,35.14799641229199,7.341243458303793,3166.629039595707,25.693450869487197,119.63898907378444,118.79143200000001,10.84548065861393,0.1,7.400149762782718,3187.366239140165,35.12,25.64020848444417,3159.79344806533,4.222095641140556,2.294490074821529,4.195800000000006,2.327000000000001,76.5613315624229,39.67331973024445,25.237433492594622,0.518190043467276,0.6361311244986435,10.88693487006554,42.520149762782715,35.15162400566052,4.195223815814445,2.326975214093129,25.630823932479416,3166.714798852249
945,94.4999999999989,42.48809756928672,35.14799641792991,7.342385548180671,3168.9224177378237,25.693364652317996,119.55431523872195,118.79143200000001,10.857414458119642,0.1,7.385226524191545,3187.366239140165,35.12,25.64020848444417,3159.79344806533,4.222095641140556,2.294490074821529,4.195800000000006,2.327000000000001,76.57383910812509,39.67395356000356,25.265203444044417,0.5181136798428309,0.6368209159148431,10.896402281037004,42.50522652419154,35.16861607474386,4.194404761327215,2.3265773635327083,25.718854816348873,3168.840782298377
946,94.5999999999989,42.48836635993342,35.147760586366246,7.343480417851343,3170.9866796014644,25.693192232542348,119.47702863928136,118.79143200000001,10.868263360772449,0.1,7.354347178908313,3187.366239140165,35.12,25.64020848444417,3159.79344806533,4.229125330787055,2.2933089797290265,4.195800000000006,2.327000000000001,76.5855618675639,39.67413332573037,25.2904488405175,0.5180367207377434,0.6374543492325153,10.824660499360537,42.47434717890831,35.17566512571004,4.194606909458739,2.3284435356329323,25.71701164412858,3170.8982824370582
947,94.6999999999989,42.488903895825985,35.14728896544647,7.3445292055576985,3172.8418140761446,25.692975262567007,119.40711285720351,118.79143200000001,10.878028421142245,0.1,7.349832906055603,3187.366239140165,35.12,25.64020848444417,3159.79344806533,4.229125330787055,2.2933089797290265,4.195800000000006,2.327000000000001,76.59663662478786,39.674113872770924,25.313172135998013,0.517961566212318,0.6380274104463594,10.882364158712031,42.4698329060556,35.16913110813864,4.197096992241716,2.3266505849324806,25.691890578381148,3172.799568923582
948,94.79999999999889,42.4895803214211,35.14669549057651,7.345514013628424,3174.5077656257263,25.692755301364492,119.34406858426458,118.79143200000001,10.886804197345072,0.1,7.441399083925674,3187.366239140165,35.12,25.64020848444417,3159.79344806533,4.229125330787055,2.2933089797290265,4.195800000000006,2.327000000000001,76.60698721997656,39.673987364046944,25.33359336722199,0.5178899315035493,0.6385441708886465,10.96374461846548,42.56139908392567,35.1255797660773,4.195744375064294,2.3263658740749444,25.895045778757062,3174.649329760097
949,94.89999999999888,42.49026607246607,35.14609383896147,7.346416332912412,3176.0031276515865,25.692556858125126,119.28739325838883,118.79143200000001,10.89468503733992,0.1,7.34643943498962,3187.366239140165,35.12,25.665773979900713,3162.524495678273,4.229125330787055,2.2933089797290265,4.195800000000006,2.327000000000001,76.6164798962607,39.673826260655304,25.351932081890006,0.5178236629296199,0.6390090009299562,10.851237737577666,42.46643943498962,35.17358264557262,4.1965053993620325,2.3277944386296068,25.701572210344832,3175.999413394906
950,94.99999999999888,42.490884739109106,35.14555104904244,7.347228011844296,3177.3451336881203,25.692387479883838,119.23655497673792,118.79143200000001,10.901758897839127,0.1,7.343951131874853,3187.366239140165,35.12,25.665773979900713,3162.524495678273,4.229125330787055,2.2933089797290265,4.195800000000006,2.327000000000001,76.62504610695711,39.67367479766965,25.368392955271656,0.5177637967393993,0.6394263471848024,10.841756626496794,42.46395113187485,35.18509725940893,4.194964652659455,2.327510320084045,25.700605327612198,3177.332318668323
951,95.09999999999887,42.49141279271416,35.14508776218985,7.347951490495464,3178.5495780104907,25.692244501863343,119.19099654798895,118.79143200000001,10.908107302658403,0.1,7.367604265697523,3187.366239140165,35.12,25.665773979900713,3162.524495678273,4.229125330787055,2.2933089797290265,4.195800000000006,2.327000000000001,76.63270522464164,39.67354955987835,25.383165693286113,0.5177104141577547,0.6398007230226753,10.825428020759553,42.48760426569752,35.12452758754138,4.195787055323034,2.3276714757483243,25.648519146233674,3178.4541386707992
952,95.19999999999887,42.49185854099085,35.14469668814195,7.348595422102029,3179.6307472073104,25.692121741290222,119.15016847296245,118.79143200000001,10.913804967149119,0.1,7.344092376713185,3187.366239140165,35.12,25.665773979900713,3162.524495678273,4.233719675952175,2.2939858138451337,4.195800000000006,2.327000000000001,76.63953555488838,39.67344980711771,25.39642415855601,0.5176629727708101,0.6401365215787134,10.942483031331644,42.46409237671318,35.13544579890424,4.1954518495593165,2.3273311207135894,25.738682087667062,3179.6824206361307
953,95.29999999999886,42.492241259353605,35.14436091467265,7.3491702165598785,3180.601440994572,25.692013539559937,119.11355969357477,118.79143200000001,10.91891947450057,0.1,7.376241992843241,3187.366239140165,35.12,25.665773979900713,3162.524495678273,4.233719675952175,2.2939858138451337,4.195800000000006,2.327000000000001,76.64563658550024,39.67336816673953,25.408325617162834,0.5176207013752548,0.6404378249503933,10.95124859326187,42.49624199284324,35.15331594791143,4.19451369124995,2.326775195892409,25.54417360426126,3180.688799451115
954,95.39999999999885,42.492578589067946,35.14406496373224,7.349685333126482,3181.4730762322038,25.691916183698794,119.08071334875109,118.79143200000001,10.923511374200967,0.1,7.429509566889564,3187.366239140165,35.12,25.665773979900713,3162.524495678273,4.233719675952175,2.2939858138451337,4.195800000000006,2.327000000000001,76.65110297412757,39.673297356728156,25.419010967765658,0.5175828633557861,0.6407083015865046,10.9114403312342,42.54950956688956,35.167894857632206,4.197236415017835,2.327189236740966,25.622268148281243,3181.6554257725475
955,95.49999999999885,42.492882105700645,35.14379867923456,7.350148347269089,3182.255833574061,25.691827746526975,119.05122855842515,118.79143200000001,10.927634674091275,0.1,7.327930078267258,3187.366239140165,35.12,25.655467714224876,3163.414336959131,4.233719675952175,2.2939858138451337,4.195800000000006,2.327000000000001,76.65601364697766,39.673232761041675,25.428605886610406,0.5175488637297002,0.6409511934601102,10.839940357777065,42.447930078267255,35.17234758979535,4.195673248422843,2.3267388906873467,25.78187239514439,3182.343422654016
956,95.59999999999884,42.4931578174275,35.14355678971247,7.3505651021663745,3182.9588089451813,25.691747369333303,119.0247542994486,118.79143200000001,10.93133753409793,0.1,7.356126345961201,3187.366239140165,35.12,25.655467714224876,3163.414336959131,4.233719675952175,2.2939858138451337,4.195800000000006,2.327000000000001,76.66043135478866,39.67317240117792,25.43722244184589,0.5175182515940762,0.6411693570814782,10.890536203419483,42.4761263459612,35.140573088302524,4.195047097673136,2.327745905396651,25.65896675193609,3183.0731483686022
957,95.69999999999884,42.493408401366494,35.14333694621579,7.350940247277652,3183.590148448059,25.691674603735457,119.0009809972893,118.79143200000001,10.93466298280111,0.1,7.352671911612951,3187.366239140165,35.12,25.655467714224876,3163.414336959131,4.233719675952175,2.2939858138451337,4.195800000000006,2.327000000000001,76.66440672962464,39.67311591310726,25.44496076097819,0.5174906792538548,0.6413653219653375,10.997485158309864,42.47267191161295,35.120231207990216,4.194423119306353,2.3265770364861167,25.6036593216963,3183.681503263941
958,95.79999999999883,42.49363525539434,35.14313792215112,7.351277737318243,3184.157160517158,25.69160902977648,118.9796330722539,118.79143200000001,10.93764955561342,0.1,7.364311480517593,3187.366239140165,35.12,25.655467714224876,3163.414336959131,4.237897729951228,2.2945006961522627,4.195800000000006,2.327000000000001,76.66798272241128,39.673063536903584,25.451910515912438,0.5174658589954854,0.6415413443491014,10.924352493301868,42.48431148051759,35.120175786953794,4.195021552055593,2.3270531690153766,25.719583248783337,3184.249280478457
959,95.89999999999883,42.49383968876886,35.14295856870523,7.3515811384864165,3184.6664079044785,25.691550127096296,118.96046347905043,118.79143200000001,10.940331825330592,0.1,7.3941078479433955,3187.366239140165,35.12,25.655467714224876,3163.414336959131,4.237897729951228,2.2945006961522627,4.195800000000006,2.327000000000001,76.67119764108094,39.67301550276439,25.458152157544298,0.5174435345132437,0.6416994482249626,10.96641944265425,42.51410784794339,35.13989970119331,4.196891233021863,2.3267311717997607,25.847508238366714,3184.6397750613964
960,95.99999999999882,42.494023323764594,35.142797462478995,7.351853755828501,3185.1237848899045,25.691497291696532,118.94325000826741,118.79143200000001,10.94274083727231,0.1,7.411977581119061,3187.366239140165,35.12,25.655467714224876,3163.414336959131,4.237897729951228,2.2945006961522627,4.195800000000006,2.327000000000001,76.67408662415615,39.67297180770933,25.463757928332676,0.5174234680118168,0.6418414544731561,10.928004393657854,42.53197758111906,35.156061812359624,4.195451135365552,2.3269427423429465,25.772535537988976,3185.1212497963206
961,96.09999999999881,42.49418804340689,35.142652951340786,7.352098655521683,3185.534584483831,25.69144990000211,118.92779270145736,118.79143200000001,10.944904474528371,0.1,7.3859560912433295,3187.366239140165,35.12,25.81583130280478,3174.9825223471994,4.237897729951228,2.2945006961522627,4.195800000000006,2.327000000000001,76.67668208112055,39.67293222923159,25.46879271222753,0.5174054373826371,0.641969002065891,11.041444015575149,42.50595609124333,35.09929371577267,4.195563343402024,2.32712981145744,25.617638106727632,3185.571011636072
962,96.19999999999881,42.49433579175343,35.14252332964067,7.352318650473261,3185.903558635353,25.691407363835204,118.91391180735056,118.79143200000001,10.946847775862974,0.1,7.379022696912195,3187.366239140165,35.12,25.81583130280478,3174.9825223471994,4.237897729951228,2.2945006961522627,4.195800000000006,2.327000000000001,76.67901369573106,39.67289642465436,25.47331477443315,0.5173892374526339,0.642083565106252,10.931949843351253,42.49902269691219,35.19467446700883,4.197101297174895,2.325928516532678,25.689987235332083,3185.9346702642683
963,96.2999999999988,42.49446840250738,35.142406988566805,7.3525162889257025,3186.234972910234,25.691369158177306,118.90144594519667,118.79143200000001,10.948593220531583,0.1,7.327292216993328,3187.366239140165,35.12,25.81583130280478,3174.9825223471994,4.237897729951228,2.2945006961522627,4.195800000000006,2.327000000000001,76.68110838171056,39.67286402456037,25.477376424177002,0.5173746814805152,0.6421864680201729,10.956341178567016,42.447292216993326,35.11998769024306,4.196394022463674,2.3271615803967207,25.803212673858035,3186.222669411363
964,96.3999999999988,42.49458751246644,35.14230249207343,7.352693859189531,3186.532656199119,25.691334825507052,118.89025035170643,118.79143200000001,10.950160986936915,0.1,7.366726729966551,3187.366239140165,35.12,25.81583130280478,3174.9825223471994,4.24213517503201,2.2948900524606923,4.195800000000006,2.327000000000001,76.68299034874806,39.67283468723932,25.48102461660221,0.5173616014035246,0.6422788998437291,10.961735840552587,42.48672672996655,35.135753284867874,4.195211780634398,2.3272387395667633,25.71808636416669,3186.5617642791326
965,96.49999999999879,42.49469454799922,35.142208588741255,7.352853408270506,3186.8000456822033,25.691303967517392,118.88019520751223,118.79143200000001,10.95156918777531,0.1,7.363665591089898,3187.366239140165,35.12,25.81583130280478,3174.9825223471994,4.24213517503201,2.2948900524606923,4.195800000000006,2.327000000000001,76.68468128607823,39.6728081165501,25.484301499953155,0.5173498468168313,0.6423619277235382,10.884831216671062,42.483665591089895,35.166401484211335,4.19381720659823,2.3260494016764612,25.508682775118487,3186.8998080972815
966,96.59999999999879,42.49479075086778,35.142124189119684,7.35299676715544,3187.0402272655197,25.691276233510916,118.87116407821566,118.79143200000001,10.952834082743607,0.1,7.390255359468583,3187.366239140165,35.12,25.81583130280478,3174.9825223471994,4.24213517503201,2.2948900524606923,4.195800000000006,2.327000000000001,76.68620061053083,39.6727840583534,25.487244910544383,0.517339283241337,0.6424365094482916,10.89102235646519,42.51025535946858,35.13880800894225,4.1950103343831335,2.327997949101623,25.688657444182272,3187.060556515041
967,96.69999999999878,42.49487721440637,35.142048333984334,7.353125576491312,3187.25597179891,25.691251310545844,118.86305249906056,118.79143200000001,10.953970269824378,0.1,7.365287895189866,3187.366239140165,35.12,25.755974274289937,3181.365514823232,4.24213517503201,2.2948900524606923,4.195800000000006,2.327000000000001,76.68756572417723,39.67276228970551,25.489888817881337,0.517329790234793,0.6425035048415467,10.964244328027664,42.48528789518986,35.137711410952186,4.196028236003986,2.3261137016957725,25.685635066219373,3187.3051658332956
968,96.79999999999878,42.494954914242285,35.14198016738342,7.35324130929882,3187.4497674643035,25.691228916770314,118.85576671202716,118.79143200000001,10.954990856616257,0.1,7.397071521059203,3187.366239140165,35.12,25.755974274289937,3181.365514823232,4.24213517503201,2.2948900524606923,4.195800000000006,2.327000000000001,76.6887922483333,39.67274260911085,25.492263723346042,0.5173212596782428,0.6425636859673962,10.887690048485092,42.5170715210592,35.17813892293084,4.193491181465778,2.327168912412365,25.76778076594116,3187.4990392203654
969,96.89999999999877,42.495024729076874,35.14191891840484,7.353345289878554,3187.62384874674,25.691208797395426,118.84922254705458,118.79143200000001,10.95590761354778,0.1,7.328044730783603,3187.366239140165,35.12,25.755974274289937,3181.365514823232,4.24213517503201,2.2948900524606923,4.195800000000006,2.327000000000001,76.68989422287606,39.67272483062415,25.494397016725692,0.5173135943482635,0.6426177462115249,11.022119149309875,42.4480447307836,35.145435204142665,4.195597113639128,2.32775052072692,25.649313885808198,3187.690331961282
970,96.99999999999876,42.49508745324003,35.14186389016092,7.3534387094442275,3187.7802223781273,25.691190722185976,118.84334443055445,118.79143200000001,10.956731110925794,0.1,7.392180663405881,3187.366239140165,35.12,25.755974274289937,3181.365514823232,4.250623787661921,2.2952589746019214,4.195800000000006,2.327000000000001,76.69088427350357,39.67270878137851,25.49631329512433,0.5173067067513953,0.6426663083588519,10.951015204080912,42.51218066340588,35.18610600400945,4.1953278259754025,2.3282523291405344,25.602369699576393,3187.7870527920627
971,97.09999999999876,42.495143804513006,35.1418144529244,7.353522639406412,3187.920690598168,25.691174483550192,118.83806450305856,118.79143200000001,10.957470841663273,0.1,7.3675470096949525,3187.366239140165,35.12,25.755974274289937,3181.365514823232,4.250623787661921,2.2952589746019214,4.195800000000006,2.327000000000001,76.69177375451808,39.67269430103938,25.498034648550444,0.5173005181497993,0.6427099318001809,10.967823337028433,42.48754700969495,35.170355658035795,4.196466240666917,2.3280880904169803,25.57990942161572,3187.8435868227934
972,97.19999999999875,42.49519443008393,35.141770038902855,7.353598043077599,3188.0468720277554,25.691159894735396,118.83332183034932,118.79143200000001,10.958135331315917,0.1,7.37246099333791,3187.366239140165,35.12,25.755974274289937,3181.365514823232,4.250623787661921,2.2952589746019214,4.195800000000006,2.327000000000001,76.69257287427655,39.672681241854754,25.49958091597215,0.5172949577124093,0.6427491189849313,10.972049032722037,42.49246099333791,35.15188003620128,4.196356875433958,2.3248398276381783,25.677291212507676,3187.978402621449
973,97.29999999999875,42.495239912172934,35.14173013730308,7.3536657862598585,3188.16022040779,25.691146787984096,118.82906169589207,118.79143200000001,10.958732236824453,0.1,7.344198675716264,3187.366239140165,35.12,25.767219077034937,3184.56076523821,4.250623787661921,2.2952589746019214,4.195800000000006,2.327000000000001,76.6932908080302,39.672669468559675,25.50096991509051,0.517289961749897,0.642784321213874,10.97749797992851,42.46419867571626,35.1516814946788,4.197596730307096,2.326473977142579,25.593713643641163,3188.0134564232385
974,97.39999999999874,42.49528077378079,35.141694289287315,7.353726646921672,3188.262041423415,25.69113501268806,118.82523496527827,118.79143200000001,10.959268435159244,0.1,7.409710708129808,3187.366239140165,35.12,25.767219077034937,3184.56076523821,4.250623787661921,2.2952589746019214,4.195800000000006,2.327000000000001,76.69393580057495,39.67265885791312,25.50221764861557,0.517285473014096,0.6428159438456414,11.054896726344344,42.529710708129805,35.22523477990378,4.194942642242914,2.32584183620605,25.69590683185446,3188.152301349218
975,97.49999999999874,42.4953174844437,35.14166208292405,7.353781324031725,3188.3535078085188,25.69112443362659,118.82179751528089,118.79143200000001,10.959750102907899,0.1,7.387632271285263,3187.366239140165,35.12,25.767219077034937,3184.56076523821,4.250623787661921,2.2952589746019214,4.195800000000006,2.327000000000001,76.69451525972816,39.672649297936125,25.50333848946669,0.5172814400558314,0.6428443509769195,10.929850597457914,42.50763227128526,35.15866155269137,4.195336159005446,2.327996101803948,25.907363936767645,3188.3243997432987
976,97.59999999999873,42.49535046572575,35.14163314836926,7.353830445573781,3188.4356729053284,25.691114929353493,118.81870972120106,118.79143200000001,10.960182787727629,0.1,7.373322839446352,3187.366239140165,35.12,25.767219077034937,3184.56076523821,4.2561871067621775,2.295560445403419,4.195800000000006,2.327000000000001,76.69503584109482,39.67264068700883,25.5043453470422,0.5172778166400098,0.6428698696478209,10.892295913712053,42.49332283944635,35.1168682262535,4.197464240179942,2.3271192565618644,25.81564185160687,3188.3458947743843
977,97.69999999999872,42.49538009624756,35.141607153454295,7.353874575773525,3188.509482836841,25.69110639075738,118.81593599680068,118.79143200000001,10.960571472489367,0.1,7.317629675060978,3187.366239140165,35.12,25.767219077034937,3184.56076523821,4.2561871067621775,2.295560445403419,4.195800000000006,2.327000000000001,76.69550352454198,39.6726329329585,25.505249816482767,0.5172745612167936,0.6428927936187967,10.930428921193553,42.437629675060975,35.10505293486602,4.19587022754659,2.326796434198226,25.763039956731767,3188.5783062254463
978,97.79999999999872,42.4954067161748,35.141583799748055,7.353914221588576,3188.5757874343662,25.691098719789064,118.813444381554,118.79143200000001,10.960920632859864,0.1,7.417534312440999,3187.366239140165,35.12,25.767219077034937,3184.56076523821,4.2561871067621775,2.295560445403419,4.195800000000006,2.327000000000001,76.69592368293601,39.672625952210694,25.506062312664913,0.5172716364460112,0.6429133867616753,10.932836248613969,42.537534312441,35.13870854482287,4.195855438957871,2.327230699182338,25.779150109145302,3188.525314889674
979,97.89999999999871,42.49543063118561,35.14156281907609,7.353949838527793,3188.6353500482282,25.691091828335114,118.81120617036565,118.79143200000001,10.961234288994792,0.1,7.35081254798736,3187.366239140165,35.12,25.804372967918372,3188.3129182288126,4.2561871067621775,2.295560445403419,4.195800000000006,2.327000000000001,76.69630114381911,39.67261966902468,25.50679219049089,0.5172690087704687,0.6429318861039548,11.025677930317213,42.47081254798736,35.164494138749305,4.194151998597074,2.3285342529152637,25.709367726281098,3188.50371123043
980,97.9999999999987,42.49545211598246,35.14154397043955,7.353981835870134,3188.688856356532,25.69108563721434,118.80919558133627,118.79143200000001,10.961516051948607,0.1,7.349798145133171,3187.366239140165,35.12,25.804372967918372,3188.3129182288126,4.2561871067621775,2.295560445403419,4.195800000000006,2.327000000000001,76.69664024474139,39.672614014806605,25.507447852884418,0.517266648033213,0.6429485045619765,10.944244348744625,42.46979814513317,35.11388658651568,4.196373222300195,2.3264313869009334,25.637816447439242,3188.6518975027884
981,98.0999999999987,42.495471417420575,35.141527037270386,7.354010581349433,3188.736922274949,25.69108007527801,118.80738945760076,118.79143200000001,10.961769165344709,0.1,7.380764370576429,3187.366239140165,35.12,25.804372967918372,3188.3129182288126,4.2561871067621775,2.295560445403419,4.195800000000006,2.327000000000001,76.69694488293293,39.67260892748534,25.508036847757147,0.5172645271339033,0.6429634333951019,10.964533762462041,42.50076437057643,35.13167781976408,4.196499671715307,2.326819954267011,25.568595591624653,3188.7008305794766
982,98.1999999999987,42.49548875731328,35.14151182497027,7.354036405363667,3188.7801010597145,25.69107507859976,118.80576699968911,118.79143200000001,10.961996542792956,0.1,7.333875866891276,3187.366239140165,35.12,25.804372967918372,3188.3129182288126,4.258240344313246,2.2958750908295777,4.195800000000006,2.327000000000001,76.69721855992904,39.67260435093825,25.50856595507922,0.5172626217199675,0.6429768444096599,11.079157136550187,42.45387586689127,35.12574472661892,4.196829684428024,2.3260855851415965,25.637039521961434,3188.6531366389972
983,98.29999999999869,42.4955043349574,35.1414981586949,7.354059604759137,3188.818889686429,25.691070589745298,118.80430952524834,118.79143200000001,10.962200801490633,0.1,7.375038295926949,3187.366239140165,35.12,25.804372967918372,3188.3129182288126,4.258240344313246,2.2958750908295777,4.195800000000006,2.327000000000001,76.69746442168233,39.67260023445911,25.509041265068713,0.5172609099088247,0.6429888919383683,10.931174931139381,42.495038295926946,35.1399762803944,4.196946487607329,2.3273970839283455,25.681327119702555,3188.7639136148036
984,98.39999999999868,42.49551832941006,35.14148588135649,7.354080446233051,3188.8537345786995,25.69106655711432,118.80300025330779,118.79143200000001,10.962384292397577,0.1,7.353476681898073,3187.366239140165,35.12,25.804372967918372,3188.3129182288126,4.258240344313246,2.2958750908295777,4.195800000000006,2.327000000000001,76.69768529462543,39.672596532264905,25.50946824840917,0.5172593720379844,0.6429997146181962,10.926112031272586,42.47347668189807,35.13455085101912,4.196154032762576,2.3265095305767316,25.74702893309028,3188.8832726344535
985,98.49999999999868,42.495530901540405,35.1414748518238,7.354099169392641,3188.88503675303,25.691062934348235,118.80182411056951,118.79143200000001,10.962549127335718,0.1,7.3816694523194,3187.366239140165,35.12,25.757828796040826,3188.5635217366685,4.258240344313246,2.2958750908295777,4.195800000000006,2.327000000000001,76.6978837180915,39.672593203040186,25.509851819310224,0.5172579904402527,0.6430094369872287,10.96989622646812,42.5016694523194,35.19464715623848,4.194303213759095,2.3270696415345906,25.796925757192824,3188.8312862622033
986,98.59999999999867,42.49554219587594,35.14146494330224,7.354115989504937,3188.9131564395593,25.691059679797718,118.80076755746911,118.79143200000001,10.962697203327155,0.1,7.370829202260104,3187.366239140165,35.12,25.757828796040826,3188.5635217366685,4.258240344313246,2.2958750908295777,4.195800000000006,2.327000000000001,76.69806197345571,39.67259020951821,25.510196392142298,0.5172567492415705,0.6430181709189715,10.956318421343902,42.4908292022601,35.11764404908645,4.194530545167235,2.326952746068116,25.499121644879615,3188.8667859465722
987,98.69999999999867,42.49555234226264,35.1414560418775,7.3541310999679474,3188.9384172321434,25.69105675604431,118.7998184319841,118.79143200000001,10.962830224452707,0.1,7.370559657275059,3187.366239140165,35.12,25.757828796040826,3188.5635217366685,4.258240344313246,2.2958750908295777,4.195800000000006,2.327000000000001,76.69822211032474,39.67258751809758,25.51050593230146,0.5172556341792576,0.6430260169106501,10.991463596736553,42.49055965727506,35.2343307982009,4.1983121651123305,2.326587029141589,25.826711750712075,3188.8795282513156
988,98.79999999999866,42.49556145735626,35.1414480452071,7.354144674531231,3188.9611098158025,25.691054129470768,118.79896580937417,118.79143200000001,10.962949721484028,0.1,7.415036595919865,3187.366239140165,35.12,25.757828796040826,3188.5635217366685,4.271442833421827,2.2962940793095292,4.195800000000006,2.327000000000001,76.69836597007057,39.67258509849256,25.51078400189334,0.5172546324386323,0.6430330652403762,10.992869208237126,42.53503659591986,35.23233928098278,4.195780159607212,2.3257507681512135,25.551241764421167,3189.1336633806072
989,98.89999999999866,42.495569645961936,35.14144086134522,7.354156869291112,3188.981495314644,25.691051769875077,118.79819987622403,118.79143200000001,10.963057069516408,0.1,7.352067860170472,3187.366239140165,35.12,25.757828796040826,3188.5635217366685,4.271442833421827,2.2962940793095292,4.195800000000006,2.327000000000001,76.69849520697639,39.67258292341481,25.51103380076469,0.5172537325061658,0.6430393970065419,10.942602428917182,42.47206786017047,35.12908588638256,4.197586192166654,2.3281440575574637,25.64270492506009,3188.8995908919087
990,98.99999999999865,42.49557700223747,35.14143440768702,7.354167824483424,3188.999808298962,25.691049650123723,118.79751181732578,118.79143200000001,10.963153503806243,0.1,7.380171083372822,3187.366239140165,35.12,25.757828796040826,3188.5635217366685,4.271442833421827,2.2962940793095292,4.195800000000006,2.327000000000001,76.69861130723655,39.67258096828408,25.511258203357137,0.5172529240375041,0.6430450850614409,10.94624611124043,42.50017108337282,35.169328225128034,4.19625854585864,2.3263376989252436,25.602214708925814,3189.1585437573467
991,99.09999999999864,42.49558361077429,35.141428610020256,7.354177666094298,3189.0162594862554,25.691047745840134,118.7968937140886,118.79143200000001,10.963240133996223,0.1,7.363306384593741,3187.366239140165,35.12,25.717921186662362,3187.380245174932,4.271442833421827,2.2962940793095292,4.195800000000006,2.327000000000001,76.69871560602809,39.67257921096548,25.51145979180922,0.5172521977388554,0.6430501948498943,10.919149152071927,42.48330638459374,35.154034399860244,4.196553562970531,2.3265463396112405,25.850230185835954,3188.9159811036657
992,99.19999999999864,42.4955895475688,35.14142340167316,7.354186507307496,3189.0310381673576,25.69104603512471,118.79633845329835,118.79143200000001,10.963317956892585,0.1,7.412427906625027,3187.366239140165,35.12,25.717921186662362,3187.380245174932,4.271442833421827,2.2962940793095292,4.195800000000006,2.327000000000001,76.69880930284997,39.67257763153121,25.511640885689054,0.5172515452603912,0.6430547851625541,11.00668385289331,42.532427906625024,35.07249168782493,4.196684202074495,2.329375013419176,25.696500742652972,3189.138051770953
993,99.29999999999863,42.49559488089521,35.14141872274869,7.354194449804853,3189.044314385677,25.69104449830325,118.79583964517016,118.79143200000001,10.963387867941996,0.1,7.311546913685035,3187.366239140165,35.12,25.717921186662362,3187.380245174932,4.271442833421827,2.2962940793095292,4.195800000000006,2.327000000000001,76.69889347530504,39.672576212044426,25.511803568701033,0.5172509591004454,0.6430589088125757,10.874435127449495,42.43154691368503,35.174272028292435,4.196644546440182,2.3274363362056696,25.687843046453025,3189.1268366861636
994,99.39999999999863,42.495599672089796,35.141414519436445,7.35420158493473,3189.056240894704,25.691043117700897,118.79539154974601,118.79143200000001,10.963450671540539,0.1,7.332879783349647,3187.366239140165,35.12,25.717921186662362,3187.380245174932,4.272116533033008,2.2965536167332505,4.195800000000006,2.327000000000001,76.69896909148353,39.67257493636356,25.51194971267484,0.517250432519421,0.6430626132434574,10.94981888313523,42.452879783349644,35.137791853600305,4.195941296231116,2.3262436894049454,25.534479894620226,3188.995119263126
995,99.49999999999862,42.495603976255694,35.14141074339441,7.354207994761847,3189.0669549163563,25.69104187743903,118.79498901078613,118.79143200000001,10.963507090293751,0.1,7.365299878710786,3187.366239140165,35.12,25.717921186662362,3187.380245174932,4.272116533033008,2.2965536167332505,4.195800000000006,2.327000000000001,76.69903702108908,39.67257378996521,25.512080999113568,0.517249959462423,0.6430659410750557,10.93799950896479,42.485299878710784,35.14540622944662,4.195180440785772,2.3257143024697546,25.693401978097313,3189.1698614356164
996,99.59999999999862,42.49560784289608,35.141407351193386,7.35421375301051,3189.076579720444,25.691040763252758,118.79462739639006,118.79143200000001,10.963557773334543,0.1,7.3726238204848755,3187.366239140165,35.12,25.717921186662362,3187.380245174932,4.272116533033008,2.2965536167332505,4.195800000000006,2.327000000000001,76.69909804543497,39.672572759784046,25.512198938549492,0.5172495344897384,0.6430689305940632,10.944510496165751,42.49262382048487,35.16563618949823,4.197325476643584,2.3257143051907643,25.546224503817832,3188.9245478477674
997,99.69999999999861,42.495611316483206,35.14140430381788,7.354218925912081,3189.085226043462,25.69103976232696,118.79430254566181,118.79143200000001,10.963603303794907,0.1,7.354706704859979,3187.366239140165,35.12,25.65489132909887,3183.835490232402,4.272116533033008,2.2965536167332505,4.195800000000006,2.327000000000001,76.69915286642565,39.67257183406802,25.512304887930757,0.5172491527143623,0.6430716161946067,10.844835021725594,42.474706704859976,35.14470892990404,4.195484806207767,2.3267844838342815,25.690833850049398,3189.1991492544075
998,99.7999999999986,42.495614436969475,35.14140156621761,7.3542235729663545,3189.0929933630687,25.691038863148975,118.7940107208028,118.79143200000001,10.96364420551757,0.1,7.431807179842664,3187.366239140165,35.12,25.65489132909887,3183.835490232402,4.272116533033008,2.2965536167332505,4.195800000000006,2.327000000000001,76.69920211462563,39.67257100224782,25.512400066239394,0.5172488097458673,0.6430740287740333,10.94858771378674,42.55180717984266,35.12045188032056,4.196071430662159,2.3280821140266608,25.77347410089514,3189.236782892231
999,99.8999999999986,42.49561724024676,35.14139910690464,7.354227747625599,3189.0999710429282,25.69103805537626,118.79374856408,118.79143200000001,10.963680949084946,0.1,7.355279331569612,3187.366239140165,35.12,25.65489132909887,3183.835490232402,4.272116533033008,2.2965536167332505,4.195800000000006,2.327000000000001,76.69924635650898,39.67257025481884,25.512485568520678,0.5172485016399653,0.6430761960884498,11.036831674266885,42.47527933156961,35.20672880038161,4.19627699936042,2.328974011910469,25.629326668043664,3189.0827867016956
1000,99.9999999999986,42.49561975855897,35.14139689759138,7.354231497909121,3189.106239361122,25.691037329717485,118.79351305917248,118.79143200000001,10.963713957234866,0.1,7.387446798196386,3187.366239140165,35.12,25.65489132909887,3183.835490232402,4.279340822325474,2.2968221338840826,4.195800000000006,2.327000000000001,76.69928610097234,39.67256958323487,25.51256237848554,0.5172482248531897,0.6430781430721046,10.987600772668893,42.50744679819638,35.1578347335657,4.195155147715046,2.327347967810674,25.63512754701129,3188.8623700940852
1001,100.09999999999859,42.49562202087277,35.14139491286537,7.354234866955391,3189.111870433962,25.6910366778257,118.79330149645071,118.79143200000001,10.9637436097255,0.1,7.362622272373322,3187.366239140165,35.12,25.65489132909887,3183.835490232402,4.279340822325474,2.2968221338840826,4.195800000000006,2.327000000000001,76.69932180518634,39.67256897981216,25.512631379831248,0.5172479762021772,0.6430798921242947,11.0051839033231,42.48262227237332,35.15058229829042,4.196285467471241,2.3271807912126636,25.73752108340955,3189.0524648531373
1002,100.19999999999858,42.495624053210605,35.14139312989714,7.3542378935180786,3189.116929045859,25.69103609220237,118.79311144178789,118.79143200000001,10.963770247705495,0.1,7.409526229558857,3187.366239140165,35.12,25.65489132909887,3183.835490232402,4.279340822325474,2.2968221338840826,4.195800000000006,2.327000000000001,76.69935387985245,39.67256843764297,25.512693366410698,0.517247752827084,0.6430814633670957,10.935087832215148,42.529526229558854,35.119872735911116,4.195230148532469,2.326868869391848,25.63234522495071,3189.003313725878
1003,100.29999999999858,42.495625878949895,35.141391528177664,7.354240612411684,3189.121473394796,25.69103556611115,118.79294070854414,118.79143200000001,10.963794177639691,0.1,7.363768823692141,3187.366239140165,35.12,25.59338686595448,3180.9891352833824,4.279340822325474,2.2968221338840826,4.195800000000006,2.327000000000001,76.6993826939257,39.672567950517646,25.51274905136757,0.5172475521587159,0.6430828748768879,10.888147863944235,42.48376882369214,35.112858165814714,4.196627183495354,2.3277306502499573,25.74632506984463,3189.1980977780763
1004,100.39999999999857,42.49562751909188,35.14139008928258,7.354243054911903,3189.1255557619957,25.69103509350041,118.79278733240024,118.79143200000001,10.963815674835612,0.1,7.3280623447610225,3187.366239140165,35.12,25.59338686595448,3180.9891352833824,4.279340822325474,2.2968221338840826,4.195800000000006,2.327000000000001,76.69940857885771,39.67256751285447,25.51279907534248,0.517247371888996,0.6430841428923392,10.919924310444877,42.44806234476102,35.184643785050994,4.196548629488645,2.328064680839597,25.740399545550375,3189.0996655829094
1005,100.49999999999856,42.49562899250313,35.14138879666025,7.354245249115295,3189.129223113491,25.691034668933664,118.7926495487512,118.79143200000001,10.96383498661134,0.1,7.326139783679707,3187.366239140165,35.12,25.59338686595448,3180.9891352833824,4.279340822325474,2.2968221338840826,4.195800000000006,2.327000000000001,76.69943183240845,39.67256711963647,25.5128440138446,0.5172472099444326,0.6430852820012415,10.9389642466522,42.446139783679705,35.17404723749287,4.193701825270155,2.3278457578142873,25.703583922823636,3189.0100123128827
1006,100.59999999999856,42.49563031613242,35.141387635441504,7.3542472202624065,3189.1325176405257,25.69103428752703,118.79252577239897,118.79143200000001,10.963852335141283,0.1,7.362688350696239,3187.366239140165,35.12,25.59338686595448,3180.9891352833824,4.28847540592058,2.297217446322736,4.195800000000006,2.327000000000001,76.69945272207042,39.67256676635449,25.512884383873775,0.5172470644622817,0.6430863053083508,10.988248465877742,42.482688350696236,35.220158315421216,4.195668462182236,2.3270105333484272,25.76670673086161,3189.1486057106727
1007,100.69999999999855,42.495631505205736,35.14138659226861,7.354248991028065,3189.1354772450054,25.691033944893086,118.79241457931049,118.79143200000001,10.96386792001254,0.1,7.3674117405275155,3187.366239140165,35.12,25.59338686595448,3180.9891352833824,4.28847540592058,2.297217446322736,4.195800000000006,2.327000000000001,76.69947148814542,39.672566448956054,25.512920649869187,0.5172469337691303,0.6430872245861607,10.951885921533917,42.48741174052751,35.14399576367468,4.196905387981938,2.3283455209075146,25.46846028245638,3189.0434732240915
1008,100.79999999999855,42.49563257340132,35.14138565514164,7.354250581782164,3189.138135975589,25.691033637090378,118.79231469023085,118.79143200000001,10.963881920521352,0.1,7.3532523209497,3187.366239140165,35.12,25.59338686595448,3180.9891352833824,4.28847540592058,2.297217446322736,4.195800000000006,2.327000000000001,76.69948834650803,39.67256616379919,25.512953229053196,0.5172468163616557,0.6430880504103489,10.921644237729598,42.4732523209497,35.139335153612464,4.195875438741636,2.327551395175727,25.70599562360951,3189.2461151855027
1009,100.89999999999854,42.49563353300704,35.14138481328047,7.3542520108239495,3189.1405244194407,25.69103336057812,118.79222495596298,118.79143200000001,10.963894497736053,0.1,7.415905542824298,3187.366239140165,35.12,25.69576421416777,3184.9150085608126,4.28847540592058,2.297217446322736,4.195800000000006,2.327000000000001,76.69950349108873,39.67256590761105,25.512982496231803,0.5172467108893394,0.6430887922814497,10.974245272158448,42.535905542824295,35.111712674460186,4.195541665438802,2.3269592568143405,25.746353144716206,3189.2441271298176
1010,100.99999999999854,42.49563439506166,35.141384057000806,7.354253294592494,3189.142670054147,25.69103311217545,118.7921443441441,118.79143200000001,10.96390579635025,0.1,7.364567840215436,3187.366239140165,35.12,25.69576421416777,3184.9150085608126,4.28847540592058,2.297217446322736,4.195800000000006,2.327000000000001,76.6995170961043,39.67256567745059,25.51300878810704,0.5172466161389382,0.6430894587341581,10.908905453275713,42.48456784021543,35.19534869026938,4.195473902251663,2.3260499552440206,25.78987730753858,3189.0669826020076
1011,101.09999999999853,42.495635169481815,35.141383377602764,7.3542544478557765,3189.144597563857,25.69103288902485,118.79207192736699,118.79143200000001,10.963915946347596,0.1,7.3847629238213415,3187.366239140165,35.12,25.69576421416777,3184.9150085608126,4.28847540592058,2.297217446322736,4.195800000000006,2.327000000000001,76.69952931806169,39.672565470674954,25.513032407150867,0.5172465310205314,0.6430900574355221,10.960749001853479,42.50476292382134,35.11672753517097,4.194538268384181,2.326405079600996,25.711445229507625,3189.10073373309
1012,101.19999999999852,42.495635865176126,35.141382767270834,7.354255483880552,3189.146329123278,25.69103268855928,118.79200687250898,118.79143200000001,10.963925064497293,0.1,7.383209273541752,3187.366239140165,35.12,25.69576421416777,3184.9150085608126,4.290967108708407,2.2975862070322,4.195800000000006,2.327000000000001,76.69954029755837,39.6725652849094,25.51305362508521,0.5172464545549867,0.6430905952731478,11.008468723400853,42.50320927354175,35.15804762891388,4.1954824893417735,2.327509639754475,25.56240816725988,3189.2976439747295
1013,101.29999999999852,42.495636490147604,35.141382218984,7.354256414584942,3189.147884652796,25.691032508472652,118.79194843114615,118.79143200000001,10.963933255697535,0.1,7.391214256057239,3187.366239140165,35.12,25.69576421416777,3184.9150085608126,4.290967108708407,2.2975862070322,4.195800000000006,2.327000000000001,76.69955016089925,39.67256511802011,25.513072686008172,0.5172463858627013,0.6430910784344418,11.024564199499528,42.51121425605724,35.16372403126196,4.19495957176928,2.327684004910981,25.76522566470545,3189.161941698196
1014,101.39999999999851,42.49563705158566,35.14138172643494,7.354257250675527,3189.149282047661,25.691032346693305,118.7918959309421,118.79143200000001,10.963940614182386,0.1,7.313974038054219,3187.366239140165,35.12,25.69576421416777,3184.9150085608126,4.290967108708407,2.2975862070322,4.195800000000006,2.327000000000001,76.69955902154972,39.67256496808976,25.51308980920242,0.5172463241534837,0.6430915124777948,10.93154261447602,42.43397403805422,35.14319462684255,4.195974711301165,2.327671876023421,25.568639379756014,3189.1997440599234
1015,101.49999999999851,42.49563755594896,35.141381283957536,7.354258001770511,3189.1505373838677,25.69103220136017,118.79184876791224,118.79143200000001,10.963947224605926,0.1,7.4025567882416965,3187.366239140165,35.12,25.65441625212581,3182.4867993847893,4.290967108708407,2.2975862070322,4.195800000000006,2.327000000000001,76.69956698144082,39.67256483339565,25.513105191658,0.5172462687174663,0.6430919023965279,10.956816057936626,42.522556788241694,35.125358829164064,4.195951963447109,2.3261295798201833,25.47813290776443,3189.2004778335936
1016,101.5999999999985,42.49563800903954,35.14138088646163,7.354258676510344,3189.151665103109,25.691032070801363,118.79180639947481,118.79143200000001,10.96395316301619,0.1,7.423737859219862,3187.366239140165,35.12,25.65441625212581,3182.4867993847893,4.290967108708407,2.2975862070322,4.195800000000006,2.327000000000001,76.69957413214162,39.67256471238996,25.513119010338684,0.5172462189169422,0.6430922526763387,10.981379754142115,42.54373785921986,35.169060322558245,4.194283454275957,2.3257982368375245,25.821727288140174,3189.302340798313
1017,101.6999999999985,42.49563841606968,35.141380529374516,7.354259282657127,3189.152678178922,25.691031953514962,118.79176833820814,118.79143200000001,10.963958497730097,0.1,7.378210670889942,3187.366239140165,35.12,25.65441625212581,3182.4867993847893,4.290967108708407,2.2975862070322,4.195800000000006,2.327000000000001,76.6995805559127,39.67256460368199,25.513131424217946,0.5172461741790277,0.6430925673469087,10.915275330740402,42.49821067088994,35.1412504573638,4.196806047998045,2.327594859894021,25.587869082332872,3189.147538129584
1018,101.79999999999849,42.495638781721766,35.141380208588316,7.354259827183887,3189.153588265946,25.691031848151724,118.79173414624292,118.79143200000001,10.963963290119402,0.1,7.377938446733104,3187.366239140165,35.12,25.65441625212581,3182.4867993847893,4.296588744695057,2.2978746063222295,4.195800000000006,2.327000000000001,76.69958632665224,39.67256450602227,25.513142576107857,0.517246133989076,0.6430928500282602,11.007655317335763,42.4979384467331,35.16142361397245,4.195747811706043,2.326909051793669,25.665700738645356,3189.161376521483
1019,101.89999999999849,42.49563911020219,35.141379920412774,7.354260316354793,3189.154405834002,25.691031753499562,118.79170343022437,118.79143200000001,10.963967595316763,0.1,7.37979885651022,3187.366239140165,35.12,25.65441625212581,3182.4867993847893,4.296588744695057,2.2978746063222295,4.195800000000006,2.327000000000001,76.69959151074613,39.6725644182882,25.513152594302117,0.5172460978847561,0.6430931039724043,10.932181853451445,42.49979885651022,35.0650813004834,4.196669287644684,2.324944116219404,25.878904539147555,3189.1504338511763
1020,101.99999999999848,42.495639405289765,35.14137966153275,7.354260755797224,3189.155140288545,25.691031668469613,118.7916758367868,118.79143200000001,10.963971462850028,0.1,7.381635927119021,3187.366239140165,35.12,25.65441625212581,3182.4867993847893,4.296588744695057,2.2978746063222295,4.252500000000007,2.327000000000001,76.69959616783179,39.67256433947118,25.513161594052022,0.5172460654507339,0.6430933321007528,10.984835471609836,42.50163592711902,35.10572200885102,4.2507583567417315,2.3273205735475684,25.697238083807868,3189.2614020999936
1021,102.09999999999847,42.495639670379134,35.14137942897012,7.452723393904385,3189.15580007887,25.691031592083696,119.58840646973546,118.79143200000001,10.963974937212017,0.1,7.4054154617516375,3187.366239140165,35.12,25.743760798365745,3190.026311338007,4.296588744695057,2.2978746063222295,4.252500000000007,2.327000000000001,77.79995403875456,39.93865477567339,25.51316967889237,0.5133506217211736,0.638808938913797,11.038722299962588,42.525415461751635,35.09847554743141,4.252412694927998,2.3273452155805705,25.627994838598507,3189.230013995455
1022,102.19999999999847,42.49563990851988,35.14137922004951,7.45272372148195,3191.312308336839,25.6835998733536,119.58838466601337,118.79143200000001,10.963978058372401,0.1,7.309781766878423,3187.366239140165,35.12,25.743760798365745,3190.026311338007,4.296588744695057,2.2978746063222295,4.252500000000007,2.327000000000001,77.7774522816383,39.96565402122192,25.513176941832587,0.513846273551146,0.6383775661042601,10.965652507302831,42.42978176687842,35.14522232378686,4.251440183463101,2.327578353965778,25.57759715389061,3191.385649489079
1023,102.29999999999846,42.51880903483283,35.12105590965458,7.4605937782749,3193.4687575967996,25.676168163641798,119.4976686328606,118.79143200000001,10.974179493421873,0.1,7.437092763840361,3187.366239140165,35.12,25.743760798365745,3190.026311338007,4.296588744695057,2.2978746063222295,4.252500000000007,2.327000000000001,77.84284693883694,39.96232262044781,25.53691568119271,0.5133718021881599,0.6390248115390084,10.921891636460982,42.55709276384036,35.15668833702963,4.252340801433583,2.32614781486969,25.660332725650715,3193.502594710323
1024,102.39999999999846,42.54197813303034,35.10073850374402,7.468084537981667,3195.3797411837013,25.671425129859166,119.4049261617898,118.79143200000001,10.984380649379275,0.1,7.467056602698953,3187.366239140165,35.12,25.743760798365745,3190.026311338007,4.292255767894246,2.3004639130466065,4.252500000000007,2.327000000000001,77.91211566154335,39.955202794491,25.560653771105585,0.5128239999034258,0.6397328003208101,10.936042181169334,42.58705660269895,35.08290076818155,4.254150418838588,2.3256923595322254,25.621577236490523,3195.417393641427
1025,102.49999999999845,42.55676501515107,35.08777469017766,7.472814270328669,3197.039775822646,25.66939895249532,119.32730377655066,118.79143200000001,10.993420621691158,0.1,7.402691573910019,3187.366239140165,35.12,25.743760798365745,3190.026311338007,4.292255767894246,2.3004639130466065,4.252500000000007,2.327000000000001,77.95877834844154,39.94997250981922,25.581689786675334,0.5124499556837636,0.6403431136376293,10.992933925127597,42.522691573910016,35.12173030294156,4.25115439878512,2.3273542833723027,25.58280474793209,3197.0781491555226
1026,102.59999999999845,42.56308182570059,35.08223740665944,7.475123935240347,3198.489774480354,25.66911033197486,119.26653099632618,118.79143200000001,11.00127347154067,0.1,7.463571375699381,3187.366239140165,35.12,25.743760798365745,3190.026311338007,4.292255767894246,2.3004639130466065,4.252500000000007,2.327000000000001,77.98369117434083,39.94773604291349,25.59996336827515,0.5122575687473689,0.640836400360076,10.935446449652078,42.58357137569938,35.08894555810796,4.252469544873775,2.326580294269853,25.729337369655266,3198.4891200983284
1027,102.69999999999844,42.56398162903518,35.08144867926429,7.475975053132143,3199.7753299753376,25.66954209782361,119.21851659967673,118.79143200000001,11.008132739096807,0.1,7.444527843657099,3187.366239140165,35.12,25.801348207483404,3195.2603802450008,4.292255767894246,2.3004639130466065,4.252500000000007,2.327000000000001,77.99450651059607,39.94770341877312,25.61592488387828,0.51218611676639,0.6412364839937273,11.036529340656333,42.564527843657096,35.09435801596307,4.250338033044461,2.32757660493485,25.694844560332363,3199.7516452018544
1028,102.79999999999843,42.562635555825125,35.08262859018048,7.476194191872013,3200.930964818145,25.67003706921184,119.17833214053073,118.79143200000001,11.014214102725305,0.1,7.473583667197268,3187.366239140165,35.12,25.801348207483404,3195.2603802450008,4.292255767894246,2.3004639130466065,4.252500000000007,2.327000000000001,77.9984573939177,39.9486611219938,25.630076217041793,0.5121724513119535,0.6415753493908989,11.030242014708207,42.593583667197265,35.0970479035359,4.250996462733877,2.32765462776972,25.70651521240894,3200.875068395851
1029,102.89999999999843,42.561092433025166,35.08398125086061,7.476301723437443,3201.9778657914485,25.670324846533017,119.14256650988241,118.79143200000001,11.019680872326694,0.1,7.430066318975314,3187.366239140165,35.12,25.801348207483404,3195.2603802450008,4.292255767894246,2.3004639130466065,4.252500000000007,2.327000000000001,78.00053254417345,39.94973420147344,25.642797389904224,0.5121725826531891,0.6418765456757021,11.05867010397268,42.55006631897531,35.07502726791499,4.252323015665397,2.3278476804353865,25.836021883324555,3201.881463946468
1030,102.99999999999842,42.56019525844867,35.08476770238321,7.47652229415512,3202.9279896648904,25.670385942175713,119.10960656836926,118.79143200000001,11.024633272690993,0.1,7.425594666085665,3187.366239140165,35.12,25.801348207483404,3195.2603802450008,4.289206889484673,2.3050210934726696,4.252500000000007,2.327000000000001,78.00318116854346,39.950533409823166,25.65432162555195,0.5121654375031325,0.642152167591434,10.934394519814527,42.54559466608566,35.112081219699455,4.250988151839225,2.3285930241109827,25.755702609398806,3202.9274489690306
1031,103.09999999999842,42.560004786673005,35.08493466859004,7.476880947995786,3203.788928264833,25.670303314458042,119.07900809518792,118.79143200000001,11.029127865720282,0.1,7.475319930217331,3187.366239140165,35.12,25.801348207483404,3195.2603802450008,4.289206889484673,2.3050210934726696,4.252500000000007,2.327000000000001,78.00693495393753,39.9510062203881,25.664780543531105,0.5121468526353311,0.6424063614806692,11.038919474231193,42.59531993021733,35.12078642596809,4.252638057531359,2.3274033301844623,25.66864882946891,3203.728055934547
1032,103.19999999999841,42.56026238684561,35.084708858201545,7.477316483740497,3204.567071414479,25.67016663816606,119.05081131603778,118.79143200000001,11.033200564805222,0.1,7.441963050401192,3187.366239140165,35.12,25.801348207483404,3195.2603802450008,4.289206889484673,2.3050210934726696,4.252500000000007,2.327000000000001,78.01138294952837,39.951247289916964,25.67425771430176,0.5121207416072157,0.642639703536403,11.057283883398187,42.56196305040119,35.040303861868146,4.253296001953698,2.325994244635837,25.59126646428342,3204.4468376524756
1033,103.2999999999984,42.5606884888535,35.084335341957505,7.477760017734957,3205.2689177824905,25.670033575329064,119.02511426796374,118.79143200000001,11.036881597219992,0.1,7.4025099719442835,3187.366239140165,35.12,25.745912891679943,3194.7490243976163,4.289206889484673,2.3050210934726696,4.252500000000007,2.327000000000001,78.01593118575158,39.95137184674149,25.68282347673093,0.5120924821318802,0.6428521046850028,10.952873649380741,42.52250997194428,35.11055695042901,4.252661259805227,2.327275699926088,25.692899446345034,3205.2714584124587
1034,103.3999999999984,42.561103325554114,35.0839717026661,7.4781680028529935,3205.9012313129,25.669927388719152,119.001902431382,118.79143200000001,11.040201705135887,0.1,7.449666632336978,3187.366239140165,35.12,25.745912891679943,3194.7490243976163,4.289206889484673,2.3050210934726696,4.252500000000007,2.327000000000001,78.0201641114776,39.951460474707254,25.69054936785122,0.5120658348990831,0.6430440605322943,11.068005450680985,42.569666632336975,35.1081664371887,4.251724956933322,2.327245569396743,25.894031928869428,3205.8819062125353
1035,103.4999999999984,42.56143437292917,35.08368151312471,7.47852463443011,3206.4707366616526,25.669849165706765,118.9810360893565,118.79143200000001,11.04319288561829,0.1,7.414129741968985,3187.366239140165,35.12,25.745912891679943,3194.7490243976163,4.289206889484673,2.3050210934726696,4.252500000000007,2.327000000000001,78.02390857341139,39.95155104733233,25.697509844833768,0.5120424210707489,0.6432168256593797,11.083682756694467,42.53412974196898,35.02511373316978,4.252680882235649,2.327288549541002,25.741792451580707,3206.5784177558976
1036,103.59999999999839,42.56167824099259,35.083467744000956,7.478831907680865,3206.9837804290114,25.669790914352877,118.96230126271566,118.79143200000001,11.045886949878955,0.1,7.450391237934774,3187.366239140165,35.12,25.745912891679943,3194.7490243976163,4.283540799357804,2.3094681864523725,4.252500000000007,2.327000000000001,78.02716257598439,39.95165159859529,25.703778932368337,0.5120223558006429,0.6433721236513809,11.035343127937388,42.57039123793477,35.119142070090035,4.252815796390705,2.326752195098115,25.577600384996888,3206.891061929105
1037,103.69999999999838,42.56185984541348,35.08330855417437,7.479098942707749,3207.446130215701,25.66974401204129,118.94546508002725,118.79143200000001,11.04831392072449,0.1,7.421328294493634,3187.366239140165,35.12,25.745912891679943,3194.7490243976163,4.283540799357804,2.3094681864523725,4.252500000000007,2.327000000000001,78.03000175648465,39.95175642784542,25.7094264935259,0.512005068928827,0.6435117950310452,11.110614179862486,42.54132829449363,35.10308187298524,4.252769362326989,2.3254182140901527,25.556509807832207,3207.3390576846796
1038,103.79999999999838,42.562006068060086,35.083180379375726,7.479335123517128,3207.8629235029307,25.669702676865906,118.93031116313901,118.79143200000001,11.050501081984654,0.1,7.42171202124257,3187.366239140165,35.12,25.745912891679943,3194.7490243976163,4.283540799357804,2.3094681864523725,4.252500000000007,2.327000000000001,78.03251332796103,39.95185737593625,25.7145160177783,0.511989883089162,0.6436375604721355,11.073336677651863,42.54171202124257,35.05570026605955,4.252619203139674,2.3281326346168316,25.850622084810926,3207.80906861852
1039,103.89999999999837,42.56213493460285,35.08306741866022,7.479547291560891,3208.2387122810437,25.669664226173516,118.91665322489294,118.79143200000001,11.052472736687584,0.1,7.431492516393988,3187.366239140165,35.12,25.77245827136483,3198.3211323425107,4.283540799357804,2.3094681864523725,4.252500000000007,2.327000000000001,78.03476553092648,39.951948979552576,25.719104058272016,0.5119762801583475,0.6437509236767164,11.050527586263822,42.551492516393985,35.07019989753084,4.252705809504561,2.3279982849798113,25.522860025482952,3208.3883441852836
1040,103.99999999999837,42.562254808481455,35.08296234081953,7.4797395525310275,3208.5775444717965,25.669628014074288,118.90433454939978,118.79143200000001,11.054250418177126,0.1,7.4024881247155605,3187.366239140165,35.12,25.77245827136483,3198.3211323425107,4.283540799357804,2.3094681864523725,4.252500000000007,2.327000000000001,78.03680224832397,39.95202933778173,25.723240723098183,0.5119639476083196,0.6438531696504411,10.999866785531081,42.52248812471556,35.098933475359104,4.253883158696279,2.32631627678417,25.472489239786437,3208.511033546418
1041,104.09999999999836,42.56236770332201,35.08286338073783,7.479914160367977,3208.8830439443295,25.669594269379836,118.8932217316516,118.79143200000001,11.055853275283685,0.1,7.509449525063943,3187.366239140165,35.12,25.77245827136483,3198.3211323425107,4.283540799357804,2.3094681864523725,4.252500000000007,2.327000000000001,78.0386493449093,39.95209902658419,25.726970571585145,0.5119527229386933,0.6439454045822818,11.06310888019181,42.62944952506394,35.06638549884058,4.251767536808774,2.3275528036633997,25.598406264852027,3208.79522896476
1042,104.19999999999835,42.56247290578143,35.08277116368219,7.480072483794307,3209.1584735913493,25.669563335989455,118.88319810778898,118.79143200000001,11.057298450842449,0.1,7.468127587424405,3187.366239140165,35.12,25.77245827136483,3198.3211323425107,4.2789930135711645,2.3139510727169297,4.252500000000007,2.327000000000001,78.04032315076344,39.952159692899656,25.73033349511039,0.5119425199677536,0.644028600528527,11.004398290412286,42.5881275874244,35.14662409988002,4.253703913798458,2.327073833011748,25.464132718970642,3209.244987571298
1043,104.29999999999835,42.562569343719275,35.08268662942771,7.480215644029361,3209.4067806284797,25.669535353460667,118.8741591067732,118.79143200000001,11.058601380077423,0.1,7.390611421351075,3187.366239140165,35.12,25.77245827136483,3198.3211323425107,4.2789930135711645,2.3139510727169297,4.252500000000007,2.327000000000001,78.04183661099049,39.95221306892913,25.73336541144017,0.5119332758412138,0.6441036286786583,11.102318123005038,42.51061142135107,35.079775589182745,4.250591816057802,2.328192865913639,25.614744219947937,3209.2303341037828
1044,104.39999999999834,42.562656582051034,35.082610159326435,7.480344791452589,3209.6306293158455,25.66951022487088,118.8660096849037,118.79143200000001,11.05977600489152,0.1,7.482900356185375,3187.366239140165,35.12,25.77245827136483,3198.3211323425107,4.2789930135711645,2.3139510727169297,4.252500000000007,2.327000000000001,78.04320227718733,39.95226052692036,25.736098763382575,0.5119249256971959,0.6441712790204012,10.997661676440833,42.60290035618537,35.046037898336394,4.2521073604512685,2.326759681341271,25.55370747078291,3209.7257855928474
1045,104.49999999999834,42.56273492294255,35.082541488484274,7.480461145715596,3209.8324267377984,25.669487704847825,118.85866315358645,118.79143200000001,11.060834928657117,0.1,7.449270935123501,3187.366239140165,35.12,25.807318074270494,3204.269073688126,4.2789930135711645,2.3139510727169297,4.252500000000007,2.327000000000001,78.044433022924,39.95230301380534,25.73856287898512,0.5119173971328634,0.6442322704173342,11.114902382074408,42.5692709351235,35.03760335278346,4.253051488761581,2.3259466632730303,25.677576481951014,3209.8936310718486
1046,104.59999999999833,42.56280513136643,35.08247994633143,7.4805659360230585,3210.014345410739,25.66946749876347,118.8520406456111,118.79143200000001,11.06178953816793,0.1,7.410269974538998,3187.366239140165,35.12,25.807318074270494,3204.269073688126,4.2789930135711645,2.3139510727169297,4.252500000000007,2.327000000000001,78.04554167849253,39.95234115951181,25.740784255316782,0.5119106139860609,0.644287255971943,11.032375198875114,42.530269974538996,35.0953870358042,4.251044230760364,2.327145849121205,25.787321487229548,3210.030852591785
1047,104.69999999999833,42.562868125855005,35.08242472769805,7.480660330954086,3210.1783444467537,25.669449327563566,118.84607072354414,118.79143200000001,11.062650110586066,0.1,7.39612414497806,3187.366239140165,35.12,25.807318074270494,3204.269073688126,4.2789930135711645,2.3139510727169297,4.252500000000007,2.327000000000001,78.04654044441858,39.95237541392558,25.742786807333786,0.5119045019346881,0.6443368270503641,11.019058949428967,42.51612414497806,35.05222586179194,4.253378855429418,2.327405830754428,25.594207134471713,3210.0602279920113
1048,104.79999999999832,42.56292477638783,35.08237506997822,7.480745395275132,3210.326189657613,25.669432954092976,118.84068891737805,118.79143200000001,11.063425913557326,0.1,7.449495720013992,3187.366239140165,35.12,25.807318074270494,3204.269073688126,4.266822116699323,2.3183308335683117,4.252500000000007,2.327000000000001,78.04744048930722,39.95240614593818,25.744592100847907,0.5118989924008053,0.6443815175188209,11.089923458115084,42.56949572001399,35.07494889979328,4.250219069923827,2.3283215111406945,25.629485114534553,3210.336227961917
1049,104.89999999999831,42.56297582231974,35.08233032507022,7.480822077291074,3210.4594724077156,25.669418184053928,118.83583716429872,118.79143200000001,11.06412530031385,0.1,7.4181071129885225,3187.366239140165,35.12,25.807318074270494,3204.269073688126,4.266822116699323,2.3183308335683117,4.252500000000007,2.327000000000001,78.04825181155063,39.95243369322493,25.74621957383034,0.5118940240928271,0.6444218084816281,10.980704275093823,42.53810711298852,35.07744871501812,4.254191770676527,2.327316214741043,25.64081576914928,3210.444687417041
1050,104.99999999999831,42.56302186939348,35.082289961994235,7.480891216099611,3210.5796269511084,25.66940485629457,118.831463201685,118.79143200000001,11.064755798858597,0.1,7.4260546788774064,3187.366239140165,35.12,25.807318074270494,3204.269073688126,4.266822116699323,2.3183308335683117,4.252500000000007,2.327000000000001,78.04898329082927,39.95245837677038,25.747686743943966,0.5118895428515439,0.6444581332425462,11.067074198150678,42.546054678877404,35.10096971012884,4.25179851339527,2.325103951406207,25.755215291830304,3210.6192804311604
1051,105.0999999999983,42.56306342001605,35.082253540352596,7.4809535568061625,3210.6879461260487,25.669392832126924,118.82751997238138,118.79143200000001,11.065324193978714,0.1,7.39750369682379,3187.366239140165,35.12,25.758394216417773,3209.1939288762173,4.266822116699323,2.3183308335683117,4.252500000000007,2.327000000000001,78.04964282554177,39.95248049853138,25.749009399388477,0.5118855007169478,0.6444908821201976,11.11361227681262,42.51750369682379,35.063330285434034,4.25118494022088,2.3278420587756967,25.584755966490636,3210.7559427665924
1052,105.1999999999983,42.563100906561104,35.08222068113771,7.481009765830497,3210.7855954403103,25.669381987784796,118.82396507971288,118.79143200000001,11.06583660148918,0.1,7.372604733555782,3187.366239140165,35.12,25.758394216417773,3209.1939288762173,4.266822116699323,2.3183308335683117,4.252500000000007,2.327000000000001,78.05023748080077,39.952500335350294,25.75020177166533,0.511881854878123,0.6445204068712902,11.01679625479984,42.49260473355578,35.064527221629085,4.2530133768820075,2.325324127892403,25.723570921053682,3210.7072383916543
1053,105.29999999999829,42.563134714882125,35.08219104612096,7.481060443003226,3210.8736256818324,25.669372210443267,118.82076030534338,118.79143200000001,11.066298534863831,0.1,7.481135819908118,3187.366239140165,35.12,25.758394216417773,3209.1939288762173,4.266822116699323,2.3183308335683117,4.252500000000007,2.327000000000001,78.05077361140998,39.95251813528389,25.751276690628146,0.5118785668185019,0.6445470246313716,11.097987724451183,42.601135819908116,35.06999726020672,4.251298312899429,2.327675801018509,25.7450082287654,3211.0674324424695
1054,105.39999999999829,42.56316519672208,35.08216432697469,7.481106130166149,3210.9529842247557,25.669363396655573,118.81787118710112,118.79143200000001,11.066714964890453,0.1,7.456280896596418,3187.366239140165,35.12,25.758394216417773,3209.1939288762173,4.262792347648499,2.322717449773138,4.252500000000007,2.327000000000001,78.05125695315105,39.95253411756735,25.752245723300092,0.5118756017157826,0.6445710213905227,11.127435633699532,42.576280896596415,35.142175036174486,4.252854803060959,2.327406778264201,25.775304768509276,3210.925970288376
1055,105.49999999999828,42.56319267458659,35.082140241000324,7.481147317268912,3211.0245251931087,25.669355451898518,118.81526664734561,118.79143200000001,11.067090373154372,0.1,7.4535114034095,3187.366239140165,35.12,25.758394216417773,3209.1939288762173,4.262792347648499,2.322717449773138,4.252500000000007,2.327000000000001,78.05169268948359,39.95254847512021,25.753119298330233,0.5118729280358487,0.6445926550684886,11.070998372942597,42.5735114034095,35.083853053980164,4.25244905880734,2.3269901818101504,25.76505018996582,3210.998684950055
1056,105.59999999999827,42.56321744316118,35.082118529886,7.481184447085015,3211.0890186189063,25.669348290347994,118.81291866212605,118.79143200000001,11.067428800118115,0.1,7.483507088338044,3187.366239140165,35.12,25.758394216417773,3209.1939288762173,4.262792347648499,2.322717449773138,4.252500000000007,2.327000000000001,78.05208550352697,39.95256137806311,25.753906817874864,0.5118705172363108,0.6446121582586605,11.00994331449054,42.60350708833804,35.095742764174396,4.253751899342489,2.3274159631761493,25.725105505913252,3211.084685270406
1057,105.69999999999827,42.563239770011094,35.08209895909292,7.481217919313194,3211.147158705033,25.669341834499278,118.81080196368362,118.79143200000001,11.067733888444097,0.1,7.447355729219872,3187.366239140165,35.12,25.76095564275298,3211.5507525681815,4.262792347648499,2.322717449773138,4.252500000000007,2.327000000000001,78.05243962270639,39.95257297715144,25.754616758409423,0.5118683435172058,0.6446297406962571,11.096930362355257,42.56735572921987,35.04489062885021,4.253412768733044,2.3270306071532034,25.63740891535621,3211.085096101296
1058,105.79999999999826,42.56325989676506,35.08208131681762,7.4812480944216935,3211.199571283135,25.66933601457691,118.80889377139987,118.79143200000001,11.068008922082479,0.1,7.441922686505457,3187.366239140165,35.12,25.76095564275298,3211.5507525681815,4.262792347648499,2.322717449773138,4.252500000000007,2.327000000000001,78.05275885988759,39.952583406631014,25.75525676168594,0.5118663835874123,0.6446455914891172,11.010208245721877,42.561922686505454,35.09859803864775,4.25208480967849,2.325535820173557,25.780968094896934,3211.1618499214223
1059,105.89999999999826,42.563278040955026,35.08206541237925,7.4812752973183985,3211.246820543497,25.669330767822085,118.80717354808297,118.79143200000001,11.068256861550973,0.1,7.453465748677715,3187.366239140165,35.12,25.76095564275298,3211.5507525681815,4.262792347648499,2.322717449773138,4.252500000000007,2.327000000000001,78.05304665219357,39.95259278645258,25.755833716829123,0.5118646164381306,0.644659881136991,11.135714228752844,42.57346574867771,35.1061993661244,4.249622066405897,2.32812870565427,25.694156731831793,3211.07180387505
1060,105.99999999999825,42.56329439823787,35.08205107427206,7.48129982080866,3211.28941510546,25.669326037763618,118.8056227794052,118.79143200000001,11.068480375770749,0.1,7.468108588664315,3187.366239140165,35.12,25.76095564275298,3211.5507525681815,4.25515562747021,2.327145292516067,4.252500000000007,2.327000000000001,78.05330609740037,39.952601223982434,25.75635383441854,0.5118630231258466,0.6446727633583397,11.082680994323882,42.58810858866431,35.08916692256065,4.25445310746349,2.3280776566957857,25.779995684257166,3211.422706882195
1061,106.09999999999825,42.56330914466815,35.08203814817308,7.481321928784514,3211.327813491025,25.669321773542592,118.80422477463986,118.79143200000001,11.068681870782754,0.1,7.3913185531099685,3187.366239140165,35.12,25.76095564275298,3211.5507525681815,4.25515562747021,2.327145292516067,4.252500000000007,2.327000000000001,78.05353998749625,39.952608815381836,25.75682271331148,0.5118615865697062,0.6446843767407512,11.044182444422209,42.511318553109966,35.06016717258501,4.252071493225559,2.3277146761983083,25.82529247858445,3211.3677476845264
1062,106.19999999999824,42.563322438803624,35.082026495096535,7.4813418591153855,3211.3624290592784,25.669317929318233,118.80296448691323,118.79143200000001,11.068863515640778,0.1,7.466440294156733,3187.366239140165,35.12,25.76095564275298,3211.5507525681815,4.25515562747021,2.327145292516067,4.252500000000007,2.327000000000001,78.05375083915438,39.95261564678514,25.7572454008961,0.5118602913665946,0.6446948462301417,10.976619497082668,42.58644029415673,35.11544942843316,4.252371835396002,2.3263495104805942,25.62665875120081,3211.2252645946687
1063,106.29999999999824,42.56333442355748,35.08201598977015,7.481359826242661,3211.393634454442,25.669314463753793,118.80182835120186,118.79143200000001,11.06902726575392,0.1,7.445803421713855,3187.366239140165,35.12,25.727662792018272,3211.3071923427306,4.25515562747021,2.327145292516067,4.252500000000007,2.327000000000001,78.05394092114166,39.952621795349216,25.757626447409383,0.5118591236246941,0.6447042844734601,11.044473252983146,42.56580342171385,35.09944956021843,4.251656808899388,2.327007743436452,25.732499127457473,3211.311867462182
1064,106.39999999999823,42.56334522780118,35.082006519230205,7.481376023501566,3211.421765615565,25.66931133956898,118.80080413836265,118.79143200000001,11.069174883928243,0.1,7.427667684931819,3187.366239140165,35.12,25.727662792018272,3211.3071923427306,4.25515562747021,2.327145292516067,4.252500000000007,2.327000000000001,78.05411227888492,39.95262733020407,25.757969954901032,0.5118580708144445,0.6447127930289601,11.071764451793266,42.54766768493182,35.091998674800166,4.2544057195243274,2.3271602340892783,25.717508999426475,3211.480950394329
1065,106.49999999999822,42.56335496775975,35.081997981598384,7.481390625201712,3211.4471253912434,25.66930852314414,118.79988082359505,118.79143200000001,11.06930795933475,0.1,7.510989275701782,3187.366239140165,35.12,25.727662792018272,3211.3071923427306,4.25515562747021,2.327145292516067,4.252500000000007,2.327000000000001,78.05426675649947,39.95263231331321,25.758279621371972,0.5118571216350118,0.6447204634571393,11.069995635208137,42.63098927570178,35.03055854828428,4.251651252718745,2.32565500035211,25.7622195102646,3211.5473977924153
1066,106.59999999999822,42.563363748245834,35.08199028500005,7.481403788496765,3211.4699867984086,25.66930598416504,118.79904846788054,118.79143200000001,11.069427924608936,0.1,7.420378599019195,3187.366239140165,35.12,25.727662792018272,3211.3071923427306,4.248601446814747,2.3314724115182037,4.252500000000007,2.327000000000001,78.05440601658638,39.95263680024591,25.758558780565004,0.5118562658942798,0.644727378304264,11.123188052265316,42.54037859901919,35.096535424862054,4.25377505895823,2.326416209412878,25.47639310424876,3211.429870527821
1067,106.69999999999821,42.563371663767086,35.08198334659362,7.4814156550688615,3211.4905959603134,25.669303695301338,118.7982981110964,118.79143200000001,11.069536071266606,0.1,7.490648827818902,3187.366239140165,35.12,25.727662792018272,3211.3071923427306,4.248601446814747,2.3314724115182037,4.252500000000007,2.327000000000001,78.05453155806346,39.95264084086479,25.7588104378374,0.5118554944006638,0.6447336119891854,11.02089408253248,42.6106488278189,35.079181165106675,4.251797801088539,2.326519130000793,25.708814829154996,3211.524249945643
1068,106.7999999999982,42.56337879952855,35.08197709169175,7.481426352648444,3211.509174755296,25.669301631914742,118.7976216756428,118.79143200000001,11.069633563602105,0.1,7.454193853492349,3187.366239140165,35.12,25.727662792018272,3211.3071923427306,4.248601446814747,2.3314724115182037,4.252500000000007,2.327000000000001,78.05464473224865,39.952644479934875,25.759037302502108,0.5118547988653934,0.6447392316030265,10.978548253781979,42.574193853492346,35.11444797466019,4.251641610160518,2.327151162075926,25.631600345822005,3211.5458510797357
1069,106.8999999999982,42.56338523234261,35.08197145296385,7.481435996386141,3211.5259232047692,25.669299771794446,118.79701187954669,118.79143200000001,11.0697214512184,0.1,7.425932009877442,3187.366239140165,35.12,25.70137312709497,3210.1450147090286,4.248601446814747,2.3314724115182037,4.252500000000007,2.327000000000001,78.05474675737433,39.95264775766254,25.759241816985227,0.5118541718141947,0.6447442976303078,11.02194646863011,42.54593200987744,35.08316136857769,4.250116558155174,2.325262439311727,25.527334848860157,3211.456904177874
1070,106.9999999999982,42.56339103145365,35.081966369713136,7.481444690090903,3211.5410216260834,25.669298094917913,118.79646215811262,118.79143200000001,11.069800680323528,0.1,7.436185272562845,3187.366239140165,35.12,25.70137312709497,3210.1450147090286,4.248601446814747,2.3314724115182037,4.252500000000007,2.327000000000001,78.05483873168522,39.95265071017323,25.759426183112858,0.5118536065074853,0.6447488645992061,11.136646649523879,42.55618527256284,35.070190614281096,4.252647266986704,2.325753394542512,25.6118322840297,3211.7309341024175
1071,107.09999999999819,42.56339625928392,35.08196178722281,7.48145252734684,3211.5546325733853,25.669296583234985,118.79596659328321,118.79143200000001,11.069872103914799,0.1,7.4978419497672775,3187.366239140165,35.12,25.70137312709497,3210.1450147090286,4.248601446814747,2.3314724115182037,4.252500000000007,2.327000000000001,78.05492164525256,39.95265336993588,25.759592385809746,0.5118530968683109,0.6447529816678879,11.081317873537346,42.617841949767275,35.04008387689541,4.25424364188139,2.326252225882127,25.587327552593823,3211.369347930797
1072,107.19999999999818,42.56340097210662,35.08195765616616,7.4814595925203715,3211.566902587336,25.669295220473366,118.79551984995288,118.79143200000001,11.069936490960083,0.1,7.468842466893051,3187.366239140165,35.12,25.70137312709497,3210.1450147090286,4.241431438838652,2.3358755609728488,4.252500000000007,2.327000000000001,78.0549963906288,39.952655766141035,25.759742214464122,0.5118526374172981,0.6447566931531725,11.120848754224212,42.58884246689305,35.09523507973559,4.253279718990809,2.325836202550901,25.60479396749968,3211.6036819428095
1073,107.29999999999818,42.56340522065224,35.081953932074924,7.4814659616681185,3211.5779637725,25.669293991963404,118.79511711855241,118.79143200000001,11.06999453467492,0.1,7.413377492289207,3187.366239140165,35.12,25.70137312709497,3210.1450147090286,4.241431438838652,2.3358755609728488,4.252500000000007,2.327000000000001,78.0550637724523,39.95265792503834,25.75987728218855,0.5118522232139754,0.6447600390071878,11.108236775293914,42.533377492289205,35.09298251654563,4.252960190314485,2.3254452320588612,25.537783132338152,3211.6667919599395
1074,107.39999999999817,42.5634090506549,35.081950574860514,7.481471703355345,3211.58793521938,25.66929288448024,118.79475406328734,118.79143200000001,11.070046859984414,0.1,7.4338551438194145,3187.366239140165,35.12,25.70137312709497,3210.1450147090286,4.241431438838652,2.3358755609728488,4.252500000000007,2.327000000000001,78.05512451610615,39.95265987023824,25.75999904318374,0.5118518498038432,0.6447630552471181,11.119782790418931,42.55385514381941,35.13120638691479,4.253835183384749,2.327463630098095,25.569898632229837,3211.471972315294
1075,107.49999999999817,42.56341250334441,35.081947548382594,7.481476879393701,3211.596924286389,25.669291886101554,118.7944267754737,118.79143200000001,11.0700940302502,0.1,7.47726455784656,3187.366239140165,35.12,25.784476723204083,3201.602192346401,4.241431438838652,2.3358755609728488,4.252500000000007,2.327000000000001,78.05517927552337,39.952661622981886,25.760108808392225,0.5118515131706357,0.6447657743426608,11.020148310943837,42.59726455784656,35.11263993476471,4.25281467456246,2.327373974865093,25.450730627086553,3211.6306613182937
1076,107.59999999999816,42.563415615889795,35.08194482006038,7.481481545506334,3211.605027755553,25.669290986079346,118.79413173146898,118.79143200000001,11.07013655333487,0.1,7.38576231531011,3187.366239140165,35.12,25.784476723204083,3201.602192346401,4.241431438838652,2.3358755609728488,4.252500000000007,2.327000000000001,78.0552286402237,39.95266320238254,25.76020775961025,0.5118512096932606,0.6447682255653502,10.964099002569576,42.50576231531011,35.08032329672076,4.252265673832469,2.3283215478479367,25.687423326143566,3211.4393759043865
1077,107.69999999999816,42.56341842179903,35.081942360522206,7.481485751927464,3211.6123328743843,25.669290174724303,118.79386575474616,118.79143200000001,11.070174887069065,0.1,7.441975095002114,3187.366239140165,35.12,25.784476723204083,3201.602192346401,4.241431438838652,2.3358755609728488,4.252500000000007,2.327000000000001,78.05527314165677,39.95266462564187,25.760296962209722,0.5118509361069652,0.6447704353034966,11.072684354254353,42.56197509500211,35.040711643247775,4.252187791315302,2.3268923526110865,25.556572640037984,3211.4616910292984
1078,107.79999999999815,42.563420951279525,35.081940143289536,7.4814895439429705,3211.6189182951316,25.66928944330155,118.79362598170245,118.79143200000001,11.070209444180085,0.1,7.408146132083374,3187.366239140165,35.12,25.784476723204083,3201.602192346401,4.236907551911483,2.3401728698673616,4.252500000000007,2.327000000000001,78.05531325892147,39.95266590824366,25.760377376607067,0.5118506894683073,0.6447724273461257,11.060073564367306,42.52814613208337,35.10328753531815,4.253782382126738,2.3263550917424722,25.78661163409383,3211.43703559627
1079,107.89999999999814,42.56342323156309,35.08193814449211,7.481492962377747,3211.624854921509,25.669288783936665,118.79340983083539,118.79143200000001,11.070240596735045,0.1,7.450158624654712,3187.366239140165,35.12,25.784476723204083,3201.602192346401,4.236907551911483,2.3401728698673616,4.252500000000007,2.327000000000001,78.05534942392183,39.952667064127375,25.76044986860246,0.5118504671235637,0.6447742231389655,11.036907192535491,42.57015862465471,35.10609009694445,4.252011200275518,2.3280893031886816,25.76198979221259,3211.5980802001845
1080,107.99999999999814,42.56342528719905,35.081936342611066,7.481496044035082,3211.6302066720245,25.669288189530906,118.79321497495462,118.79143200000001,11.070268680146354,0.1,7.450613558373391,3187.366239140165,35.12,25.784476723204083,3201.602192346401,4.236907551911483,2.3401728698673616,4.252500000000007,2.327000000000001,78.05538202601552,39.95266810584386,25.760515218700576,0.5118502666802375,0.6447758420152319,11.128615538745835,42.57061355837339,35.06123306708774,4.252782869356616,2.3278861867407605,25.65793833960996,3211.4319054551956
1081,108.09999999999813,42.56342714031845,35.08193471824727,7.481498822092784,3211.635031168115,25.66928765368483,118.79303931613043,118.79143200000001,11.070293996782674,0.1,7.456307975255513,3187.366239140165,35.12,25.752082649462597,3205.02677853715,4.236907551911483,2.3401728698673616,4.252500000000007,2.327000000000001,78.05541141620459,39.95266904469499,25.76057413051329,0.5118500859813632,0.6447773014036928,11.03519648136228,42.57630797525551,35.05101452774287,4.251699094331918,2.3266177206252836,25.73622986821393,3211.620563199159
1082,108.19999999999813,42.56342881087218,35.08193325391262,7.481501326460287,3211.6393803544943,25.6692871706294,118.79288096310992,118.79143200000001,11.070316819224152,0.1,7.424830784517063,3187.366239140165,35.12,25.752082649462597,3205.02677853715,4.236907551911483,2.3401728698673616,4.252500000000007,2.327000000000001,78.05543791091354,39.952669890859084,25.76062723833461,0.5118499230823351,0.644778617016243,11.134887399068827,42.54483078451706,35.063816824969386,4.2531600545205155,2.327617261678248,25.860881172703102,3211.6264003951683
1083,108.29999999999812,42.563430316845796,35.081931933841766,7.481503584100588,3211.6433010583946,25.669286735163894,118.79273821095731,118.79143200000001,11.07033739319701,0.1,7.442679387674744,3187.366239140165,35.12,25.752082649462597,3205.02677853715,4.236907551911483,2.3401728698673616,4.252500000000007,2.327000000000001,78.05546179539519,39.95267065350343,25.76067511396945,0.5118497762300139,0.6447798030170108,11.045394199154956,42.56267938767474,35.09005079727278,4.253555400666511,2.3272136202942404,25.624049329485544,3211.508319366922
1084,108.39999999999812,42.56343167445306,35.08193074382241,7.481505619320492,3211.646835493716,25.669286342599918,118.79260952269993,118.79143200000001,11.070355940219049,0.1,7.462201591217372,3187.366239140165,35.12,25.752082649462597,3205.02677853715,4.229894660561187,2.3446292163790505,4.252500000000007,2.327000000000001,78.05548332680132,39.95267134088551,25.760718272889736,0.5118496438438843,0.6447808721748111,10.999441283944341,42.58220159121737,35.10865958814551,4.251864150811837,2.326780520698904,25.832531499099613,3211.7570369009118
1085,108.49999999999811,42.563432898310495,35.08192967104232,7.481507454032256,3211.650021715512,25.669285988710943,118.79249351278185,118.79143200000001,11.070372659984546,0.1,7.434187017830617,3187.366239140165,35.12,25.752082649462597,3205.02677853715,4.229894660561187,2.3446292163790505,4.252500000000007,2.327000000000001,78.05550273695076,39.95267196044378,25.760757179784047,0.5118495244990658,0.6447818360005854,11.042458138646584,42.554187017830614,35.06920268990964,4.252283891704928,2.3271224998720546,25.537534516518193,3211.6865879756233
1086,108.5999999999981,42.56343400159477,35.08192870395144,7.481509107989476,3211.652894029704,25.66928566968681,118.79238893214753,118.79143200000001,11.070387732514218,0.1,7.4549423010712985,3187.366239140165,35.12,25.752082649462597,3205.02677853715,4.229894660561187,2.3446292163790505,4.252500000000007,2.327000000000001,78.05552023482494,39.95267251887948,25.760792253560595,0.5118494169109945,0.6447827048713057,11.019738994425268,42.574942301071296,35.08658198086399,4.251173225163619,2.3258512769795217,25.55807144876642,3211.640301125416
1087,108.6999999999981,42.5634349961844,35.08192783213756,7.48151059899972,3211.6554833624327,25.66928538209272,118.79229465479482,118.79143200000001,11.07040132009338,0.1,7.419370729173544,3187.366239140165,35.12,25.7619309598783,3206.9638089131818,4.229894660561187,2.3446292163790505,4.252500000000007,2.327000000000001,78.05553600881744,39.95267302223004,25.760823871857305,0.5118493199216112,0.6447834881416756,11.064889779082957,42.53937072917354,35.08987199743356,4.252233018406164,2.326417970070371,25.55654149535732,3211.7185866569253
1088,108.7999999999981,42.56343589278774,35.08192704621419,7.481511943116239,3211.6578175930254,25.669285122832246,118.79220966565236,118.79143200000001,11.070413569019188,0.1,7.406766729783278,3187.366239140165,35.12,25.7619309598783,3206.9638089131818,4.229894660561187,2.3446292163790505,4.252500000000007,2.327000000000001,78.05555022876214,39.95267347593514,25.76085237510766,0.5118492324869073,0.6447841942448307,11.053114118953912,42.526766729783276,35.14835380982752,4.253301758377135,2.3266919611130183,25.464026678612246,3211.686250456029
1089,108.89999999999809,42.563436701058194,35.08192633771958,7.4815131548107825,3211.659921854159,25.66928488911401,118.79213304965148,118.79143200000001,11.070424611175735,0.1,7.400310859286975,3187.366239140165,35.12,25.7619309598783,3206.9638089131818,4.229894660561187,2.3446292163790505,4.252500000000007,2.327000000000001,78.05556304776162,39.9526738848962,25.760878070205944,0.5118491536656965,0.6447848307831192,11.043007769444959,42.52031085928697,35.051654038024175,4.253033629254687,2.3273500027670355,25.66270387360231,3211.6276387276794
1090,108.99999999999808,42.56343742969817,35.08192569902558,7.481514247129394,3211.6618188024554,25.66928467842163,118.79206398187428,118.79143200000001,11.070434565454,0.1,7.45123898964205,3187.366239140165,35.12,25.7619309598783,3206.9638089131818,4.223348442698232,2.348967032970473,4.252500000000007,2.327000000000001,78.05557460383527,39.952674253529786,25.76090123381147,0.5118490826094912,0.6447854046099434,11.112704467371227,42.57123898964205,35.082393904994056,4.252007605451803,2.327896177614796,25.64118233233781,3211.636575026289
1091,109.09999999999808,42.563438086552736,35.081925123255544,7.481515231832862,3211.6635288624166,25.669284488486625,118.79200171867242,118.79143200000001,11.070443539031897,0.1,7.500690158642136,3187.366239140165,35.12,25.7619309598783,3206.9638089131818,4.223348442698232,2.348967032970473,4.252500000000007,2.327000000000001,78.0555850214052,39.95267458581579,25.760922115327233,0.5118490185533753,0.6447859219035366,10.979768977243102,42.620690158642134,35.15004372534299,4.2536462831610855,2.3258983348038385,25.61397836313811,3211.6682141801975
1092,109.19999999999807,42.5634386786941,35.08192460421028,7.481516119523338,3211.6650704463295,25.669284317264005,118.79194558966076,118.79143200000001,11.070451628528222,0.1,7.440559609935882,3187.366239140165,35.12,25.7619309598783,3206.9638089131818,4.223348442698232,2.348967032970473,4.252500000000007,2.327000000000001,78.05559441263588,39.95267488534075,25.760940939585183,0.5118489608077738,0.6447863882334764,11.059619905519446,42.56055960993588,35.02651991498559,4.251710911985782,2.3283794890147065,25.684067793998942,3211.7688054908444
1093,109.29999999999806,42.56343921249774,35.08192413630132,7.4815169197584686,3211.666460152508,25.669284162910238,118.7918949904997,118.79143200000001,11.070458921042917,0.1,7.4376983931651495,3187.366239140165,35.12,25.714564040426602,3207.175568706766,4.223348442698232,2.348967032970473,4.252500000000007,2.327000000000001,78.05560287864154,39.95267515533679,25.760957909266878,0.5118489087510347,0.6447868086206434,11.022243017738475,42.55769839316515,35.032034848471234,4.252086149928052,2.3274327105357657,25.57737986649328,3211.6294462208357
1094,109.39999999999806,42.56343969371105,35.081923714490756,7.4815176411543085,3211.6677129440013,25.669284023763417,118.79184937638858,118.79143200000001,11.070465495094867,0.1,7.42547407326456,3187.366239140165,35.12,25.714564040426602,3207.175568706766,4.223348442698232,2.348967032970473,4.252500000000007,2.327000000000001,78.05561051057485,39.95267539871677,25.760973207085765,0.5118488618227391,0.6447871875912764,11.006091206832638,42.54547407326456,35.10744664154571,4.250603436902848,2.327947519826722,25.64412641682643,3211.7131735956127
1095,109.49999999999805,42.56344012751518,35.081923334237004,7.481518291478069,3211.6688423097,25.669283898325364,118.79180825620008,118.79143200000001,11.07047142146728,0.1,7.401646012309463,3187.366239140165,35.12,25.714564040426602,3207.175568706766,4.223348442698232,2.348967032970473,4.252500000000007,2.327000000000001,78.0556173906083,39.952675618105886,25.76098699775437,0.5118488195176715,0.6447875292257002,11.034895245277113,42.52164601230946,35.08178379362226,4.2540911141621995,2.3261711728854446,25.608931956535915,3211.916766597945
1096,109.59999999999805,42.56344051858085,35.081922991445914,7.48151887773175,3211.669860409568,25.669283785245497,118.79177118719241,118.79143200000001,11.070476763969808,0.1,7.447300074528918,3187.366239140165,35.12,25.714564040426602,3207.175568706766,4.215040107190027,2.353351547773578,4.252500000000007,2.327000000000001,78.05562359281882,39.95267581587016,25.760999429757753,0.5118487813803827,0.6447878372022549,10.96268861475328,42.567300074528916,35.06381023204304,4.251617827055071,2.3273609606271792,25.53052876664632,3211.6379338595702
1097,109.69999999999804,42.563440871118644,35.081922682426686,7.481519406227522,3211.6707782055696,25.66928368330629,118.79173777024248,118.79143200000001,11.070481580125573,0.1,7.475006042623875,3187.366239140165,35.12,25.714564040426602,3207.175568706766,4.215040107190027,2.353351547773578,4.252500000000007,2.327000000000001,78.05562918398543,39.952675994142034,25.761010636952218,0.5118487470002877,0.6447881148368977,11.071925908665513,42.59500604262387,35.10072754893816,4.25181983523688,2.3266851983151224,25.584218921968226,3211.624064142195
1098,109.79999999999804,42.563441188924315,35.08192240385212,7.481519882655691,3211.6716055796924,25.669283591410167,118.79170764554864,118.79143200000001,11.070485921790514,0.1,7.434533176009197,3187.366239140165,35.12,25.714564040426602,3207.175568706766,4.215040107190027,2.353351547773578,4.252500000000007,2.327000000000001,78.05563422430814,39.9526761548435,25.761020740006536,0.5118487160072477,0.6447883651189034,11.107013709571408,42.554533176009194,35.07901153355331,4.253741956756779,2.326039650473491,25.754879751348003,3211.540799983119
1099,109.89999999999803,42.563441475419665,35.08192215272281,7.481520312145955,3211.6723514403498,25.669283508567688,118.79168048875687,118.79143200000001,11.070489835711708,0.1,7.5054768932778515,3187.366239140165,35.12,25.78115137744362,3208.702703704124,4.215040107190027,2.353351547773578,4.252500000000007,2.327000000000001,78.05563876805607,39.95267629970693,25.761029847701153,0.5118486880675863,0.6447885907430467,11.098553842343025,42.62547689327785,35.0848570918032,4.251616568238452,2.3272068265233345,25.698305738222295,3211.690243756307
1100,109.99999999999802,42.56344173368939,35.081921926334864,7.481520699322639,3211.673023818295,25.669283433886882,118.79165600746836,118.79143200000001,11.070493364030703,0.1,7.450466686864928,3187.366239140165,35.12,25.78115137744362,3208.702703704124,4.215040107190027,2.353351547773578,4.252500000000007,2.327000000000001,78.05564286415182,39.952676430293735,25.761038058099455,0.5118486628804972,0.6447887941386173,11.0773396861598,42.570466686864926,35.01266760496517,4.252773767061771,2.3270393485580447,25.77804854091717,3211.550829293382
1101,110.09999999999802,42.56344196651426,35.081921722250755,7.481521048354485,3211.673629953088,25.669283366563665,118.79163393809146,118.79143200000001,11.070496544737251,0.1,7.431645282838353,3187.366239140165,35.12,25.78115137744362,3208.702703704124,4.215040107190027,2.353351547773578,4.252500000000007,2.327000000000001,78.05564655669816,39.95267654801132,25.761045459603594,0.5118486401748071,0.6447889774955734,10.99884026662272,42.55164528283835,35.04254594658815,4.252946145522295,2.3260460516835786,25.872360385189545,3211.484777852471
1102,110.19999999999801,42.563442176401125,35.08192153827311,7.481521362999529,3211.674176371045,25.669283305873165,118.79161404300362,118.79143200000001,11.070499412078334,0.1,7.41990889887191,3187.366239140165,35.12,25.78115137744362,3208.702703704124,4.204447209730304,2.357699373866687,4.252500000000007,2.327000000000001,78.05564988545287,39.95267665412825,25.761052131906293,0.5118486197060563,0.6447891427881202,11.024705591234369,42.53990889887191,35.055451962102154,4.252814793718105,2.327903396428962,25.555316831468037,3211.601235895108
1103,110.29999999999801,42.56344236560983,35.08192137242102,7.48152164664557,3211.6746689555075,25.669283251161925,118.79159610799283,118.79143200000001,11.07050199692691,0.1,7.478286809352419,3187.366239140165,35.12,25.78115137744362,3208.702703704124,4.204447209730304,2.357699373866687,4.252500000000007,2.327000000000001,78.0556528862568,39.95267674978801,25.761058146848928,0.5118486012538683,0.644789291795965,11.108514449825117,42.598286809352416,35.062097187084404,4.252486497925875,2.3266342587686455,25.34131075768615,3211.693873558704
1104,110.399999999998,42.56344253617759,35.08192122290878,7.4815219023466355,3211.6751130101857,25.669283201840866,118.79157993995128,118.79143200000001,11.070504327114323,0.1,7.439177031206633,3187.366239140165,35.12,25.78115137744362,3208.702703704124,4.204447209730304,2.357699373866687,4.252500000000007,2.327000000000001,78.05565559141975,39.952676836021304,25.761063569195038,0.5118485846195762,0.6447894261234802,10.949433285483412,42.55917703120663,35.111415214281955,4.252726761712128,2.326948297902155,25.630433035025867,3211.870336865542
1105,110.499999999998,42.56344268994093,35.08192108812656,7.481522132855881,3211.6755133162665,25.669283157378946,118.79156536479621,118.79143200000001,11.070506427729955,0.1,7.455881272452174,3187.366239140165,35.12,25.762862625190454,3211.5372749661387,4.204447209730304,2.357699373866687,4.252500000000007,2.327000000000001,78.05565803006841,39.9526769137572,25.761068457327614,0.5118485696240844,0.6447895472169755,11.07791490003793,42.57588127245217,35.05556732447954,4.250672599390857,2.3278802143571977,25.75797833094329,3211.6569412876784
1106,110.59999999999799,42.56344282855541,35.081920966623166,7.481522340655211,3211.6758741838917,25.669283117297443,118.79155222559555,118.79143200000001,11.070508321391372,0.1,7.450603530258874,3187.366239140165,35.12,25.762862625190454,3211.5372749661387,4.204447209730304,2.357699373866687,4.252500000000007,2.327000000000001,78.0556602284599,39.952676983833186,25.761072863877732,0.5118485561059418,0.6447896563802703,11.07195374089203,42.57060353025887,35.079033122346765,4.251316380291931,2.326685670468988,25.929904576296003,3211.6792533469684
1107,110.69999999999798,42.5634429535135,35.08192085709037,7.4815225279820154,3211.6761994985654,25.669283081164796,118.79154038087825,118.79143200000001,11.070510028487844,0.1,7.396272565809596,3187.366239140165,35.12,25.762862625190454,3211.5372749661387,4.204447209730304,2.357699373866687,4.252500000000007,2.327000000000001,78.05566221026439,39.952677047004165,25.76107683629122,0.5118485439196024,0.6447897547887321,11.040217194690124,42.516272565809594,35.074100616520845,4.250787680801934,2.3262498236578577,25.812228328949967,3211.8318588055586
1108,110.79999999999798,42.563443066160644,35.0819207583488,7.4815226968532595,3211.6764927629897,25.669283048591957,118.791529703111,118.79143200000001,11.070511567399882,0.1,7.413402788454732,3187.366239140165,35.12,25.762862625190454,3211.5372749661387,4.194244592482015,2.36210719727706,4.252500000000007,2.327000000000001,78.0556639968202,39.95267710395063,25.761080417339535,0.5118485329338586,0.6447898435019317,11.057470154819315,42.53340278845473,35.02657562788948,4.251767679984018,2.3263968416591436,25.5952941584252,3211.673179721822
1109,110.89999999999797,42.56344316770972,35.08192066933532,7.481522849087198,3211.6767571347777,25.669283019228217,118.7915200773251,118.79143200000001,11.070512954697131,0.1,7.421568289442071,3187.366239140165,35.12,25.762862625190454,3211.5372749661387,4.194244592482015,2.36210719727706,4.252500000000007,2.327000000000001,78.05566560736337,39.952677155285954,25.761083645580232,0.5118485230304285,0.6447899234750506,11.03648493494758,42.54156828944207,35.04567143014512,4.253041401450359,2.3254992650653845,25.59963191515547,3211.7325920163526
1110,110.99999999999797,42.563443259254115,35.0819205890915,7.481522986322942,3211.6769954604533,25.669282992757413,118.79151139987873,118.79143200000001,11.070514205316792,0.1,7.474738867462264,3187.366239140165,35.12,25.762862625190454,3211.5372749661387,4.194244592482015,2.36210719727706,4.252500000000007,2.327000000000001,78.05566705923468,39.95267720156312,25.761086555772184,0.5118485141026844,0.6447899955691655,11.08407586124389,42.59473886746226,35.06170508143476,4.252139124931443,2.3267449824549122,25.651127198663062,3211.6774245540796
1111,111.09999999999796,42.56344334177949,35.081920516753364,7.4815231100381245,3211.6772103060985,25.66928296889453,118.7915035773408,118.79143200000001,11.070515332724439,0.1,7.5007055659214785,3187.366239140165,35.12,25.68701441576391,3210.4038051028947,4.194244592482015,2.36210719727706,4.252500000000007,2.327000000000001,78.0556683680666,39.952677243280554,25.76108917924978,0.5118485060545022,0.64479006056052,11.027791296633813,42.620705565921476,35.09177709886005,4.252225451644642,2.3264712511434102,25.618122095809962,3211.7221483790213
1112,111.19999999999796,42.56344341617441,35.08192045154203,7.4815232215647995,3211.6774039849834,25.669282947382637,118.79149652548519,118.79143200000001,11.070516349059009,0.1,7.399564305848735,3187.366239140165,35.12,25.68701441576391,3210.4038051028947,4.194244592482015,2.36210719727706,4.252500000000007,2.327000000000001,78.05566954795147,39.95267728088758,25.761091544260324,0.511848498799228,0.6447901191488818,11.078014479409713,42.51956430584873,35.04029703796309,4.253655465020431,2.325921630451613,25.474602997668406,3211.669660150734
1113,111.29999999999795,42.563443483239894,35.08192039275536,7.481523322103786,3211.677578582473,25.669282927990107,118.79149016838372,118.79143200000001,11.070517265263506,0.1,7.397290656750549,3187.366239140165,35.12,25.68701441576391,3210.4038051028947,4.194244592482015,2.36210719727706,4.252500000000007,2.327000000000001,78.05567061159321,39.952677314789206,25.76109367626819,0.5118484922587448,0.6447901719650776,11.114225854879713,42.517290656750546,35.08100671118567,4.251256017662664,2.3259352365643013,25.697655070166977,3211.619853522517
1114,111.39999999999795,42.56344354369804,35.08192033976039,7.4815234127376,3211.6777359784805,25.669282910508144,118.79148443758871,118.79143200000001,11.07051809120282,0.1,7.407186005657962,3187.366239140165,35.12,25.68701441576391,3210.4038051028947,4.18579737485633,2.3664364740756554,4.252500000000007,2.327000000000001,78.05567157044425,39.95267734535057,25.76109559822897,0.5118484863626315,0.6447902195777845,11.130778813666085,42.52718600565796,35.072272173722325,4.253921793521365,2.3261589502802646,25.795705832008068,3211.52879818694
1115,111.49999999999794,42.56344359819981,35.08192029198652,7.481523494442104,3211.6778778677094,25.66928289474852,118.79147927139603,118.79143200000001,11.070518835769942,0.1,7.461351194913526,3187.366239140165,35.12,25.68701441576391,3210.4038051028947,4.18579737485633,2.3664364740756554,4.252500000000007,2.327000000000001,78.05567243482855,39.95267737290082,25.761097330836666,0.5118484810474053,0.644790262499653,10.98883353286166,42.58135119491352,35.08839386667389,4.253166332925394,2.3305228477261815,25.574713447257064,3211.7010466959714
1116,111.59999999999793,42.56344364733202,35.081920248919374,7.481523568097016,3211.678005777899,25.669282880541545,118.79147461418063,118.79143200000001,11.070519506981725,0.1,7.492433154618162,3187.366239140165,35.12,25.68701441576391,3210.4038051028947,4.18579737485633,2.3664364740756554,4.252500000000007,2.327000000000001,78.05567321405304,39.95267739773661,25.761098892746485,0.5118484762558371,0.6447903011928282,11.085957330609032,42.61243315461816,35.0956087595096,4.253945597475476,2.3271719188046824,25.805969636876153,3211.70246983491
1117,111.69999999999793,42.56344369162369,35.08192021009524,7.481523634495391,3211.678121086276,25.66928286773425,118.79147041579772,118.79143200000001,11.070520112065193,0.1,7.385810371406649,3187.366239140165,35.12,25.686828532614957,3200.9790445256776,4.18579737485633,2.3664364740756554,4.252500000000007,2.327000000000001,78.05567391650773,39.95267742012544,25.761100300775713,0.5118484719363365,0.6447903360739229,11.046747337354416,42.505810371406646,35.0998606324596,4.251920766705846,2.326123946940953,25.561951392793794,3211.651623612127
1118,111.79999999999792,42.563443731551715,35.08192017509608,7.48152369435215,3211.67822503438,25.66928285618874,118.79146663104274,118.79143200000001,11.070520657535358,0.1,7.480718536896298,3187.366239140165,35.12,25.686828532614957,3200.9790445256776,4.18579737485633,2.3664364740756554,4.252500000000007,2.327000000000001,78.0556745497561,39.95267744030839,25.761101570084787,0.5118484680423946,0.6447903675185064,11.120454608730746,42.600718536896295,35.01240112564173,4.251404991959066,2.3271219495819215,25.90624144585239,3211.71939275578
1119,111.89999999999792,42.56344376754599,35.08192014354507,7.481523748311775,3211.678318741434,25.669282845780703,118.79146321916478,118.79143200000001,11.07052114926537,0.1,7.438440816533365,3187.366239140165,35.12,25.686828532614957,3200.9790445256776,4.18579737485633,2.3664364740756554,4.252500000000007,2.327000000000001,78.05567512061634,39.95267745850281,25.761102714340524,0.5118484645320859,0.644790395865146,11.084750089721249,42.55844081653336,35.088596965315055,4.250920147377291,2.3275039911399666,25.681951801030543,3211.6726715506725
1120,111.99999999999791,42.56344379999409,35.081920115102484,7.481523796955255,3211.678403216394,25.669282836398075,118.79146014342771,118.79143200000001,11.070521592549749,0.1,7.456954597885364,3187.366239140165,35.12,25.686828532614957,3200.9790445256776,4.1781606213221565,2.370857310186474,4.252500000000007,2.327000000000001,78.05567563523498,39.952677474904625,25.761103745863277,0.5118484613676146,0.6447904214190534,11.060298342878308,42.57695459788536,35.07642618649165,4.252244247136535,2.3264520674502753,25.72091568842649,3211.6726741777175
1121,112.0999999999979,42.56344382924537,35.081920089462095,7.481523840806339,3211.678479368814,25.669282827939828,118.7914573707147,118.79143200000001,11.070521992161398,0.1,7.411956689809699,3187.366239140165,35.12,25.686828532614957,3200.9790445256776,4.1781606213221565,2.370857310186474,4.252500000000007,2.327000000000001,78.05567609915296,39.95267748969047,25.761104675759583,0.511848458514909,0.6447904444553701,11.045829159877794,42.5319566898097,35.03887608813784,4.251835510652612,2.3271404158967797,25.68855178989001,3211.841082218986
1122,112.1999999999979,42.56344385561479,35.0819200663478,7.4815238803371855,3211.6785480186363,25.669282820314894,118.79145487117154,118.79143200000001,11.070522352402987,0.1,7.457777320763093,3187.366239140165,35.12,25.686828532614957,3200.9790445256776,4.1781606213221565,2.370857310186474,4.252500000000007,2.327000000000001,78.05567651736544,39.95267750301955,25.76110551404176,0.5118484559432532,0.6447904652221313,11.04837342305411,42.57777732076309,35.070062330458526,4.2539995200858405,2.3276884186705105,25.55344233328689,3211.620214975843
1123,112.2999999999979,42.563443879386284,35.08192004551075,7.481523915973421,3211.678609905023,25.669282813441175,118.79145261788535,118.79143200000001,11.070522677153289,0.1,7.486238518297384,3187.366239140165,35.12,25.667422410176894,3204.9162888673636,4.1781606213221565,2.370857310186474,4.252500000000007,2.327000000000001,78.05567689437528,39.95267751503539,25.761106269735713,0.5118484536249585,0.6447904839429357,11.099914921545995,42.60623851829738,35.078353228539214,4.251539615503889,2.3284896340387182,25.688374620683405,3211.6445225660364
1124,112.39999999999789,42.5634439008158,35.08192002672658,7.481523948098746,3211.6786656943136,25.66928280724466,118.79145058659472,118.79143200000001,11.070522969908929,0.1,7.447443165455219,3187.366239140165,35.12,25.667422410176894,3204.9162888673636,4.1781606213221565,2.370857310186474,4.252500000000007,2.327000000000001,78.05567723424181,39.95267752586741,25.761106950978085,0.5118484515350639,0.6447905008193513,11.079463455009446,42.56744316545522,35.133063715748925,4.25251530280776,2.3277478492274164,25.72275090359627,3211.9882222115493
1125,112.49999999999788,42.56344392013405,35.08192000979304,7.48152397705906,3211.6787159871983,25.669282801658632,118.79144875542845,118.79143200000001,11.070523233822048,0.1,7.4382970268199315,3187.366239140165,35.12,25.667422410176894,3204.9162888673636,4.1781606213221565,2.370857310186474,4.252500000000007,2.327000000000001,78.05567754062444,39.95267753563221,25.761107565103913,0.5118484496510668,0.6447905160330895,10.967010113450462,42.55829702681993,35.042175418919655,4.252513858827998,2.3269998806290064,25.617835952570847,3211.6522549519486
1126,112.59999999999788,42.56344393754905,35.081919994527816,7.48152400316618,3211.678761325187,25.669282796622944,118.79144710467014,118.79143200000001,11.070523471734235,0.1,7.482501056952032,3187.366239140165,35.12,25.667422410176894,3204.9162888673636,4.167970699422602,2.375261148158655,4.252500000000007,2.327000000000001,78.055677816822,39.95267754443495,25.761108118725573,0.5118484479526823,0.6447905297479585,11.078353582008983,42.60250105695203,35.047115670684505,4.254504414486076,2.325664604861862,25.74756908996317,3211.724770796955
1127,112.69999999999787,42.56344395324831,35.08191998076653,7.481524026701203,3211.678802196441,25.669282792083376,118.79144561654589,118.79143200000001,11.070523686207121,0.1,7.427467708989639,3187.366239140165,35.12,25.667422410176894,3204.9162888673636,4.167970699422602,2.375261148158655,4.252500000000007,2.327000000000001,78.05567806580834,39.952677552370425,25.76110861780398,0.511848446421624,0.6447905421116276,11.021359154024637,42.547467708989636,35.11121937402243,4.254514311071417,2.326677101274628,25.65227282591605,3211.70977746142
1128,112.79999999999787,42.56344396740087,35.081919968361014,7.48152404791754,3211.678839041026,25.669282787991047,118.7914442750328,118.79143200000001,11.070523879549967,0.1,7.434811347358263,3187.366239140165,35.12,25.667422410176894,3204.9162888673636,4.167970699422602,2.375261148158655,4.252500000000007,2.327000000000001,78.05567829026437,39.95267755952408,25.76110906771278,0.5118484450414065,0.6447905532572182,11.157380645249738,42.55481134735826,35.02603827549807,4.252203705142038,2.3290668612014587,25.54090088150682,3211.647770058765
1129,112.89999999999786,42.56344398015912,35.081919957177696,7.481524067043626,3211.678872255653,25.6692827843019,118.79144306568666,118.79143200000001,11.070524053844519,0.1,7.445717487022712,3187.366239140165,35.12,25.541391002613246,3195.061354494652,4.167970699422602,2.375261148158655,4.252500000000007,2.327000000000001,78.0556784926068,39.95267756597294,25.761109473296205,0.511848443797169,0.6447905633047366,10.918660509931469,42.56571748702271,35.10769603459763,4.253541079362487,2.327203682590031,25.592142919383022,3212.0297609822824
1130,112.99999999999785,42.56344399166041,35.08191994709617,7.481524084285396,3211.678902197948,25.66928278097621,118.79144197548628,118.79143200000001,11.070524210967431,0.1,7.519422974309727,3187.366239140165,35.12,25.541391002613246,3195.061354494652,4.167970699422602,2.375261148158655,4.252500000000007,2.327000000000001,78.0556786750143,39.952677571786445,25.76110983892122,0.5118484426755145,0.6447905723623654,10.997769626180062,42.639422974309724,35.05690867230976,4.2530212148311515,2.327266289488972,25.800717320214215,3211.7483072847676
1131,113.09999999999785,42.563444002028575,35.08191993800789,7.481524099828491,3211.6789291903037,25.66928277797817,118.79144099269331,118.79143200000001,11.070524352610468,0.1,7.475534973490561,3187.366239140165,35.12,25.541391002613246,3195.061354494652,4.167970699422602,2.375261148158655,4.252500000000007,2.327000000000001,78.05567883945086,39.95267757702719,25.761110168524567,0.5118484416643665,0.6447905805276295,10.98874125491956,42.59553497349056,35.081475941661964,4.253745821753914,2.326714299797915,25.554505500689594,3211.697672213676
1132,113.19999999999784,42.56344401137525,35.081919929814994,7.481524113840267,3211.678953523351,25.6692827752755,118.7914401067259,118.79143200000001,11.070524480298717,0.1,7.450102383725252,3187.366239140165,35.12,25.541391002613246,3195.061354494652,4.163796649174206,2.379598009750964,4.252500000000007,2.327000000000001,78.055678987687,39.9526775817516,25.761110465655126,0.5118484407528373,0.6447905878884453,11.1535012433017,42.57010238372525,35.12232118215739,4.2519617841441715,2.3279359013959127,25.57243397717125,3211.5612643533277
1133,113.29999999999784,42.563444019801096,35.081919922429265,7.4815241264715935,3211.678975459087,25.6692827728391,118.79143930804472,118.79143200000001,11.070524595407019,0.1,7.4693282891592645,3187.366239140165,35.12,25.541391002613246,3195.061354494652,4.163796649174206,2.379598009750964,4.252500000000007,2.347000000000001,78.0556791213188,39.952677586010566,25.98252122542028,0.5118484399311128,0.6503324131276264,11.107024443472502,42.58932828915926,35.03385012044837,4.250367279229725,2.345856483627646,25.733074466089054,3211.7280355706653
1134,113.39999999999783,42.56344402739683,35.08191991577118,7.48152413785847,3211.6789952336962,25.669282770642734,118.79143858805024,119.72375200000002,11.046552007021866,0.1,7.454054626650816,3187.366239140165,35.12,25.541391002613246,3195.061354494652,4.163796649174206,2.379598009750964,4.252500000000007,2.347000000000001,78.05567924178507,39.95267758984992,25.92625756048033,0.5118484391903453,0.6489241553879473,11.070602829379323,42.57405462665081,35.07182342277575,4.253472556429416,2.347420926254563,25.75563806664009,3211.7333036993355
1135,113.49999999999783,42.56344403424421,35.08191990976906,7.481524148123505,3209.1562775705415,25.669282768662754,118.79143793899019,119.72375200000002,11.046552100566322,0.1,7.430155190494709,3187.366239140165,35.12,25.660839650416488,3196.1847574320477,4.163796649174206,2.379598009750964,4.252500000000007,2.347000000000001,78.05567935038295,39.92129524244174,25.926257780029168,0.511446387689993,0.649434283696939,11.066695301626641,42.550155190494706,35.05284989043493,4.252826167792977,2.3479220369226925,25.672430523394908,3209.1812345029475
1136,113.59999999999782,42.56344404041701,35.081919904358266,7.480440028705496,3206.6335581511157,25.669282766877842,118.87326438249843,119.72375200000002,11.034618299574035,0.1,7.492245112944985,3187.366239140165,35.12,25.660839650416488,3196.1847574320477,4.163796649174206,2.379598009750964,4.252500000000007,2.347000000000001,78.04357414713746,39.917390237787636,25.89824914910027,0.5114756810410861,0.6487961511217183,11.067069118113325,42.61224511294498,35.02933602391405,4.253580827250095,2.347300983335512,25.839547221531753,3206.543282216335
1137,113.69999999999781,42.56344404598164,35.081919899480546,7.479354691028381,3204.332250342534,25.66936459221776,118.95507387002591,119.72375200000002,11.022684490273647,0.1,7.420101455381051,3187.366239140165,35.12,25.660839650416488,3196.1847574320477,4.163796649174206,2.379598009750964,4.252500000000007,2.347000000000001,78.03170408527455,39.91619442276906,25.87024049867226,0.5115381611959655,0.6481139014573823,10.974245346285564,42.54010145538105,35.078273351504045,4.252871920846576,2.3489839753966093,25.52630576985249,3204.372409096077
1138,113.79999999999781,42.56318894730191,35.08214350818544,7.4782987079846865,3202.2523082641387,25.669528336547106,119.02997536424517,119.72375200000002,11.011798076066173,0.1,7.456601685880315,3187.366239140165,35.12,25.660839650416488,3196.1847574320477,4.1495526112885806,2.3803843257697688,4.252500000000007,2.347000000000001,78.02041070592172,39.9154020941668,25.84469008452732,0.5116020504508474,0.6474866524845615,10.982217864151314,42.57660168588031,35.05069355511303,4.252933980151381,2.3467092546234802,25.528459575204717,3202.0420315680963
1139,113.8999999999978,42.56267845798075,35.08259098365691,7.477273105106476,3200.3750397931826,25.66973565200148,119.0979768591351,119.72375200000002,11.001958839911616,0.1,7.466073226674524,3187.366239140165,35.12,25.660839650416488,3196.1847574320477,4.1495526112885806,2.3803843257697688,4.252500000000007,2.347000000000001,78.00958881564176,39.91479252749591,25.821597397272573,0.5116652085146303,0.6469179911053019,11.077912829021436,42.58607322667452,35.10015239052359,4.252467916395732,2.3459044846638046,25.76551789354368,3200.2099118216533
1140,113.9999999999978,42.56203213132018,35.08315753305474,7.476300693110485,3198.681774437575,25.669948072586198,119.15955564234955,119.72375200000002,10.993078358092864,0.1,7.452251883387071,3187.366239140165,35.12,25.660839650416488,3196.1847574320477,4.1495526112885806,2.3803843257697688,4.195800000000006,2.347000000000001,77.99937619332863,39.914301020448136,25.800754906443963,0.5117259004933177,0.6464037762612005,10.99926652669273,42.57225188338707,35.03677032506264,4.194618039815514,2.3466141819234894,25.683491230324588,3198.6720289271066
1141,114.09999999999779,42.561369888905276,35.08373803844274,7.371971219157477,3197.1551331829396,25.67014234362734,118.38413167470739,119.72375200000002,10.985068309217365,0.1,7.373275915158821,3187.366239140165,35.12,25.67667008189737,3196.9946699929906,4.1495526112885806,2.3803843257697688,4.195800000000006,2.347000000000001,76.83499223999235,39.63563498623323,25.781955321733165,0.5158539596442234,0.6504741334581392,11.04620087805105,42.49327591515882,35.055983975324416,4.194424234902206,2.34766729221827,25.57413964778833,3197.268988826848
1142,114.19999999999779,42.56076422950741,35.08426894875741,7.371107591276241,3193.5302964990296,25.67811730758902,118.4354479650607,119.72375200000002,10.977846481271445,0.1,7.404263596600643,3187.366239140165,35.12,25.67667008189737,3196.9946699929906,4.1495526112885806,2.3803843257697688,4.195800000000006,2.347000000000001,76.8492161050193,39.60785880265135,25.765005691544093,0.5153970438491489,0.6505023616631198,10.937825942932426,42.52426359660064,35.03449108473068,4.1970838220687,2.3460692553304203,25.604868034319978,3193.3325890350625
1143,114.29999999999778,42.53590148186048,35.106066661448374,7.364758360422572,3190.0443149580606,25.686071670677492,118.59195315639485,119.72375200000002,10.96069906907898,0.1,7.4241998792487465,3187.366239140165,35.12,25.67667008189737,3196.9946699929906,4.1495526112885806,2.3803843257697688,4.195800000000006,2.347000000000001,76.80208043022097,39.61690603556551,25.724760715128376,0.5158311573546464,0.6493379541560953,11.012942876968431,42.544199879248744,35.09036186011526,4.1950159111730185,2.3482174020176334,25.698648469773136,3189.981129281137
1144,114.39999999999777,42.51110295949586,35.127814811082956,7.358024541100052,3186.9818159128845,25.690983456805967,118.74182308717269,119.72375200000002,10.944208515823533,0.1,7.402755379064146,3187.366239140165,35.12,25.67667008189737,3196.9946699929906,4.146080489355353,2.377113181067272,4.195800000000006,2.347000000000001,76.74151391278318,39.62889068801384,25.68605738663784,0.5163944346087845,0.6481649357499388,10.95469705171158,42.522755379064144,35.1685982607911,4.1963784052547135,2.3463520700417844,25.626744139404703,3186.919540534568
1145,114.49999999999777,42.495789975061726,35.14124756695244,7.353298863527959,3184.324845219766,25.692890282038537,118.8638177358587,119.72375200000002,10.929721260797736,0.1,7.3721328349866155,3187.366239140165,35.12,25.67667008189737,3196.9946699929906,4.146080489355353,2.377113181067272,4.195800000000006,2.347000000000001,76.69439469163171,39.636532826475836,25.652055799092295,0.516811339157758,0.6471821314794115,10.90426684457331,42.49213283498661,35.17422755368132,4.196049330137314,2.347296688317659,25.740526291188168,3184.2828427343106
1146,114.59999999999776,42.48984525671666,35.146463045918445,7.35078316876192,3181.997976025892,25.692984141247006,118.96005647193499,119.72375200000002,10.91715237131909,0.1,7.306665806357266,3187.366239140165,35.12,25.67667008189737,3196.9946699929906,4.146080489355353,2.377113181067272,4.195800000000006,2.347000000000001,76.66655886584442,39.63963786226092,25.622556615485916,0.517039481733159,0.6463872526918308,10.93447923283893,42.42666580635726,35.11144814440368,4.19636523387241,2.3462821391188466,25.759022104242472,3182.00911528062
1147,114.69999999999776,42.48955264124834,35.14671977620456,7.349662403669846,3179.9315162139574,25.692425537987557,119.0380885826956,119.72375200000002,10.906145038116353,0.1,7.342031050257049,3187.366239140165,35.12,25.633411856771495,3188.672129050568,4.146080489355353,2.377113181067272,4.195800000000006,2.347000000000001,76.65236635873808,39.63987982692673,25.59672240445909,0.5171383704112865,0.6457315843594372,10.903339714234033,42.462031050257046,35.22171365604214,4.196224444464558,2.347091660477281,25.577914641990773,3179.9721602341315
1148,114.79999999999775,42.49129414277,35.145191859232625,7.349102219423132,3178.076201046716,25.691910063834648,119.1047804413455,119.72375200000002,10.89636958027802,0.1,7.379471738468077,3187.366239140165,35.12,25.633411856771495,3188.672129050568,4.146080489355353,2.377113181067272,4.195800000000006,2.347000000000001,76.64456797148506,39.63894767843199,25.57377940491252,0.5171788259434029,0.6451679699566674,10.962768964841345,42.499471738468074,35.16396270015663,4.196879845790657,2.3474084318476183,25.67090244565684,3177.963854808219
1149,114.89999999999775,42.49290118498911,35.14378194042038,7.348604224436011,3176.4013452911363,25.691683637205536,119.16457222917198,119.72375200000002,10.887592949302938,0.1,7.365803222175266,3187.366239140165,35.12,25.633411856771495,3188.672129050568,4.146080489355353,2.377113181067272,4.195800000000006,2.347000000000001,76.63832706347483,39.637946493511905,25.553180652014007,0.5172078777330593,0.6446645932123818,10.902272873902165,42.485803222175264,35.092020852398925,4.1944323926931,2.3462951029055823,25.666600226014282,3176.361446815144
1150,114.99999999999774,42.493607092648034,35.143162629921775,7.347991847380651,3174.888278261674,25.691722509460483,119.21954429425665,119.72375200000002,10.879669987661293,0.1,7.342738386975782,3187.366239140165,35.12,25.633411856771495,3188.672129050568,4.151744385329377,2.3720653167151915,4.195800000000006,2.347000000000001,76.63159928475316,39.637341860469824,25.534585461041065,0.5172453952472342,0.6442052938596928,10.825280781517714,42.46273838697578,35.15701094328792,4.19526992897017,2.347216042002921,25.549379015598742,3174.9582977495356
1151,115.09999999999773,42.493485904506,35.143268950930995,7.347275967971191,3173.523958421506,25.691907625891755,119.27025648144684,119.72375200000002,10.872512373045387,0.1,7.3604139031393245,3187.366239140165,35.12,25.633411856771495,3188.672129050568,4.151744385329377,2.3720653167151915,4.195800000000006,2.347000000000001,76.62415093566756,39.63716203061879,25.517786539537532,0.517293327842517,0.6437843990905715,10.778691325587916,42.48041390313932,35.15660097433125,4.1967741539486525,2.348698840160469,25.503208556537533,3173.5838822910455
1152,115.19999999999773,42.49290878551987,35.143775272255,7.346531501383419,3172.296859100449,25.692129603121234,119.31665277606199,119.72375200000002,10.866058412025417,0.1,7.384127520943167,3187.366239140165,35.12,25.633411856771495,3188.672129050568,4.151744385329377,2.3720653167151915,4.195800000000006,2.347000000000001,76.61649290788715,39.637248567770776,25.502639093023664,0.5173461622085078,0.6434008417466185,10.790176185218042,42.504127520943165,35.187041711560745,4.195385168805404,2.3462097890720552,25.678127761681264,3172.2346231373813
1153,115.29999999999772,42.49221674930925,35.14438241822468,7.345826043790874,3171.19530205995,25.692325995578162,119.35864913917828,119.72375200000002,10.860253577299302,0.1,7.39817398742499,3187.366239140165,35.12,25.59788822281549,3182.294040093512,4.151744385329377,2.3720653167151915,4.195800000000006,2.347000000000001,76.60919441086727,39.6374312587665,25.48901514592147,0.51739783407961,0.6430541621004802,10.858592607370333,42.51817398742499,35.18504285812977,4.194985472549928,2.345982937356885,25.644941366376727,3171.1913907240614
1154,115.39999999999772,42.49160447618553,35.144919589806754,7.345195387498269,3170.207381663163,25.692477575391706,119.3963600645545,119.72375200000002,10.85504262456568,0.1,7.305251932630469,3187.366239140165,35.12,25.59788822281549,3182.294040093512,4.151744385329377,2.3720653167151915,4.195800000000006,2.347000000000001,76.60259816557955,39.63760243472308,25.47678503985566,0.5174446217743793,0.6427428369768816,10.87952692758275,42.42525193263047,35.12049691176145,4.196392615739777,2.347672452337831,25.763680335906436,3170.1065687506057
1155,115.49999999999771,42.49113191095883,35.14533419289756,7.344646505201906,3169.3215020783186,25.692589998531208,119.43009259432252,119.72375200000002,10.8503692338079,0.1,7.4004038122904205,3187.366239140165,35.12,25.59788822281549,3182.294040093512,4.151744385329377,2.3720653167151915,4.195800000000006,2.347000000000001,76.5967990130178,39.63772165125551,25.46581659174715,0.5174853539835129,0.6424641864081643,10.799809111234262,42.52040381229042,35.074337007163166,4.196282553691794,2.3467016367051694,25.722297878137447,3169.1840579290206
1156,115.5999999999977,42.49078142057911,35.14564169572067,7.344170140048144,3168.5268982893367,25.692676888803888,119.46025265548958,119.72375200000002,10.846178550552667,0.1,7.37939021183832,3187.366239140165,35.12,25.59788822281549,3182.294040093512,4.157746452289402,2.3671701285776026,4.195800000000006,2.347000000000001,76.59173415129075,39.63779111825355,25.455981058147117,0.5175204812566,0.6422149252011274,10.88487310976477,42.49939021183832,35.17678018950452,4.1966286814897416,2.3479904466983395,25.69816384298387,3168.5733592349643
1157,115.6999999999977,42.490510531465006,35.14587936127517,7.343752268294809,3167.813903665312,25.69275007030796,119.48725519714829,119.72375200000002,10.84241965052833,0.1,7.417624635827721,3187.366239140165,35.12,25.59788822281549,3182.294040093512,4.157746452289402,2.3671701285776026,4.195800000000006,2.347000000000001,76.58728211968017,39.63782928954387,25.44715891979,0.5175510632118173,0.6419917380920439,10.944897511892965,42.53762463582772,35.15721783262463,4.1960632306325785,2.348645956317381,25.477279805054245,3167.89555385103
1158,115.7999999999977,42.49028238080791,35.14607953071173,7.343380637385852,3167.1739743730946,25.692816407323477,119.51147233219757,119.72375200000002,10.839046805411353,0.1,7.439240562199338,3187.366239140165,35.12,25.59788822281549,3182.294040093512,4.157746452289402,2.3671701285776026,4.195800000000006,2.347000000000001,76.583326455274,39.637854054217605,25.439242852300456,0.5175781190095836,0.6417916272032298,10.728216000664876,42.559240562199335,35.168950618993556,4.19829221247067,2.3469889532784114,25.636278444671355,3167.123490406973
1159,115.89999999999769,42.49007556852834,35.14626097927911,7.3430468121864845,3166.5995734681737,25.692878465600554,119.53321797862696,119.72375200000002,10.836019598310854,0.1,7.367294259298433,3187.366239140165,35.12,25.627677975976276,3179.116603848458,4.157746452289402,2.3671701285776026,4.195800000000006,2.347000000000001,76.57978054016425,39.63787628170316,25.432137997235582,0.5176023749625928,0.6416120232196965,10.876409136249855,42.48729425929843,35.12851949673695,4.194985807707359,2.346833744782905,25.811910776747446,3166.61956914182
1160,115.99999999999768,42.48988209564372,35.14643072483546,7.342745653761821,3166.0840134268947,25.692936415229763,119.55275406615212,119.72375200000002,10.833302375456615,0.1,7.378242129886722,3187.366239140165,35.12,25.627677975976276,3179.116603848458,4.157746452289402,2.3671701285776026,4.195800000000006,2.347000000000001,76.57658745237903,39.63789998434981,25.425760675196685,0.5176242674564151,0.6414507500456763,10.813232664340621,42.49824212988672,35.094014782921086,4.1951316515163874,2.3468083643262863,25.65020716539234,3166.136828391609
1161,116.09999999999768,42.489701431879695,35.14658923253962,7.342473983657716,3165.621315473018,25.692989680745434,119.57030387899044,119.72375200000002,10.83086350129243,0.1,7.382505908888916,3187.366239140165,35.12,25.627677975976276,3179.116603848458,4.157746452289402,2.3671701285776026,4.195800000000006,2.347000000000001,76.57370995775946,39.637925038228325,25.420036637533343,0.5176440459799309,0.6413059364993826,10.878195950404036,42.502505908888914,35.17335867683394,4.196867656748379,2.3470686502247973,25.647346555423457,3165.7835302361764
1162,116.19999999999767,42.48953537130804,35.14673492825827,7.342229435540107,3165.2061050080747,25.69303785145011,119.58606393661033,119.72375200000002,10.828674693015646,0.1,7.344093063495777,3187.366239140165,35.12,25.627677975976276,3179.116603848458,4.1635953299006765,2.3623429335941655,4.195800000000006,2.347000000000001,76.57112038927893,39.637949855671614,25.41489950450773,0.5176618763596086,0.6411759335951435,10.8254341600116,42.464093063495774,35.18484068421841,4.195785045643031,2.3492388208717,25.78771955111406,3165.0423232468293
1163,116.29999999999767,42.48938519431914,35.146866688538836,7.342009813356995,3164.8335391894707,25.693080949473046,119.60021149352329,119.72375200000002,10.826710525906929,0.1,7.363442262144915,3187.366239140165,35.12,25.627677975976276,3179.116603848458,4.1635953299006765,2.3623429335941655,4.195800000000006,2.347000000000001,76.56879427252748,39.637972996937506,25.41028960430357,0.5176779048636452,0.6410592591671328,10.778563444655692,42.48344226214491,35.20387080906767,4.194972524454465,2.3449790291676673,25.749058344301243,3164.812834860592
1164,116.39999999999766,42.48925083192283,35.14698457383278,7.341812884753113,3164.499254802043,25.693119344130483,119.61290813796899,119.72375200000002,10.824948090736047,0.1,7.362330132825434,3187.366239140165,35.12,25.627677975976276,3179.116603848458,4.1635953299006765,2.3623429335941655,4.195800000000006,2.347000000000001,76.56670776147935,39.637993735475625,25.406153168957513,0.517692282903895,0.640954568450301,10.782392021237817,42.48233013282543,35.14685235278553,4.195140455584762,2.346957623303768,25.603542086393407,3164.6093520325453
1165,116.49999999999766,42.489131132738805,35.147089594257096,7.341636413634589,3164.1993258671873,25.6931535634606,119.62430113214275,119.72375200000002,10.82336674716651,0.1,7.36940701918504,3187.366239140165,35.12,25.618117551301978,3175.166668085199,4.1635953299006765,2.3623429335941655,4.195800000000006,2.347000000000001,76.56483744074026,39.63801199151676,25.40244175559981,0.5177051674954033,0.640860640564829,10.851079031306801,42.48940701918504,35.18210609939581,4.196489182355969,2.3454475169376505,25.40465847816927,3164.1318883667427
1166,116.59999999999765,42.489024450555235,35.147183194093294,7.341478263208441,3163.9302248784597,25.693184141131923,119.63452395882925,119.72375200000002,10.82194792322411,0.1,7.385017507411504,3187.366239140165,35.12,25.618117551301978,3175.166668085199,4.1635953299006765,2.3623429335941655,4.195800000000006,2.347000000000001,76.56316102097594,39.63802804428306,25.399111775806997,0.5177167127859763,0.6407763713026152,10.8169266522071,42.5050175074115,35.17220604594409,4.1947856196022455,2.346772566338252,25.616823584070378,3163.8286931757993
1167,116.69999999999764,42.48892912160713,35.14726683303731,7.341336477142688,3163.688785516304,25.693211538830376,119.64369690160522,119.72375200000002,10.82067493192064,0.1,7.38006501094894,3187.366239140165,35.12,25.618117551301978,3175.166668085199,4.1635953299006765,2.3623429335941655,4.195800000000006,2.347000000000001,76.56165801479717,39.63804227077951,25.39612406521775,0.5177270620643901,0.6407007664941955,10.814056157061382,42.50006501094894,35.16086687168652,4.195492764770023,2.3460704950694535,25.50995814950424,3163.752305403959
1168,116.79999999999764,42.488843706542426,35.14734177390276,7.3412093122388296,3163.4721669327273,25.693236130150318,119.65192791623424,119.72375200000002,10.819532794874648,0.1,7.3396399118501705,3187.366239140165,35.12,25.618117551301978,3175.166668085199,4.172952811597342,2.357716370731538,4.195800000000006,2.347000000000001,76.56031005401873,39.63805499815964,25.39344346957081,0.5177363436771897,0.6406329339507149,10.810893867636185,42.45963991185017,35.17542728094714,4.195993433573674,2.3482533097956653,25.67305845984526,3163.569711943823
1169,116.89999999999763,42.48876704064338,35.14740903855519,7.341095232002412,3163.277820393856,25.69325821630599,119.65931373090302,119.72375200000002,10.818508073358883,0.1,7.3519476058181965,3187.366239140165,35.12,25.618117551301978,3175.166668085199,4.172952811597342,2.357716370731538,4.195800000000006,2.347000000000001,76.5591008647058,39.63806645928313,25.39103844817331,0.5177446706085405,0.6405720741766099,10.849592210849666,42.471947605818194,35.14721918292913,4.197095429164679,2.346811388337008,25.67245293078344,3163.2507050442136
1170,116.99999999999763,42.48869818484445,35.147469450885126,7.340992880821547,3163.1034588995876,25.693278049444768,119.66594101615942,119.72375200000002,10.817588710501791,0.1,7.320537664434383,3187.366239140165,35.12,25.618117551301978,3175.166668085199,4.172952811597342,2.357716370731538,4.195800000000006,2.347000000000001,76.55801604811738,39.63807680686961,25.388880703547713,0.5177521421395864,0.6405174707958486,10.807097810862633,42.44053766443438,35.16343328615035,4.195268774772639,2.344738279317436,25.516971621831186,3163.1689404798976
1171,117.09999999999762,42.48863635305099,35.147523700575256,7.340901054724549,3162.9470299689406,25.693295850968862,119.67188749396888,119.72375200000002,10.816763887572256,0.1,7.409330515046868,3187.366239140165,35.12,25.688485435631517,3176.850213422164,4.172952811597342,2.357716370731538,4.195800000000006,2.347000000000001,76.55704280852379,39.63808614568711,25.386944844132092,0.5177588461041477,0.6404684815211332,10.923322221072567,42.529330515046865,35.15857844359862,4.194807303198436,2.3477585663662537,25.645991086725658,3163.00615298461
1172,117.19999999999762,42.48858085501948,35.14757239321457,7.3408186769148465,3162.8066914263663,25.693311821765356,119.67722292159873,119.72375200000002,10.816023895239763,0.1,7.318927693223408,3187.366239140165,35.12,25.688485435631517,3176.850213422164,4.172952811597342,2.357716370731538,4.195800000000006,2.347000000000001,76.55616971029258,39.638094559702786,25.385208082127733,0.5177648608819264,0.6404245300916925,10.851916998900714,42.438927693223405,35.170976355635446,4.195446053899166,2.347011172969556,25.620312004098047,3162.8478974585714
1173,117.29999999999761,42.488531064464325,35.147616078279974,7.340744779972676,3162.6807898503203,25.693326146189126,119.68200994084322,119.72375200000002,10.815360019030749,0.1,7.342706074943656,3187.366239140165,35.12,25.688485435631517,3176.850213422164,4.172952811597342,2.357716370731538,4.195800000000006,2.347000000000001,76.55538649086215,39.638102127047866,25.383649964665178,0.5177702568555274,0.6403850992488394,10.871613913408616,42.462706074943654,35.11989477163489,4.195974489361604,2.3462940486303183,25.69049126079639,3162.802224537237
1174,117.3999999999976,42.48848640664079,35.14765526003015,7.340678493348515,3162.567841319728,25.693338992869933,119.68630481158661,119.72375200000002,10.814764437378829,0.1,7.314456167331215,3187.366239140165,35.12,25.688485435631517,3176.850213422164,4.175810986197147,2.352948422632509,4.195800000000006,2.347000000000001,76.5546839233896,39.638108924714466,25.38225213452812,0.5177750973981086,0.6403497246232708,10.788854741275877,42.43445616733121,35.115298863829445,4.196693928217156,2.345787328500776,25.56450075928285,3162.3533664067027
1175,117.4999999999976,42.4884463558287,35.1476903997127,7.340619033982202,3162.466514145373,25.693350514704026,119.69015805538294,119.72375200000002,10.81423013054531,0.1,7.372283737543583,3187.366239140165,35.12,25.688485435631517,3176.850213422164,4.175810986197147,2.352948422632509,4.195800000000006,2.347000000000001,76.55405371189869,39.638115027719074,25.38099811638985,0.5177794395694839,0.6403179893554684,10.798598160420829,42.49228373754358,35.14138116245695,4.196949079940048,2.346966952642536,25.585317270317365,3162.297628850266
1176,117.59999999999759,42.48841043535873,35.147721915540835,7.340565698373023,3162.3756133427305,25.69336084919729,119.69361502995537,119.72375200000002,10.81375079892944,0.1,7.390033837238505,3187.366239140165,35.12,25.688485435631517,3176.850213422164,4.175810986197147,2.352948422632509,4.195800000000006,2.347000000000001,76.55348840368872,39.63812050672453,25.379873125087407,0.5177833346757661,0.640289519297005,10.776616293907011,42.5100338372385,35.1216492563092,4.195618308898491,2.3458610130252167,25.662754410482915,3162.3473821140483
1177,117.69999999999759,42.48837821654253,35.14775018363162,7.3405178552326396,3162.294066659318,25.693370119410655,119.69671644786234,119.72375200000002,10.81332078961662,0.1,7.3444951281523885,3187.366239140165,35.12,25.616020165249143,3169.540157980415,4.175810986197147,2.352948422632509,4.195800000000006,2.347000000000001,76.55298131004923,39.638125426261134,25.378863893230218,0.5177868287809945,0.6402639786899751,10.832060967459608,42.464495128152386,35.108109093384144,4.19530909545365,2.346970301075027,25.73743450135449,3162.2434599434987
1178,117.79999999999758,42.488349315725344,35.14777554059168,7.34047493847126,3162.2209120054895,25.693378435308475,119.69949884656388,119.72375200000002,10.812935030280315,0.1,7.3578367143977985,3187.366239140165,35.12,25.616020165249143,3169.540157980415,4.175810986197147,2.352948422632509,4.195800000000006,2.347000000000001,76.55252643189769,39.638129844126155,25.377958516067906,0.5177899632011341,0.6402410662628318,10.763622332589708,42.477836714397796,35.13287792108487,4.193829835664928,2.345526275674833,25.651062583940575,3162.3421712171607
1179,117.89999999999758,42.4883233900823,35.14779828720525,7.340436440574451,3162.155286157168,25.693385895218672,119.70199501389807,119.72375200000002,10.812588969723004,0.1,7.384126163391116,3187.366239140165,35.12,25.616020165249143,3169.540157980415,4.175810986197147,2.352948422632509,4.195800000000006,2.347000000000001,76.55211839011393,39.638133811703774,25.3771463119399,0.5177927749785525,0.6402205117044866,10.722646073162762,42.50412616339111,35.12953634499406,4.195610614625475,2.3466949611121453,25.603807652734126,3162.2346284129985
1180,117.99999999999757,42.488300133066275,35.1478186924279,7.340401906496258,3162.0964146098613,25.693392587197124,119.7042343719247,119.72375200000002,10.812278524434078,0.1,7.307527355248574,3187.366239140165,35.12,25.616020165249143,3169.540157980415,4.1798172372017,2.3484323870578105,4.195800000000006,2.347000000000001,76.55175236135861,39.63813737472274,25.37641769684679,0.5177952973253042,0.6402020724876276,10.823053787249698,42.42752735524857,35.167643392875966,4.196516316975652,2.347573496595507,25.86772408438322,3162.3392099284924
1181,118.09999999999756,42.48827927015425,35.147836997118475,7.340370928145445,3162.0436024713063,25.693398590207984,119.70624332213009,119.72375200000002,10.81200003059391,0.1,7.394116272169015,3187.366239140165,35.12,25.616020165249143,3169.540157980415,4.1798172372017,2.3484323870578105,4.195800000000006,2.347000000000001,76.5514240199706,39.638140574071834,25.375764071803918,0.5177975600262003,0.6401855310136004,10.805578538569975,42.51411627216901,35.13527533918353,4.197057578447067,2.3453116545361357,25.614873346748226,3161.950983748981
1182,118.19999999999756,42.4882605551676,35.1478534172675,7.340343139468713,3161.996226288196,25.69340397511741,119.70804555528129,119.72375200000002,10.811750200991217,0.1,7.333139835905023,3187.366239140165,35.12,25.616020165249143,3169.540157980415,4.1798172372017,2.3484323870578105,4.195800000000006,2.347000000000001,76.55112948597971,39.63814344648443,25.375177721726395,0.5177995897989216,0.6401706920503352,10.884424291397972,42.45313983590502,35.13791427608558,4.195692153435143,2.3463450530303156,25.734379370396987,3161.8071302013163
1183,118.29999999999755,42.48824376717397,35.14786814671526,7.340318212083551,3161.953726711327,25.693408805537004,119.70966232935422,119.72375200000002,10.8115260863591,0.1,7.389075526547963,3187.366239140165,35.12,25.62674262291019,3167.759196062492,4.1798172372017,2.3484323870578105,4.195800000000006,2.347000000000001,76.55086527881376,39.638146025053544,25.374651724684817,0.5178014106134972,0.6401573804346602,10.826379727547566,42.50907552654796,35.15399612218185,4.194758596881118,2.3465736387352214,25.680938112315857,3162.0023112944054
1184,118.39999999999755,42.48822870785784,35.14788135945881,7.340295851392698,3161.9156019127877,25.693413138557897,119.71111271885431,119.72375200000002,10.811325040677287,0.1,7.3587211953603955,3187.366239140165,35.12,25.62674262291019,3167.759196062492,4.1798172372017,2.3484323870578105,4.195800000000006,2.347000000000001,76.55062827606177,39.63814833961456,25.374179870469604,0.5178030439759284,0.6401454390116029,10.74042955194238,42.47872119536039,35.18786767083216,4.195857451735597,2.3458825519132525,25.77795175881348,3161.9537449908858
1185,118.49999999999754,42.4882151992319,35.14789321165982,7.340275793113701,3161.8814016777733,25.693417025405484,119.71241383856926,119.72375200000002,10.811144690031917,0.1,7.393585659564927,3187.366239140165,35.12,25.62674262291019,3167.759196062492,4.1798172372017,2.3484323870578105,4.195800000000006,2.347000000000001,76.55041567663967,39.63815041704917,25.373756587504918,0.5178045091810684,0.6401347267856159,10.746125450878873,42.513585659564924,35.125867245980295,4.194607863532419,2.3489247798471973,25.65949259058591,3161.9000865065673
1186,118.59999999999754,42.48820308159587,35.14790384343553,7.340257800168353,3161.8507221018467,25.693420512031828,119.71358104445262,119.72375200000002,10.810982904666668,0.1,7.409144750273541,3187.366239140165,35.12,25.62674262291019,3167.759196062492,4.1881250562020576,2.343674391891214,4.195800000000006,2.347000000000001,76.55022496779193,39.63815228155042,25.373376877252678,0.517805823539094,0.6401251172613996,10.899853680974296,42.52914475027354,35.21182501931224,4.193425564028252,2.3460411032056263,25.810817038462574,3161.7614034997473
1187,118.69999999999753,42.48819221168958,35.14791338047905,7.340241659889093,3161.8232008317655,25.693423639653616,119.71462811400855,119.72375200000002,10.810837773897982,0.1,7.373931545701566,3187.366239140165,35.12,25.62674262291019,3167.759196062492,4.1881250562020576,2.343674391891214,4.195800000000006,2.347000000000001,76.5500538954733,39.638153954869324,25.373036255338572,0.5178070025789137,0.6401164969546125,10.749412524455002,42.493931545701564,35.18855965751602,4.195529110284827,2.3478738931868848,25.683138504211918,3161.853260740108
1188,118.79999999999752,42.488182461015896,35.14792193553084,7.3402271815087605,3161.7985127944035,25.693426445239247,119.71556740826708,119.72375200000002,10.810707583601618,0.1,7.382624309021935,3187.366239140165,35.12,25.62674262291019,3167.759196062492,4.1881250562020576,2.343674391891214,4.195800000000006,2.347000000000001,76.54990043774528,39.63815545654831,25.372730698713006,0.5178080602310424,0.6401087640550482,10.89508992997744,42.50262430902193,35.14587393961714,4.196487891906899,2.347254501767787,25.626851652816743,3161.7393285060593
1189,118.89999999999752,42.48817371432213,35.14792960971102,7.340214193905835,3161.776366363959,25.69342896194775,119.71641001720967,119.72375200000002,10.810590796008194,0.1,7.44410488971284,3187.366239140165,35.12,25.578337613904257,3163.1068668587254,4.1881250562020576,2.343674391891214,4.195800000000006,2.347000000000001,76.54976278088485,39.63815680414013,25.372456598231242,0.5178090089919668,0.6401018272267679,10.766354175392632,42.56410488971284,35.16688562555549,4.197133366278106,2.3486193065571532,25.715373347436778,3161.8803798292693
1190,118.99999999999751,42.488165868231704,35.14793649371994,7.340202543580561,3161.756499922663,25.69343121952272,119.71716589031408,119.72375200000002,10.810486031572017,0.1,7.351905835649383,3187.366239140165,35.12,25.578337613904257,3163.1068668587254,4.1881250562020576,2.343674391891214,4.195800000000006,2.347000000000001,76.54963929793882,39.63815801340923,25.372210716099534,0.5178098600717578,0.6400956045312788,10.890797206764441,42.47190583564938,35.19923904356079,4.195635999568359,2.348065809363272,25.85805479303906,3161.7517560581537
1191,119.09999999999751,42.488158830015976,35.147942668915704,7.340192092839332,3161.7386787747278,25.6934332446451,119.71784395372464,119.72375200000002,10.810392052701406,0.1,7.4256164319233875,3187.366239140165,35.12,25.578337613904257,3163.1068668587254,4.1881250562020576,2.343674391891214,4.195800000000006,2.347000000000001,76.54952852948354,39.63815909851408,25.37199014769021,0.5178106235265341,0.6400900224612431,10.816417438765795,42.545616431923385,35.169939214322525,4.195509010399465,2.347210094948809,25.73864605427652,3161.6963768409264
1192,119.1999999999975,42.48815251649444,35.14794820827912,7.340182718166429,3161.7226923773396,25.693435061248987,119.7184522154074,119.72375200000002,10.810307749160025,0.1,7.370912040922541,3187.366239140165,35.12,25.578337613904257,3163.1068668587254,4.193465456326078,2.339036051487196,4.195800000000006,2.347000000000001,76.54942916636803,39.63816007217086,25.371792287278588,0.5178113083772788,0.6400850150734317,10.78087528448813,42.49091204092254,35.119670438103796,4.195849042172897,2.345690825209896,25.54722867283037,3161.661729187576
1193,119.2999999999975,42.48814685305017,35.147953177277515,7.340174308763849,3161.7083518561894,25.69343669080448,119.71899785951679,119.72375200000002,10.810232124967987,0.1,7.308429551631015,3187.366239140165,35.12,25.578337613904257,3163.1068668587254,4.193465456326078,2.339036051487196,4.195800000000006,2.347000000000001,76.54934003423745,39.63816094579979,25.371614797299877,0.5178119227163974,0.6400805232107608,10.816038676619678,42.42842955163101,35.0752712427764,4.19776441505031,2.345702448278075,25.553443681556292,3161.7182461743505
1194,119.39999999999749,42.488141772747966,35.14795763463843,7.340166765241789,3161.6954877763465,25.693438152571225,119.71948733107753,119.72375200000002,10.810164286649007,0.1,7.405198513476037,3187.366239140165,35.12,25.578337613904257,3163.1068668587254,4.193465456326078,2.339036051487196,4.195800000000006,2.347000000000001,76.54926007965322,39.63816172965625,25.37145558076523,0.5178124738032845,0.6400764938042766,10.80154702358546,42.525198513476035,35.10802602855093,4.19651224701112,2.3487695770363706,25.71710344045241,3161.5863679830427
1195,119.49999999999748,42.48813721554396,35.14796163304314,7.3401599984440775,3161.6839481422703,25.693439463825875,119.7199264119739,119.72375200000002,10.810103432685427,0.1,7.385725156751484,3187.366239140165,35.12,25.675572882408957,3164.67397110693,4.193465456326078,2.339036051487196,4.195800000000006,2.347000000000001,76.54918835764337,39.63816243294851,25.371312756512705,0.5178129681500493,0.6400728792468758,10.830866996505275,42.50572515675148,35.09446539384214,4.195545541267285,2.3464907781292474,25.68327200671876,3161.671923238775
1196,119.59999999999748,42.48813312757646,35.14796521974879,7.340153928394553,3161.6735966034403,25.693440640066157,119.7203202891371,119.72375200000002,10.810048844057219,0.1,7.320907859849797,3187.366239140165,35.12,25.675572882408957,3164.67397110693,4.193465456326078,2.339036051487196,4.195800000000006,2.347000000000001,76.54912402053495,39.63816306394371,25.3711846370023,0.5178134115984193,0.640069636831401,10.782729873493558,42.440907859849794,35.178797030003714,4.197664727572545,2.3476924750566974,25.700708857523924,3161.72316554912
1197,119.69999999999747,42.48812946052975,35.14796843714662,7.340148483351898,3161.664310844491,25.69344169519401,119.72067361572995,119.72375200000002,10.809999875753645,0.1,7.366290922509364,3187.366239140165,35.12,25.675572882408957,3164.67397110693,4.193465456326078,2.339036051487196,4.195800000000006,2.347000000000001,76.54906630793623,39.63816363006321,25.371069708393815,0.5178138093887334,0.6400667282464961,10.852597870495632,42.48629092250936,35.129302368021904,4.197406398686877,2.3459312812538307,25.628215918702622,3161.7980872701028
1198,119.79999999999747,42.48812617106316,35.1479713232629,7.340143598961741,3161.6559811409034,25.693442641679905,119.72099056604647,119.72375200000002,10.809955949157743,0.1,7.389410245365802,3187.366239140165,35.12,25.675572882408957,3164.67397110693,4.195776203873004,2.3343773374921963,4.195800000000006,2.347000000000001,76.54901453775001,39.63816413796862,25.370966612673232,0.5178141662218412,0.6400641191242982,10.830311048495215,42.5094102453658,35.16541664656979,4.195541861978191,2.346093914713507,25.69156201837023,3161.5478609092165
1199,119.89999999999746,42.48812322029873,35.14797391220834,7.34013921749605,3161.6485090632514,25.693443490710244,119.72127488477086,119.72375200000002,10.809916545213975,0.1,7.31079133044868,3187.366239140165,35.12,25.675572882408957,3164.67397110693,4.195776203873004,2.3343773374921963,4.195800000000006,2.347000000000001,76.54896809811181,39.638164593639154,25.370874131617207,0.517814486314635,0.640061778634638,10.708901629504537,42.43079133044868,35.124747832809526,4.195699321798379,2.3459905065383624,25.695629017874538,3161.7612453075367
1200,119.99999999999746,42.488120573361755,35.147976234581364,7.34013528717084,3161.641806314731,25.69344425231961,119.72152993117365,119.72375200000002,10.809881198298623,0.1,7.321543600733456,3219.482131340912,35.12,25.675572882408957,3164.67397110693,4.195776203873004,2.3343773374921963,4.195800000000006,2.347000000000001,76.54892644015857,39.63816500244115,25.370791172406875,0.5178147734498658,0.6400596791209784,10.860871222613586,42.44154360073345,35.128375969043866,4.19647126665652,2.3460437827135547,25.888481069908728,3161.3940440747547
1201,120.09999999999745,42.488118198968394,35.14797831782976,7.340131761534107,3161.6357936882846,25.693444935509355,119.72175871876502,119.72375200000002,10.809849490720676,0.1,7.389437860076896,3219.482131340912,35.12,25.628485172548036,3161.978017565843,4.195776203873004,2.3343773374921963,4.195800000000006,2.347000000000001,76.54888907154115,39.63816536919077,25.370716754721435,0.517815031020838,0.6400577957737954,10.794187156839314,42.50943786007689,35.14797261500706,4.195165132433903,2.347613424216048,25.607447349512864,3161.5471620558083
1202,120.19999999999744,42.48811606905605,35.147980186575154,7.340128598916824,3161.6304001310164,25.693445548354013,119.72196395087103,119.72375200000002,10.809821047788477,0.1,7.3460438586143155,3219.482131340912,35.12,25.628485172548036,3161.978017565843,4.195776203873004,2.3343773374921963,4.195800000000006,2.347000000000001,76.5488555506056,39.638165698210145,25.370649999159564,0.5178152620714989,0.6400561063375637,10.67914256116007,42.46604385861431,35.156943597611175,4.1962614653483294,2.3477754771928514,25.72321264875596,3161.4557473631285
1203,120.29999999999744,42.48811415845154,35.14798186290396,7.340125761940441,3161.6255619048766,25.693446098096715,119.72214805255174,119.72375200000002,10.809795533383904,0.1,7.296570374065325,3219.482131340912,35.12,25.628485172548036,3161.978017565843,4.195776203873004,2.3343773374921963,4.195800000000006,2.347000000000001,76.548825481173,39.63816599337788,25.370590116852032,0.517815469332404,0.6400545908478851,10.730124857834312,42.41657037406532,35.18299499693264,4.195022942066077,2.3464315026600064,25.719484616684344,3161.4993677375714
1204,120.39999999999743,42.48811244457369,35.1479833666285,7.340123217075124,3161.6212218337087,25.6934465912348,119.72231319923671,119.72375200000002,10.809772645991965,0.1,7.355552291145308,3219.482131340912,35.12,25.628485172548036,3161.978017565843,4.2025286699559565,2.315253486051664,4.195800000000006,2.347000000000001,76.54879850785733,39.638166258174444,25.37053640014315,0.5178156552529796,0.6400532313956645,10.77167516972985,42.475552291145306,35.18473191896528,4.1963465403109135,2.3460658487868806,25.67092549131042,3161.4813768837403
1205,120.49999999999743,42.48811090716639,35.14798471552108,7.340120934243462,3161.6173286277835,25.693447033596605,119.72246134241524,119.72375200000002,10.809752115138922,0.1,7.45149340127962,3219.482131340912,35.12,25.628485172548036,3161.978017565843,4.2025286699559565,2.315253486051664,4.195800000000006,2.347000000000001,76.5487743118651,39.63816649572296,25.37048821423106,0.517815822030465,0.6400520119155507,10.726015546289368,42.57149340127962,35.087382165159426,4.196050865902351,2.346293110225897,25.475343293926652,3161.6225987726566
1206,120.59999999999742,42.488109528059226,35.147985925524104,7.340118886464978,3161.6138362778456,25.693447430410345,119.72259423268393,119.72375200000002,10.809733698196982,0.1,7.3965051937058774,3219.482131340912,35.12,25.628485172548036,3161.978017565843,4.2025286699559565,2.315253486051664,4.195800000000006,2.347000000000001,76.54875260722746,39.63816670882575,25.37044498966833,0.5178159716358756,0.6400509179961493,10.815479766954347,42.516505193705875,35.1180236581679,4.195729792831476,2.347256544703489,25.567894390242913,3161.8764943882306
1207,120.69999999999742,42.48810829095271,35.14798701093841,7.340117049537273,3161.610703511524,25.69344778636591,119.72271344042316,119.72375200000002,10.809717177517811,0.1,7.387667182326915,3219.482131340912,35.12,25.648228084781383,3161.4862155879573,4.2025286699559565,2.315253486051664,4.195800000000006,2.347000000000001,76.54873313742063,39.63816689999723,25.37040621563431,0.5178161058372921,0.6400499367097645,10.811798764708909,42.50766718232691,35.16814150859992,4.195236346685788,2.3459678230338454,25.682217050987397,3161.534042286794
1208,120.79999999999741,42.488107181225644,35.147987984592355,7.340115401749958,3161.607893305691,25.693448105670285,119.72282037434644,119.72375200000002,10.809702357861065,0.1,7.4236163457613955,3219.482131340912,35.12,25.648228084781383,3161.4862155879573,4.2025286699559565,2.315253486051664,4.195800000000006,2.347000000000001,76.54871567233394,39.63816707149345,25.37037143389993,0.517816226220754,0.6400490564596646,10.850056833744409,42.54361634576139,35.16351301713694,4.194440423047167,2.3467595621634914,25.732631631009028,3161.527803167742
1209,120.8999999999974,42.48810618576232,35.147988857993425,7.340113923628071,3161.6053724490116,25.693448392097288,119.72291629814087,119.72375200000002,10.809689064087587,0.1,7.37876788336807,3219.482131340912,35.12,25.648228084781383,3161.4862155879573,4.2025286699559565,2.315253486051664,4.195800000000006,2.347000000000001,76.54870000555017,39.63816722533854,25.370340233413575,0.5178163342090012,0.6400482668430665,10.799032076925156,42.49876788336807,35.145549533847884,4.196563311242275,2.348580730843723,25.733866122499347,3161.6008540917096
1210,120.9999999999974,42.4881052927975,35.14798964146423,7.3401125977019035,3161.6031111495236,25.693448649032156,119.72300234539563,119.72375200000002,10.809677139090041,0.1,7.360889830451036,3219.482131340912,35.12,25.648228084781383,3161.4862155879573,4.204963792639826,2.304891998002546,4.195800000000006,2.347000000000001,76.54868595190601,39.6381673633486,25.370312245444335,0.5178164310782873,0.6400475585282224,10.815345366389106,42.480889830451034,35.1516463960911,4.195567752538686,2.3463840608400885,25.642939491575007,3161.651075382286
1211,121.0999999999974,42.48810449177735,35.14799034426448,7.34011140830053,3161.6010826826073,25.693448879511568,119.72307953299381,119.72375200000002,10.809666441936544,0.1,7.3766326391705945,3219.482131340912,35.12,25.648228084781383,3161.4862155879573,4.204963792639826,2.304891998002546,4.195800000000006,2.347000000000001,76.5486733453036,39.63816748715297,25.370287139225077,0.5178165179734606,0.6400469231441585,10.801164807409258,42.49663263917059,35.174212336003926,4.197199281140119,2.34758806110145,25.711179707611038,3161.696122229829
1212,121.19999999999739,42.48810377323474,35.14799097470047,7.340110341366588,3161.5992630751957,25.693449086259527,119.72314877312644,119.72375200000002,10.80965684620538,0.1,7.303556843387192,3219.482131340912,35.12,25.648228084781383,3161.4862155879573,4.204963792639826,2.304891998002546,4.195800000000006,2.347000000000001,76.54866203674744,39.63816759821345,25.370264618044036,0.5178165959214939,0.640046353181763,10.770641146023088,42.42355684338719,35.129859902533994,4.196290383699191,2.347026136222338,25.72242288688227,3161.7181497827264
1213,121.29999999999738,42.48810312867731,35.147991540223245,7.340109384290141,3161.5976308224904,25.693449271719555,119.72321088406977,119.72375200000002,10.809648238491148,0.1,7.31626211727346,3219.482131340912,35.12,25.63531097825567,3159.650968764907,4.204963792639826,2.304891998002546,4.195800000000006,2.347000000000001,76.54865189258338,39.638167697841496,25.370244415738732,0.5178166658436207,0.6400458419050554,10.785324728978473,42.43626211727346,35.19057106168846,4.19500923961542,2.346205673642787,25.69332651401772,3161.5446605938837
1214,121.39999999999738,42.48810255048713,35.147992047516624,7.340108525759646,3161.596166633841,25.69344943808358,119.72326659985339,119.72375200000002,10.809640517064672,0.1,7.312863274699211,3219.482131340912,35.12,25.63531097825567,3159.650968764907,4.204963792639826,2.304891998002546,4.195800000000006,2.347000000000001,76.54864279291915,39.63816778721368,25.370226293550793,0.5178167285662217,0.6400453832715904,10.807176337821712,42.43286327469921,35.13252303698576,4.1963539324652395,2.3469622704191613,25.572503561909397,3161.7055236353126
1215,121.49999999999737,42.488102031830635,35.14799250257624,7.3401077556282575,3161.5948532047864,25.693449587317833,119.72331657893328,119.72375200000002,10.809633590670883,0.1,7.375043829389064,3219.482131340912,35.12,25.63531097825567,3159.650968764907,4.204963792639826,2.304891998002546,4.195800000000006,2.347000000000001,76.54863463020719,39.63816786738554,25.37021003730457,0.5178167848305912,0.6400449718610555,10.82313215898407,42.49504382938906,35.177444701075025,4.193934741217322,2.3466008731558854,25.64488092028073,3161.6669369898536
1216,121.59999999999737,42.488101566577924,35.14799291078036,7.340107064793907,3161.5936750125584,25.693449721186088,119.72336141197208,119.72375200000002,10.80962737745044,0.1,7.369098785866434,3219.482131340912,35.12,25.63531097825567,3159.650968764907,4.211511626522643,2.2944284593570847,4.195800000000006,2.347000000000001,76.54862730797363,39.638167939304005,25.370195454876193,0.5178168353016975,0.6400446028112181,10.81895953579321,42.48909878586643,35.14264824361558,4.195380889504461,2.3476648608453177,25.54181888150098,3161.4806842837597
1217,121.69999999999736,42.48810114923026,35.1479932769535,7.340106445091732,3161.592618132646,25.69344984127052,119.72340162881846,119.72375200000002,10.809621803972366,0.1,7.372874714187972,3219.482131340912,35.12,25.63531097825567,3159.650968764907,4.211511626522643,2.2944284593570847,4.195800000000006,2.327000000000001,76.5486207396782,39.63816800381859,25.153989937843704,0.5178168805760409,0.6345901237267187,10.838578245477184,42.49287471418797,35.1891385181934,4.196546764405074,2.3263060334393293,25.644842650313674,3161.565447225906
1218,121.79999999999735,42.48810077485503,35.14799360542341,7.340105889197556,3161.5916700742387,25.693449948990388,119.72343770476819,118.79143200000001,10.833589496519183,0.1,7.321700347056556,3219.482131340912,35.12,25.63531097825567,3159.650968764907,4.211511626522643,2.2944284593570847,4.195800000000006,2.327000000000001,76.54861484769114,39.63816806169141,25.20976275840015,0.5178169211887049,0.6359971711902676,10.846978747712727,42.44170034705655,35.144342646210966,4.196543260716835,2.3280702869164447,25.699469018841246,3161.6457076241622
1219,121.89999999999735,42.488100439027576,35.14799390007222,7.340105390541357,3164.1135551221673,25.693450045618814,119.72347006618044,118.79143200000001,10.833585011696911,0.1,7.340202020697134,3219.482131340912,35.12,25.620476241470747,3160.1614757635484,4.211511626522643,2.2944284593570847,4.195800000000006,2.327000000000001,76.54860956237599,39.66979668894868,25.209752322218723,0.5182301405046889,0.6354898291989917,10.804442952161734,42.46020202069713,35.16699078612976,4.196128994802816,2.326931899652586,25.741021205386655,3164.1444135947486
1220,121.99999999999734,42.48810013777879,35.14799416438234,7.341247266018877,3166.635527735828,25.693450132297837,119.6387424813182,118.79143200000001,10.845514873974789,0.1,7.367440658346027,3219.482131340912,35.12,25.620476241470747,3160.1614757635484,4.211511626522643,2.2944284593570847,4.195800000000006,2.327000000000001,76.56137192244246,39.673319244979446,25.237513111739343,0.51818976396046,0.6361331391482472,10.83832785342655,42.487440658346024,35.197410937704234,4.195031053718842,2.325261089475563,25.697381249624872,3166.7477137669684
1221,122.09999999999734,42.48809986754827,35.14799440147761,7.342388967075619,3168.928238631113,25.69336399077643,119.55409429232266,118.79143200000001,10.857445150485317,0.1,7.386022181957891,3219.482131340912,35.12,25.620476241470747,3160.1614757635484,4.211511626522643,2.2944284593570847,4.195800000000006,2.327000000000001,76.57387534747856,39.67395311490558,25.265274865179343,0.5181134288276814,0.6368227232614018,10.776382473493458,42.50602218195789,35.16199180069828,4.19489688521846,2.327687096097195,25.754948345152222,3168.9955331111464
1222,122.19999999999733,42.48836842235541,35.14775877684131,7.343483488821459,3170.991902642811,25.693191638614643,119.47683062519651,118.79143200000001,10.868290896704481,0.1,7.32480086658682,3219.482131340912,35.12,25.620476241470747,3160.1614757635484,4.216843095251533,2.2875391878374005,4.195800000000006,2.327000000000001,76.58559441936592,39.67413292071634,25.290512916631336,0.5180364952639721,0.6374559708001982,10.913066621937283,42.44480086658682,35.09024458948762,4.197023665998021,2.327902730604122,25.884622128756288,3170.814402870059
1223,122.29999999999733,42.48890574745499,35.147287340877675,7.34453196506912,3172.8465013173804,25.69297472909475,119.4069353533526,118.79143200000001,10.878053128915498,0.1,7.3545648642013575,3219.482131340912,35.12,25.620476241470747,3160.1614757635484,4.216843095251533,2.2875391878374005,4.195800000000006,2.327000000000001,76.59666587532594,39.67411350598694,25.313229630986374,0.5179613636259741,0.6380288655262968,10.933546568403921,42.474564864201355,35.198433243543356,4.194782049324326,2.326028338633477,25.62871690071961,3172.977081179059
1224,122.39999999999732,42.489581984574215,35.14669403138365,7.345516493878693,3174.511972564851,25.692754821985684,119.34390942851543,118.79143200000001,10.88682637049783,0.1,7.348907976521879,3219.482131340912,35.12,25.620476241470747,3160.1614757635484,4.216843095251533,2.2875391878374005,4.195800000000006,2.327000000000001,76.60701351024943,39.673987032231956,25.333644964148462,0.5178897494408117,0.6385454767519809,10.897715066284258,42.468907976521876,35.17326664998491,4.197415233447262,2.3258276138191025,25.687639497692047,3174.5397425328215
1225,122.49999999999731,42.49026756697744,35.14609252774025,7.34641856240874,3176.006903936154,25.692556427209876,119.28725052054644,118.79143200000001,10.894704938407342,0.1,7.4239912982737195,3219.482131340912,35.12,25.62558184494494,3162.4524750794812,4.216843095251533,2.2875391878374005,4.195800000000006,2.327000000000001,76.61650352821343,39.6738259597713,25.351978391673892,0.5178234992825237,0.6390101730390318,10.828760041534068,42.54399129827372,35.11498620347051,4.195273969299141,2.327364319631053,25.62520885461917,3175.948791570524
1226,122.59999999999731,42.490886082530494,35.1455498703903,7.347230015976726,3177.34852374283,25.692387092461264,119.23642693485458,118.79143200000001,10.90177676168064,0.1,7.366373771343639,3219.482131340912,35.12,25.62558184494494,3162.4524750794812,4.216843095251533,2.2875391878374005,4.195800000000006,2.327000000000001,76.62506734964444,39.67367452380191,25.36843452443086,0.517763649626156,0.6394273993756557,10.886600259431805,42.48637377134364,35.18315212357841,4.196957975988623,2.32801069547146,25.61097213390342,3177.274004789786
1227,122.6999999999973,42.491414000542775,35.14508670250716,7.347953291990547,3178.5526216006783,25.692244153533487,119.19088166647931,118.79143200000001,10.908123339426547,0.1,7.385112104816862,3219.482131340912,35.12,25.62558184494494,3162.4524750794812,4.216843095251533,2.2875391878374005,4.195800000000006,2.327000000000001,76.63272431902729,39.6735493097682,25.383203010845584,0.5177102818973849,0.6398016676717118,10.944160881119293,42.50511210481686,35.214454601304084,4.196957159937499,2.327829606670864,25.78118027281036,3178.622840519916
1228,122.7999999999973,42.491859626944006,35.14469573539141,7.34859704136592,3179.6334799432193,25.692121428133948,119.15006538201058,118.79143200000001,10.913819364955156,0.1,7.358064532125546,3219.482131340912,35.12,25.62558184494494,3162.4524750794812,4.227405276532816,2.2824755868100848,4.195800000000006,2.327000000000001,76.6395527174125,39.67344957825289,25.396457662250658,0.517662853860042,0.6401373697580307,10.967150986849699,42.47806453212554,35.139012238491205,4.19646542805379,2.326984486675812,25.60448831777555,3179.717059567586
1229,122.89999999999729,42.49224223564961,35.144360058132854,7.349171671945365,3180.6038947799025,25.692013258061785,119.11346717023552,118.79143200000001,10.918932401799957,0.1,7.363942313510712,3219.482131340912,35.12,25.62558184494494,3162.4524750794812,4.227405276532816,2.2824755868100848,4.195800000000006,2.327000000000001,76.64565201083929,39.673367957196575,25.408355698988508,0.5176205944674583,0.6404385865702522,10.936958348090858,42.48394231351071,35.16022555422415,4.194853252798305,2.3266309865265224,25.752987468662567,3180.598629146927
1230,122.99999999999729,42.492579466666584,35.14406419378645,7.349686641151243,3181.4752796615285,25.691915930689518,119.08063030011192,118.79143200000001,10.923522981915236,0.1,7.362801205580858,3219.482131340912,35.12,25.62558184494494,3162.4524750794812,4.227405276532816,2.2824755868100848,4.195800000000006,2.327000000000001,76.65111683746784,39.6732971649594,25.419037978916762,0.5175827672424297,0.6407089855230784,10.968244572144728,42.482801205580856,35.08574253556648,4.1979789184994285,2.327532807043517,25.64648514160382,3181.2746679790357
1231,123.09999999999728,42.492882894482364,35.14379798721336,7.350149522801473,3182.257812284674,25.69182751914368,119.05115400688135,118.79143200000001,10.927645097488012,0.1,7.383601895785951,3219.482131340912,35.12,25.751235870489715,3170.5926903541335,4.227405276532816,2.2824755868100848,4.195800000000006,2.327000000000001,76.65602610597672,39.673232585709044,25.428630141854615,0.5175487773245762,0.6409518076682874,10.957771294706422,42.50360189578595,35.16136351407432,4.194402659950723,2.32807384898868,25.745061669975627,3182.2551766533456
1232,123.19999999999727,42.49315852631767,35.143556167784595,7.350566158588026,3182.960585929107,25.691747164990957,119.02468736990136,118.79143200000001,10.931346894455222,0.1,7.364325411714489,3219.482131340912,35.12,25.751235870489715,3170.5926903541335,4.227405276532816,2.2824755868100848,4.195800000000006,2.327000000000001,76.66044255131062,39.673172241057664,25.43724422339731,0.5175181739200564,0.6411699086939252,10.96279709285656,42.48432541171449,35.09442716475699,4.196533338724439,2.327133765262686,25.68930071072442,3183.0712840157876
1233,123.29999999999727,42.493409038424204,35.143336387310164,7.350941196628568,3183.591744329419,25.69167442010377,119.00092090597906,118.79143200000001,10.934671388883505,0.1,7.405993960960231,3219.482131340912,35.12,25.751235870489715,3170.5926903541335,4.227405276532816,2.2824755868100848,4.195800000000006,2.327000000000001,76.66441679129395,39.6731157670492,25.444980321931926,0.5174906094316561,0.6413658173796737,10.917196894833827,42.52599396096023,35.11860592517914,4.1932112732211255,2.328581815920703,25.83775594243568,3183.4616462177796
1234,123.39999999999726,42.49363582788449,35.14313741989354,7.351278590427867,3184.158593799323,25.691608864758397,118.97957911695158,118.79143200000001,10.93765710498402,0.1,7.332011766085174,3219.482131340912,35.12,25.751235870489715,3170.5926903541335,4.227356733373871,2.277196925598212,4.195800000000006,2.327000000000001,76.66799176401476,39.673063403820116,25.451928083297823,0.5174657962339018,0.6415417893050088,10.80223784268795,42.45201176608517,35.11851471969599,4.1958880408622345,2.327320855390473,25.833001257318692,3184.313327816305
1235,123.49999999999726,42.493840203229226,35.14295811735954,7.35158190509285,3184.667695190681,25.691549978806826,118.96041503038262,118.79143200000001,10.940338605520216,0.1,7.4036640012936275,3219.482131340912,35.12,25.751235870489715,3170.5926903541335,4.227356733373871,2.277196925598212,4.195800000000006,2.327000000000001,76.67120576583775,39.67301538163044,25.45816793504555,0.517443478100451,0.6416998478727507,10.916045702696534,42.523664001293625,35.19504598409578,4.195401396869243,2.326804318732023,25.649972863137002,3184.63813937273
1236,123.59999999999725,42.49402378607185,35.142797056889144,7.3518544446870795,3185.124941080374,25.691497158442083,118.94320650200893,118.79143200000001,10.94274692682311,0.1,7.331763025940305,3219.482131340912,35.12,25.751235870489715,3170.5926903541335,4.227356733373871,2.277196925598212,4.195800000000006,2.327000000000001,76.67409392487038,39.67297169756331,25.46377209871739,0.5174234173075085,0.6418418134349476,10.94980935121788,42.4517630259403,35.18956777217481,4.1968305366513325,2.326224806991662,25.554600658827212,3185.211771071419
1237,123.69999999999725,42.494188458840966,35.142652586874306,7.352099274503546,3185.535622952078,25.691449780260978,118.92775363166682,118.79143200000001,10.944909943926383,0.1,7.35550511405647,3219.482131340912,35.12,25.75407208390071,3173.1720234296363,4.227356733373871,2.277196925598212,4.195800000000006,2.327000000000001,76.67668864122513,39.67293212917468,25.468805439516704,0.5174053918108897,0.6419693244903231,10.889987265573373,42.47550511405647,35.19891596774376,4.195050557549144,2.325648389090798,25.669427231281137,3185.6820988650334
1238,123.79999999999724,42.494336165058385,35.14252300213529,7.352319206654482,3185.9044913858775,25.69140725623976,118.91387672025016,118.79143200000001,10.946852688372042,0.1,7.425641620064631,3219.482131340912,35.12,25.75407208390071,3173.1720234296363,4.227356733373871,2.277196925598212,4.195800000000006,2.327000000000001,76.6790195902312,39.67289633384797,25.47332620584175,0.5173891964954419,0.6420838547174211,10.91782792345593,42.54564162006463,35.129787830844776,4.194825398638989,2.3257745401976018,25.728382670774007,3185.8650670046754
1239,123.89999999999723,42.49446873794693,35.142406694281725,7.352516788667561,3186.2358107196724,25.691369061498058,118.90141443371351,118.79143200000001,10.9485976329394,0.1,7.392990858472579,3219.482131340912,35.12,25.75407208390071,3173.1720234296363,4.227356733373871,2.277196925598212,4.195800000000006,2.327000000000001,76.6811136780338,39.67286394222317,25.477386691849993,0.5173746446719634,0.6421867281614332,10.972548433684418,42.51299085847258,35.08873607908329,4.196564259644356,2.327939126306879,25.620239496875683,3186.226715655621
1240,123.99999999999723,42.494587813873665,35.14230222764572,7.352694308210648,3186.533408742622,25.691334738638535,118.89022205060179,118.79143200000001,10.950164950222723,0.1,7.3963015001757455,3219.482131340912,35.12,25.75407208390071,3173.1720234296363,4.23516335995945,2.271840051342484,4.195800000000006,2.327000000000001,76.68299510750865,39.67283461264431,25.481033839168283,0.5173615683245479,0.6422791335168954,10.946213214889557,42.51630150017574,35.148340985969746,4.19566364061393,2.3255996740895397,25.722936286035758,3186.7127090043737
1241,124.09999999999722,42.494694818820506,35.14220835114722,7.352853811711621,3186.8007216466335,25.691303889465647,118.8801697890329,118.79143200000001,10.951572747707733,0.1,7.305761927831057,3219.482131340912,35.12,25.75407208390071,3173.1720234296363,4.23516335995945,2.271840051342484,4.195800000000006,2.307000000000001,76.68468556176394,39.67280804902211,25.26527832896175,0.5173498170905134,0.6368411910178491,10.938869215987046,42.425761927831054,35.14690270089051,4.194948474525199,2.308385998445995,25.594666311486385,3186.80262045084
1242,124.19999999999722,42.49479099420191,35.14212397564065,7.352997129637581,3187.040834450883,25.691276163382327,118.87114124820872,117.85911200000001,10.976809972569033,0.1,7.356492707044218,3219.482131340912,35.12,25.75407208390071,3173.1720234296363,4.23516335995945,2.271840051342484,4.195800000000006,2.307000000000001,76.68620445212,39.67278399726687,25.323500606716767,0.51733925652869,0.6383091392946194,10.937091551980123,42.476492707044216,35.08924832136823,4.19570467940598,2.3070030638387538,25.62324700543513,3187.045921236533
1243,124.29999999999721,42.494877433039264,35.14204814217611,7.353125902168109,3189.779252698826,25.691251247537092,118.86303199349948,117.85911200000001,10.977945834288107,0.1,7.355415971712411,3219.482131340912,35.12,25.76017983580612,3177.9703461861395,4.23516335995945,2.271840051342484,4.195800000000006,2.307000000000001,76.68756917569353,39.70416349908626,25.326121039702674,0.517739236304685,0.6378706616066983,10.941319454700631,42.47541597171241,35.17110854044215,4.196930008171418,2.307789613672615,25.625427153926136,3189.767347407984
1244,124.3999999999972,42.49495511067836,35.14197999504877,7.354395922713999,3192.4957283684175,25.69122886015933,118.77174763146951,117.85911200000001,10.99090001417193,0.1,7.400820897152194,3219.482131340912,35.12,25.76017983580612,3177.9703461861395,4.23516335995945,2.271840051342484,4.195800000000006,2.307000000000001,76.70169543032924,39.70745835942064,25.35600633269465,0.5176868403839688,0.6385703689009576,11.017713919875362,42.52082089715219,35.168845687864405,4.197226323797035,2.3060071188188447,25.644677833301735,3192.542849698534
1245,124.4999999999972,42.49502490556728,35.1419187635688,7.355655128939154,3194.9652005416406,25.691121621681248,118.68124680765285,117.85911200000001,11.003750393948776,0.1,7.335130809900043,3219.482131340912,35.12,25.76017983580612,3177.9703461861395,4.23516335995945,2.271840051342484,4.195800000000006,2.307000000000001,76.71544743399309,39.70789363158801,25.385652158839836,0.5175997137441343,0.6393099667881982,11.022134232497372,42.45513080990004,35.174198326451474,4.196370079407719,2.307294513270375,25.90268346628613,3195.03745720671
1246,124.5999999999972,42.49535923224654,35.14162545748234,7.356861343100057,3197.1897893700075,25.69092923139605,118.5986719190817,117.85911200000001,11.015432315355067,0.1,7.409846489825966,3219.482131340912,35.12,25.76017983580612,3177.9703461861395,4.24038450323751,2.26988788750426,4.195800000000006,2.307000000000001,76.7283527999398,39.707894614402484,25.41260235152415,0.5175126685950913,0.6399886621615724,11.009977210174682,42.529846489825964,35.14603775911083,4.195981746449166,2.3073989230294414,25.77518167627079,3197.0683231043454
1247,124.69999999999719,42.49595902819968,35.1410992572455,7.358016428552539,3199.1909413934745,25.69069317143258,118.52394918527717,117.85911200000001,11.025955807839042,0.1,7.377286044923352,3219.482131340912,35.12,25.76017983580612,3177.9703461861395,4.24038450323751,2.26988788750426,4.195800000000006,2.307000000000001,76.74055614193679,39.70771467226801,25.436880048684678,0.5174280285228313,0.6406029724609126,11.050045953948791,42.49728604492335,35.15746631574137,4.196763865380405,2.306288504907985,25.617468923983527,3199.159547473161
1248,124.79999999999718,42.49669496874179,35.14045362291531,7.359101457499621,3200.9899035117105,25.690454915894303,118.45651993310719,117.85911200000001,11.035422324981315,0.1,7.422265974103688,3219.482131340912,35.12,25.76017983580612,3177.9703461861395,4.24038450323751,2.26988788750426,4.195800000000006,2.307000000000001,76.75196979622551,39.707440279208484,25.458719303731904,0.51734750762268,0.6411574033661026,11.03462359097518,42.542265974103685,35.13539505921239,4.193906790894807,2.308522008237535,25.662511767017893,3201.0350887937184
1249,124.89999999999718,42.49743775420792,35.13980198960736,7.360096877424519,3202.6064109282524,25.690239042799114,118.39582810066429,117.85911200000001,11.04393237595739,0.1,7.392764319651022,3219.482131340912,35.12,25.81467861560544,3185.8504505864785,4.24038450323751,2.26988788750426,4.195800000000006,2.307000000000001,76.76244872061557,39.707138036144414,25.478351991333707,0.5172729465765536,0.6416567209689452,11.02784483070255,42.51276431965102,35.118991452627334,4.196369849156395,2.3066615305350395,25.698847631329574,3202.7447295987795
1250,124.99999999999717,42.49811076016948,35.13921157791399,7.360994050082695,3204.058694216137,25.690053285002342,118.34130263216666,117.85911200000001,11.051579318813232,0.1,7.376325135492856,3219.482131340912,35.12,25.81467861560544,3185.8504505864785,4.24038450323751,2.26988788750426,4.195800000000006,2.307000000000001,76.77191954619761,39.70684916472208,25.495993488502137,0.5172053714356905,0.6421056826426381,11.01760449918015,42.49632513549285,35.11720407622538,4.196304153703951,2.3058103629533613,25.718992894341856,3204.1882308481167
1251,125.09999999999717,42.4986898786767,35.1387035353626,7.3617954703200885,3205.3634387464454,25.68989517033636,118.29235989244668,117.85911200000001,11.058449393889477,0.1,7.376542289444501,3219.482131340912,35.12,25.81467861560544,3185.8504505864785,4.24038450323751,2.26988788750426,4.195800000000006,2.307000000000001,76.78040282302001,39.70659007745354,25.511842751703032,0.5171448523001088,0.6425090319248878,11.040227142931153,42.4965422894445,35.14336358448383,4.197406481765375,2.306903897073858,25.554976379327016,3205.4699899214165
1252,125.19999999999716,42.499182816959376,35.13827109892065,7.362510193794959,3206.535750650137,25.689758622574942,118.24843100966953,117.85911200000001,11.064621531896789,0.1,7.406086510950274,3219.482131340912,35.12,25.81467861560544,3185.8504505864785,4.24481637850712,2.2698139484975575,4.195800000000006,2.307000000000001,76.78798163310036,39.706361370399435,25.5260818740859,0.5170908327831806,0.6428713433589827,11.011371150667232,42.52608651095027,35.17067322323707,4.197402517911542,2.3065252247512116,25.76323499426692,3206.59216353609
1253,125.29999999999715,42.49960851826036,35.13789764912649,7.363149194614256,3207.5891967656885,25.689637974170783,118.20898779185801,117.85911200000001,11.070167192897175,0.1,7.384831177627056,3219.482131340912,35.12,25.81467861560544,3185.8504505864785,4.24481637850712,2.2698139484975575,4.195800000000006,2.307000000000001,76.7947617031111,39.70615724133076,25.53887571401379,0.5170425216609817,0.6431968613530291,11.149328207903805,42.504831177627054,35.10192874817634,4.196349146385592,2.3071629808249656,25.679582160739905,3207.666329571356
1254,125.39999999999715,42.49998465172517,35.13756768475586,7.363722533370815,3208.5359147134486,25.68952941345399,118.17355601193839,117.85911200000001,11.075150555277638,0.1,7.378951996112846,3219.482131340912,35.12,25.81467861560544,3185.8504505864785,4.24481637850712,2.2698139484975575,4.195800000000006,2.307000000000001,76.8008440874116,39.70597151371749,25.55037233102552,0.516999155224463,0.6434894137320997,11.044542864692703,42.498951996112844,35.13981844856298,4.196317805953694,2.3073091048546295,25.806290465418314,3208.619917781443
1255,125.49999999999714,42.500323100615844,35.13727078063152,7.36423835716548,3209.386758917579,25.689430873014917,118.14171669840968,117.85911200000001,11.079629036460613,0.1,7.37060489646619,3219.482131340912,35.12,25.754432601914903,3190.743119987485,4.24481637850712,2.2698139484975575,4.195800000000006,2.307000000000001,76.80631366454287,39.70580004705277,25.56070418711464,0.5169601059161715,0.6437524028435219,11.036027345719022,42.49060489646619,35.1878120616734,4.196946923620983,2.308224610725103,25.678758707783768,3209.3899611418774
1256,125.59999999999714,42.5006303102887,35.1370012821821,7.364703024117822,3210.151450120377,25.689341354301465,118.11310052780881,117.85911200000001,11.083653983665696,0.1,7.439541865432993,3219.482131340912,35.12,25.754432601914903,3190.743119987485,4.24481637850712,2.2698139484975575,4.195800000000006,2.307000000000001,76.81123851274663,39.70564084055068,25.56998974031677,0.5169248876772327,0.6439888438773814,10.999154270782803,42.55954186543299,35.19545256318611,4.194328711942048,2.305680259588883,25.688052197583104,3210.039798930384
1257,125.69999999999713,42.50090939382976,35.13675645816474,7.365121638028798,3210.838709723349,25.689260292136886,118.08738014166565,117.85911200000001,11.087271381192194,0.1,7.425609450159513,3219.482131340912,35.12,25.754432601914903,3190.743119987485,4.24481637850712,2.2698139484975575,4.195800000000006,2.307000000000001,76.81567398650616,39.70549322246502,25.5783350764104,0.5168931177957236,0.6442014190101636,11.119510891279322,42.54560945015951,35.10595577612258,4.1961289511166555,2.306938429237845,25.645471924177947,3210.874296843445
1258,125.79999999999713,42.501162113234045,35.136534762631676,7.365498554508957,3211.4563733389687,25.68918717723737,118.06426321457667,117.85911200000001,11.090522485924085,0.1,7.377792602431214,3219.482131340912,35.12,25.754432601914903,3190.743119987485,4.250178767274304,2.2695336321251243,4.195800000000006,2.307000000000001,76.8196672445163,39.70535701089788,25.585835375026875,0.5168644754020619,0.6443925278899864,11.046006302076298,42.49779260243121,35.16922595887756,4.195708245750303,2.307039287198185,25.663174809319873,3211.534567277887
1259,125.89999999999712,42.50139005624479,35.13633480253849,7.365837697715142,3212.011485585555,25.689121421244124,118.04348722143132,117.85911200000001,11.093444364490457,0.1,7.381182834830696,3219.482131340912,35.12,25.754432601914903,3190.743119987485,4.250178767274304,2.2695336321251243,4.195800000000006,2.307000000000001,76.82326038589119,39.70523199538488,25.592576148879495,0.5168386735468059,0.6445643272366282,11.099380489104153,42.50118283483069,35.182192816781324,4.19816959093722,2.3066674983131032,25.625478455389388,3212.0540278502713
1260,125.99999999999712,42.50159505712932,35.136154968618406,7.366142697254117,3212.510380722953,25.689062364595536,118.0248157476104,117.85911200000001,11.096070341695873,0.1,7.3043105696684805,3219.482131340912,35.12,25.754432601914903,3190.743119987485,4.250178767274304,2.2695336321251243,4.195800000000006,2.307000000000001,76.82649200377661,39.705117748048885,25.598634278292387,0.5168154462408238,0.6447187599525582,11.109434078655983,42.42431056966848,35.13842155738863,4.1962287898857635,2.3076787931878275,25.822888222587945,3212.4834357982336
1261,126.09999999999711,42.50177917213696,35.13599345690975,7.366416917233818,3212.958753304093,25.689009333685753,118.00803580675917,117.85911200000001,11.09843038197017,0.1,7.376398633957564,3219.482131340912,35.12,25.772664337847708,3196.481353381243,4.250178767274304,2.2695336321251243,4.195800000000006,2.307000000000001,76.82939768113411,39.70501363917002,25.60407889120519,0.516794545285363,0.6448575770276554,11.08041206081878,42.49639863395756,35.147476546298904,4.195912391758929,2.3064816735041256,25.75323898186301,3213.034445760775
1262,126.1999999999971,42.501944501301296,35.13584842507389,7.366663445769538,3213.361721568799,25.688961692353377,117.99295567786645,117.85911200000001,11.100551423588055,0.1,7.397509098310849,3219.482131340912,35.12,25.772664337847708,3196.481353381243,4.250178767274304,2.2695336321251243,4.195800000000006,2.307000000000001,76.83201002768655,39.70491892899732,25.60897213421765,0.5167757411876844,0.6449823554611237,11.09383532810767,42.517509098310846,35.10035850362926,4.19575614960931,2.308170745798145,25.73804848474833,3213.3317115629648
1263,126.2999999999971,42.502093027919116,35.13571813320474,7.366885085436648,3213.7238849850146,25.688918868913884,117.9794029679389,117.85911200000001,11.102457678555643,0.1,7.4335720023599805,3219.482131340912,35.12,25.772664337847708,3196.481353381243,4.250178767274304,2.2695336321251243,4.195800000000006,2.307000000000001,76.83435865429753,39.704832856094,25.613369864427877,0.5167588244568918,0.6450945142436652,11.125712240645768,42.55357200235998,35.187571828556436,4.195955356272293,2.307560908600239,25.71191639760515,3213.744571147345
1264,126.39999999999709,42.50222653427409,35.135601017753245,7.36708435880805,3214.049376547882,25.688880361169105,117.96722278433175,117.85911200000001,11.104170904811172,0.1,7.389769659989824,3219.482131340912,35.12,25.772664337847708,3196.481353381243,4.256664727276613,2.2691307347201386,4.195800000000006,2.307000000000001,76.83647025002531,39.704754692088606,25.61732227739938,0.5167436057758721,0.6451953292763644,11.147051970931818,42.50976965998982,35.17470168648332,4.196541189860838,2.3083800117256077,25.43461407951694,3214.0145777459306
1265,126.49999999999709,42.5023465860192,35.135495705222766,7.367263527646395,3214.3419101333857,25.688845729058173,117.95627600482523,117.85911200000001,11.105710653627561,0.1,7.385885610012615,3219.482131340912,35.12,25.772664337847708,3196.481353381243,4.256664727276613,2.2691307347201386,4.195800000000006,2.307000000000001,76.8383687747653,39.70468376356639,25.620874477918793,0.5167299149719315,0.6452859473830865,11.104104067786707,42.50588561001261,35.14404192414947,4.192716800965137,2.306114362585183,25.6360032681137,3214.4261815600444
1266,126.59999999999708,42.50245455508825,35.13540099206657,7.367424618952159,3214.6048231710547,25.688814583647467,117.94643767012715,117.85911200000001,11.10709449362042,0.1,7.395424092305753,3219.482131340912,35.12,25.772664337847708,3196.481353381243,4.256664727276613,2.2691307347201386,4.195800000000006,2.307000000000001,76.84007571751916,39.70461945355889,25.624066996782318,0.516717599284021,0.6453673992960415,11.092464455170397,42.51542409230575,35.1489214090243,4.1957819847980105,2.3063637463788864,25.68575477505075,3214.585801790988
1267,126.69999999999708,42.502551654020664,35.135315814573985,7.367569451715224,3214.841114966982,25.688786577401086,117.93759552092689,117.85911200000001,11.108338212612697,0.1,7.383920566154735,3219.482131340912,35.12,25.769217644243,3200.6546978167794,4.256664727276613,2.2691307347201386,4.195800000000006,2.307000000000001,76.84161036632757,39.70456119489996,25.6269362564975,0.5167065214486801,0.6454406114879636,11.070902058900684,42.50392056615473,35.132702607408426,4.196547464731056,2.306458684535245,25.639096717280463,3214.7774148617586
1268,126.79999999999707,42.502638966294384,35.13523922225932,7.367699660931088,3215.053481068307,25.688761397295817,117.9296486857937,117.85911200000001,11.109455998923028,0.1,7.3838959329804865,3219.482131340912,35.12,25.769217644243,3200.6546978167794,4.256664727276613,2.2691307347201386,4.195800000000006,2.307000000000001,76.84299005612256,39.704508462995264,25.629514989515435,0.516696557929317,0.645506416819194,11.067921587126722,42.503895932980484,35.170130040147555,4.195652608994356,2.306475887613211,25.64981221035976,3214.8966217706347
1269,126.89999999999706,42.50271746779056,35.13517035903063,7.367816717896871,3215.2443440773245,25.68873876042144,117.92250651208388,117.85911200000001,11.110460603928074,0.1,7.42719132370447,3219.482131340912,35.12,25.769217644243,3200.6546978167794,4.256664727276613,2.2691307347201386,4.195800000000006,2.307000000000001,76.84423038242664,39.704460770893576,25.631832613262073,0.5166875974070984,0.6455655640600508,11.122303664019526,42.54719132370447,35.122799921573325,4.19678786541597,2.306061861161198,25.803924477208234,3215.2195253233117
1270,126.99999999999706,42.502788040510126,35.13510845115575,7.367921947199138,3215.4158813021795,25.688718411090527,117.91608752462164,117.85911200000001,11.111363487829697,0.1,7.388066967376595,3219.482131340912,35.12,25.769217644243,3200.6546978167794,4.257257626562768,2.2687238860081935,4.195800000000006,2.307000000000001,76.84534538258728,39.70441766670169,25.63391556642312,0.516679539522227,0.6456187263998368,11.073279189555606,42.50806696737659,35.09793454685937,4.196171878873763,2.3073205644142827,25.809455994746234,3215.4155814969577
1271,127.09999999999705,42.50285148158417,35.13505279935696,7.368016541247183,3215.570049589891,25.68870011860965,117.91031849550599,117.85911200000001,11.112174950457517,0.1,7.461322335525793,3219.482131340912,35.12,25.769217644243,3200.6546978167794,4.257257626562768,2.2687238860081935,4.195800000000006,2.307000000000001,76.84634769155218,39.70437873232275,25.6357876107055,0.5166722938048949,0.6456665090653032,11.179306974957962,42.58132233552579,35.138470485996066,4.1960531813797814,2.3078968551323022,25.75506357556089,3215.4697079686557
1272,127.19999999999705,42.50290851022257,35.13500277271462,7.368101573101466,3215.708607642393,25.688683675230394,117.90513361031527,117.85911200000001,11.112904248742353,0.1,7.387893882899007,3219.482131340912,35.12,25.769217644243,3200.6546978167794,4.257257626562768,2.2687238860081935,4.195800000000006,2.307000000000001,76.84724867912358,39.70434358252575,25.637470101848617,0.5166657787360952,0.6457094561596506,11.170173540556071,42.507893882899005,35.15300456018667,4.195693037099764,2.3070138313658255,25.798726060270795,3215.7123456762342
1273,127.29999999999704,42.502959774101726,35.13495780306276,7.3681780080673605,3215.8331360764378,25.688668894116734,117.90047371885903,117.85911200000001,11.113559702283029,0.1,7.358964790895406,3219.482131340912,35.12,25.83402053978554,3206.9695586021235,4.257257626562768,2.2687238860081935,4.195800000000006,2.307000000000001,76.84805857345815,39.704311863781015,25.638982233166956,0.5166599208986931,0.6457480568138317,11.162299200527768,42.478964790895404,35.1204963401601,4.195751837370534,2.307950640205033,25.706023601338128,3215.8543837838156
1274,127.39999999999704,42.50300585570167,35.13491737942957,7.368246714280542,3215.94505545613,25.688655607342465,117.8962856611384,117.85911200000001,11.1141487882404,0.1,7.396494860937203,3219.482131340912,35.12,25.83402053978554,3206.9695586021235,4.257257626562768,2.2687238860081935,4.195800000000006,2.307000000000001,76.8487865733837,39.70428325270671,25.64034125447061,0.5166546541992915,0.645782750724323,11.040610447675892,42.5164948609372,35.13173183253287,4.194502967032547,2.306362069330422,25.77799433826886,3215.755947969813
1275,127.49999999999703,42.50304727854913,35.134881042560224,7.368308472370416,3216.0456425015977,25.6886436639876,117.89252166090557,117.85911200000001,11.114678226640871,0.1,7.409481826152138,3219.482131340912,35.12,25.83402053978554,3206.9695586021235,4.257257626562768,2.2687238860081935,4.195800000000006,2.307000000000001,76.84944095070513,39.70425745420957,25.641562668860498,0.5166499191539696,0.6458139331388478,11.08351631856348,42.529481826152136,35.14783229357799,4.196609400538265,2.307441828129747,25.72336385937374,3216.031625545356
1276,127.59999999999702,42.50308451315226,35.134848379710434,7.368363984238371,3216.1360446567164,25.68863292839003,117.88913878026726,117.85911200000001,11.115154057052077,0.1,7.389545835095767,3219.482131340912,35.12,25.83402053978554,3206.9695586021235,4.258990549659353,2.2682466504884453,4.195800000000006,2.307000000000001,76.85002914308009,39.70423419947841,25.64266040961915,0.5166456622359465,0.6458419593433694,11.163627948999878,42.509545835095764,35.092081568812574,4.195649145024934,2.306521489586985,25.667097527766735,3216.0287946739
1277,127.69999999999702,42.50311798245124,35.13481901986472,7.368413880988674,3216.2172931810615,25.688623278575506,117.88609842942803,117.85911200000001,11.115581707495968,0.1,7.362389258550202,3219.482131340912,35.12,25.83402053978554,3206.9695586021235,4.258990549659353,2.2682466504884453,4.195800000000006,2.307000000000001,76.85055783795657,39.70421324396799,25.64364699919321,0.5166418352835696,0.6458671486983585,11.053923204569859,42.4823892585502,35.150027474527676,4.19526353312129,2.306874488947017,25.682299588862218,3216.277780934679
1278,127.79999999999701,42.50314806671301,35.13479262944245,7.368458730066713,3216.2903149152885,25.68861460486133,117.88336592614624,117.85911200000001,11.11596605638075,0.1,7.3822044705420495,3219.482131340912,35.12,25.83402053978554,3206.9695586021235,4.258990549659353,2.2682466504884453,4.195800000000006,2.307000000000001,76.85103304817041,39.70419436545791,25.644533692070397,0.5166383949656373,0.6458897882683342,11.135293379010184,42.50220447054205,35.15763392401001,4.196075662732915,2.307958818050114,25.79710646490969,3216.413250973006
1279,127.89999999999701,42.50317510788433,35.13476890847895,7.3684990416728375,3216.355942854462,25.68860680861483,117.88091009991373,117.85911200000001,11.116311488157402,0.1,7.403880938394558,3219.482131340912,35.12,25.731780845950993,3212.804133300729,4.258990549659353,2.2682466504884453,4.195800000000006,2.307000000000001,76.85146017990918,39.70417736222345,25.645330603179136,0.5166353022997353,0.6459101360850608,11.103238077956407,42.523880938394555,35.15082441655072,4.195408455481088,2.3079475219725567,25.695610829271416,3216.41880629487
1280,127.999999999997,42.50319941346241,35.13474758722999,7.368535274524408,3216.4149256503442,25.688599801144516,117.87870293631046,117.85911200000001,11.116621943337174,0.1,7.342293631183033,3219.482131340912,35.12,25.731780845950993,3212.804133300729,4.258990549659353,2.2682466504884453,4.195800000000006,2.307000000000001,76.85184409378832,39.70416205132629,25.64604682327887,0.5166325222186237,0.6459284240812275,11.129283499159023,42.46229363118303,35.15137801568092,4.1956978576866755,2.3077175448998988,25.640756094706894,3216.503511133165
1281,128.099999999997,42.50322125995186,35.13472842313916,7.368567841035361,3216.4679361513568,25.688593502704755,117.8767192574264,117.85911200000001,11.11690096344248,0.1,7.399832640966721,3219.482131340912,35.12,25.731780845950993,3212.804133300729,4.258990549659353,2.2682466504884453,4.195800000000006,2.307000000000001,76.8521891597566,39.70414826702045,25.646690522661814,0.5166300231797613,0.6459448607279352,11.094351254335034,42.51983264096672,35.08294321717888,4.19508266279478,2.308374966684052,25.727596859569445,3216.5124918211586
1282,128.199999999997,42.503240895967664,35.13471119811572,7.36859711197532,3216.5155790778017,25.688587841599333,117.87493643466496,117.85911200000001,11.11715173140547,0.1,7.375798128371173,3219.482131340912,35.12,25.731780845950993,3212.804133300729,4.260689823172435,2.267857618597972,4.195800000000006,2.307000000000001,76.85249930648082,39.704135859266586,25.647269044352427,0.5166277768134785,0.6459596334059639,11.10502569243726,42.49579812837117,35.0879584856502,4.1953717914657656,2.307308115064598,25.788553720790816,3216.5533785404677
1283,128.299999999997,42.50325854502992,35.13469571608293,7.368623420662358,3216.558397919971,25.68858275337302,117.87333413062932,117.85911200000001,11.117377107875926,0.1,7.373320103365728,3219.482131340912,35.12,25.731780845950993,3212.804133300729,4.260689823172435,2.267857618597972,4.195800000000006,2.307000000000001,76.85277806578179,39.70412469234954,25.64778898786977,0.51662575760586,0.6459729105377247,11.194035665174876,42.493320103365726,35.19476213053593,4.19609590520608,2.306962867837934,25.765994356635012,3216.583945563375
1284,128.399999999997,42.50327440808428,35.13468180076705,7.368647066736477,3216.5968811378316,25.68857818008266,117.87189406713937,117.85911200000001,11.11757966385301,0.1,7.357337881892427,3219.482131340912,35.12,25.731780845950993,3212.804133300729,4.260689823172435,2.267857618597972,4.195800000000006,2.307000000000001,76.85302861262245,39.70411464359546,25.648256284508907,0.5166239426129057,0.6459848435040256,11.01735952177139,42.477337881892424,35.1340165578473,4.196486335531597,2.307164461032676,25.551080225672923,3216.756891096313
1285,128.499999999997,42.503288665774306,35.13466929370387,7.368668319555376,3216.6314677329947,25.688574069640573,117.87059981673298,117.85911200000001,11.11776171001307,0.1,7.417316543228289,3219.482131340912,35.12,25.71811842032766,3215.5115715162847,4.260689823172435,2.267857618597972,4.195800000000006,2.307000000000001,76.85325380109091,39.704105602185734,25.648676265000162,0.5166223112029401,0.6459955683673224,11.150350135639913,42.537316543228286,35.17234741688094,4.197125008195219,2.3081403688217392,25.465939289630214,3216.51663595938
1286,128.59999999999698,42.50330148048856,35.13465805244295,7.368687421249596,3216.6625522565164,25.688570375223613,117.86943661527579,117.85911200000001,11.117925323068034,0.1,7.411179512724232,3219.482131340912,35.12,25.71811842032766,3215.5115715162847,4.260689823172435,2.267857618597972,4.195800000000006,2.307000000000001,76.85345619677365,39.704097468064575,25.649053720317966,0.5166208448245607,0.6460052074209323,11.099703571521056,42.53117951272423,35.141744942509234,4.197295721207733,2.3056612279583018,25.722532078614137,3216.6732266232875
1287,128.69999999999698,42.50331299820287,35.1346479489315,7.36870458947064,3216.6904893096444,25.68856705474169,117.86839119354424,117.85911200000001,11.118072369454978,0.1,7.401892674806341,3219.482131340912,35.12,25.71811842032766,3215.5115715162847,4.260689823172435,2.267857618597972,4.195800000000006,2.307000000000001,76.85363810587506,39.70409015093628,25.649392956332644,0.5166195267976664,0.6460138705817389,11.091628277464528,42.52189267480634,35.160723261353645,4.195980471573117,2.306273170367248,25.781496728508067,3216.6993750302677
1288,128.79999999999697,42.50332335013731,35.134638868060854,7.368720019862539,3216.7155975888495,25.6885640703599,117.86745162586179,117.85911200000001,11.118204526627066,0.1,7.366322651740234,3219.482131340912,35.12,25.71811842032766,3215.5115715162847,4.268240437672873,2.267348238921639,4.195800000000006,2.307000000000001,76.85380160140707,39.704083569347475,25.64969784292865,0.5166183421253238,0.6460216566421607,11.065689025111968,42.48632265174023,35.12802566326886,4.196127391443872,2.307392834421146,25.657554785314662,3216.565197875736
1289,128.89999999999696,42.50333265424598,35.13463070635954,7.368733888284402,3216.7381635212882,25.688561388068873,117.86660719406179,117.85911200000001,11.118323302188703,0.1,7.3878654847291685,3219.482131340912,35.12,25.71811842032766,3215.5115715162847,4.268240437672873,2.267348238921639,4.195800000000006,2.307000000000001,76.85394854674007,39.70407764984891,25.649971858149346,0.5166172773244329,0.6460286543955758,11.194168678670072,42.507865484729166,35.10324377232243,4.196867048924872,2.3076079809055243,25.672123103991286,3216.843703874856
1290,128.99999999999696,42.50334101655649,35.13462337081827,7.368746352808994,3216.758444532165,25.68855897729847,117.86584826522505,117.85911200000001,11.118430051093213,0.1,7.355490335245875,3219.482131340912,35.12,25.71811842032766,3215.5115715162847,4.268240437672873,2.267348238921639,4.195800000000006,2.307000000000001,76.85408061678073,39.704072326231476,25.65021812787205,0.5166163202733346,0.6460349436479744,11.131654304573289,42.47549033524587,35.11651307061168,4.193338711543779,2.3056043862483926,25.624544252784535,3216.693295818453
1291,129.09999999999695,42.50334853237429,35.13461677783344,7.368757555519785,3216.7766719812707,25.688556810570407,117.86516618179684,117.85911200000001,11.118525991099208,0.1,7.380777839878121,3219.482131340912,35.12,25.74315131763787,3213.091039324876,4.268240437672873,2.267348238921639,4.195800000000006,2.307000000000001,76.85419931701405,39.70406753883073,25.650439461465883,0.5166154600746846,0.6460405961273277,11.067778791172396,42.50077783987812,35.095135056282224,4.195660784182005,2.306206271920189,25.718764941976048,3216.763642939043
1292,129.19999999999695,42.50335528736571,35.134610852257154,7.368767624126791,3216.7930538021897,25.688554863185892,117.86455316282965,117.85911200000001,11.118612216661981,0.1,7.389693034109392,3219.482131340912,35.12,25.74315131763787,3213.091039324876,4.268240437672873,2.267348238921639,4.195800000000006,2.307000000000001,76.8543060006253,39.70406323389475,25.6506383838392,0.5166146869320726,0.646045676301,11.067389667916649,42.50969303410939,35.11982642377116,4.196037908919982,2.30727637587717,25.649534303735148,3216.655107728911
1293,129.29999999999694,42.50336135853166,35.13460552654286,7.36877667341939,3216.8077768742837,25.688553112944742,117.86400221522516,117.85911200000001,11.118689711418368,0.1,7.394381211332586,3219.482131340912,35.12,25.74315131763787,3213.091039324876,4.268240437672873,2.267348238921639,4.195800000000006,2.307000000000001,76.85440188389423,39.70405936301014,25.650817164242184,0.5166139920390247,0.6460502421104954,10.989346704177335,42.514381211332584,35.17412565973668,4.195974988267208,2.3085570482817874,25.65858160475696,3216.7930467751667
1294,129.39999999999694,42.50336681508348,35.13460073997731,7.368784806572545,3216.8210091545093,25.68855153989283,117.86350705396286,117.85911200000001,11.118759359407491,0.1,7.373273513246559,3219.482131340912,35.12,25.74315131763787,3213.091039324876,4.271810100986488,2.266932550003249,4.195800000000006,2.307000000000001,76.85448806003602,39.70405588258147,25.65097784215309,0.5166133674791518,0.6460543456318881,10.99242143017787,42.49327351324656,35.17908522883259,4.195323943725922,2.3070961796608684,25.73491174024548,3216.8126974897023
1295,129.49999999999693,42.50337171923012,35.134596437989785,7.368792116321162,3216.8329015933828,25.68855012609502,117.86306203040547,117.85911200000001,11.1188219551554,0.1,7.361599685522762,3219.482131340912,35.12,25.74315131763787,3213.091039324876,4.271810100986488,2.266932550003249,4.195800000000006,2.307000000000001,76.85456551164474,39.70405275335954,25.65112225054352,0.5166128061363345,0.6460580336694486,11.184789538917721,42.48159968552276,35.127161309475746,4.197304030144748,2.3064977439367333,25.57179707836086,3216.956991626112
1296,129.59999999999692,42.50337612688617,35.134592571531115,7.368798686015857,3216.8435898569496,25.688548855430998,117.86266206786347,117.85911200000001,11.1188782127386,0.1,7.372454293839162,3219.482131340912,35.12,25.74315131763787,3213.091039324876,4.271810100986488,2.266932550003249,4.195800000000006,2.307000000000001,76.8546351218803,39.70404994001434,25.651252036787962,0.5166123016139427,0.6460613482892142,11.003897478347431,42.49245429383916,35.15485402094123,4.1947808877655515,2.307784410987692,25.517901285726264,3216.718399647894
1297,129.69999999999692,42.50338008830833,35.13458909651536,7.3688045905721,3216.8531958744,25.68854771341175,117.86230260368373,117.85911200000001,11.1189287739299,0.1,7.411018752668603,3219.482131340912,35.12,25.741644912923558,3214.196009791293,4.271810100986488,2.266932550003249,4.195800000000006,2.307000000000001,76.85469768452555,39.704047410748814,25.65136868145629,0.516611848162186,0.6460643272985782,11.12197536615853,42.5310187526686,35.14051842708501,4.19621648562825,2.3079106196322003,25.80768378076305,3216.8586922906416
1298,129.7999999999969,42.50338364866754,35.134585973317876,7.3688098973234295,3216.8618292289843,25.688546687014576,117.86197953720168,117.85911200000001,11.118974215519444,0.1,7.4665072311232805,3219.482131340912,35.12,25.741644912923558,3214.196009791293,4.271810100986488,2.266932550003249,4.195800000000006,2.307000000000001,76.85475391302683,39.7040451369495,25.651473515203367,0.5166114406127803,0.6460670046773525,11.104430937376756,42.58650723112328,35.12624106847667,4.196456252323042,2.3078338573647064,25.77355328596264,3216.877175884848
1299,129.8999999999969,42.503386848563366,35.13458316632407,7.368814666788467,3216.8695884080926,25.688545764534755,117.86168918296353,117.85911200000001,11.119015055894492,0.1,7.432641730522384,3219.482131340912,35.12,25.741644912923558,3214.196009791293,4.271810100986488,2.266932550003249,4.195800000000006,2.307000000000001,76.85480444862124,39.704043092871274,25.651567733948603,0.5166110743202023,0.6460694109652086,11.028648941983699,42.55264173052238,35.11589501450341,4.195769275072563,2.305691617224851,25.59155494819563,3216.7936634407747
1300,129.9999999999969,42.50338972448645,35.13458064352383,7.368818953360387,3216.876561926761,25.688544935452224,117.8614282286847,117.85911200000001,11.119051760952967,0.1,7.3620847762218204,3219.482131340912,35.12,25.741644912923558,3214.196009791293,4.274155946903841,2.2664601030821316,4.195800000000006,2.307000000000001,76.85484986764216,39.70404125535233,25.651652412518505,0.5166107451088618,0.6460715736099161,11.132724288737501,42.48208477622182,35.15630512613115,4.195995467974305,2.306918391675988,25.483542192661986,3216.824237213483
1301,130.0999999999969,42.503392309234144,35.13457837614682,7.368822805926696,3216.882829337419,25.688544190311717,117.861193697465,117.85911200000001,11.119084749418231,0.1,7.4551795685925555,3219.482131340912,35.12,25.741644912923558,3214.196009791293,4.274155946903841,2.2664601030821316,4.195800000000006,2.307000000000001,76.8548906880863,39.70403960355714,25.65172851690787,0.5166104492256065,0.6460735172803347,11.066557376845543,42.57517956859255,35.161707769503536,4.196193937226582,2.30680248137133,25.788999325047502,3216.9943605584594
1302,130.1999999999969,42.5033946322842,35.13457633833473,7.368826268426336,3216.888462137395,25.688543520615035,117.86098291382973,117.85911200000001,11.119114397615737,0.1,7.343832886801771,3219.482131340912,35.12,25.741644912923558,3214.196009791293,4.274155946903841,2.2664601030821316,4.195800000000006,2.307000000000001,76.85492737551675,39.704038118744606,25.651796915299517,0.5166101832970166,0.6460752641477314,11.084896212719707,42.46383288680177,35.105465369001344,4.196844407055568,2.3068784507222455,25.99875434767043,3216.844562358077
1303,130.29999999999688,42.50339672013057,35.13457450684665,7.368829380350449,3216.893524584533,25.6885429187242,117.8607934732091,117.85911200000001,11.119141043766009,0.1,7.4354019351123455,3219.482131340912,35.12,25.747308761007275,3215.680225286421,4.274155946903841,2.2664601030821316,4.195800000000006,2.307000000000001,76.85496034836896,39.70403678405884,25.65185838796819,0.5166099442910123,0.6460768341386235,11.137507055809994,42.55540193511234,35.08643291754708,4.194911052515403,2.3068149097444763,25.75826665160683,3216.9698607433315
1304,130.39999999999688,42.50339859658544,35.1345728607942,7.368832177192499,3216.8980744302294,25.6885423777744,117.86062321450802,117.85911200000001,11.119164991842943,0.1,7.407707299029774,3219.482131340912,35.12,25.747308761007275,3215.680225286421,4.274155946903841,2.2664601030821316,4.195800000000006,2.307000000000001,76.85498998272008,39.70403558434077,25.65191363618168,0.5166097294823374,0.6460782451620299,11.134102443855635,42.52770729902977,35.12528557531953,4.19595462370362,2.308893568181637,25.787568413027568,3216.9961076063455
1305,130.49999999999687,42.50340028305054,35.134571381403475,7.368834690852868,3216.9021635782383,25.68854189159575,117.8604701954532,117.85911200000001,11.119186515041466,0.1,7.344669063129238,3219.482131340912,35.12,25.747308761007275,3215.680225286421,4.274155946903841,2.2664601030821316,4.195800000000006,2.307000000000001,76.8550166165761,39.70403450595812,25.651963290200673,0.5166095364215268,0.6460795133137226,11.116710360254611,42.464669063129236,35.1543162145005,4.195403345743135,2.3075572852942217,25.693819115793872,3216.7861302458746
1306,130.59999999999687,42.50340179876109,35.13457005180104,7.36883695000251,3216.9058386767792,25.688541454642962,117.86033267043645,117.85911200000001,11.119205858894043,0.1,7.412441908836698,3219.482131340912,35.12,25.747308761007275,3215.680225286421,4.275932562158759,2.266018831519875,4.195800000000006,2.307000000000001,76.85504055372488,39.70403353665246,25.652007916468566,0.5166093629070131,0.6460806530597986,11.110834286823083,42.532441908836695,35.151158894378206,4.195241200515622,2.3069145280280137,25.7382398988299,3216.894098781183
1307,130.69999999999686,42.50340316100511,35.134568856821616,7.368838980409819,3216.909141650684,25.688541061932114,117.86020907060148,117.85911200000001,11.119223244071645,0.1,7.41371497949924,3219.482131340912,35.12,25.747308761007275,3215.680225286421,4.275932562158759,2.266018831519875,4.195800000000006,2.307000000000001,76.85506206719965,39.70403266540129,25.65204802407329,0.5166092069600482,0.6460816774016732,11.152289805113758,42.53371497949924,35.13998278354432,4.196095116965161,2.3066668472442147,25.65207709973494,3216.8202549168604
1308,130.79999999999686,42.50340438532045,35.13456778283516,7.368840805234435,3216.9121101796663,25.68854070898385,117.86009798594692,117.85911200000001,11.119238868901105,0.1,7.357110299605516,3219.482131340912,35.12,25.747308761007275,3215.680225286421,4.275932562158759,2.266018831519875,4.195800000000006,2.307000000000001,76.85508140239219,39.704031882293975,25.65208407055486,0.5166090668021613,0.6460825980243687,11.13901871736967,42.47711029960551,35.11418362745277,4.194665592778591,2.308001962861998,25.705729795037456,3216.9509744324246
1309,130.89999999999685,42.50340548567195,35.134566817591526,7.368842445291301,3216.914778128161,25.688540391772296,117.85999814924148,117.85911200000001,11.11925291162758,0.1,7.367654530275864,3219.482131340912,35.12,25.70964046168234,3215.252766766063,4.275932562158759,2.266018831519875,4.195800000000006,2.307000000000001,76.8550987798505,39.70403117841992,25.652116467124838,0.5166089408348966,0.6460834254297929,11.087783583106528,42.48765453027586,35.085772647123,4.197136848351008,2.305289788701132,25.75586463487584,3216.95486179744
1310,130.99999999999685,42.5034064746107,35.13456595008072,7.368843919288015,3216.917175931641,25.68854010667916,117.8599084215678,117.85911200000001,11.119265532447917,0.1,7.373884370077356,3219.482131340912,35.12,25.70964046168234,3215.252766766063,4.275932562158759,2.266018831519875,4.195800000000006,2.307000000000001,76.85511439779391,39.70403054576799,25.652145583357353,0.5166088276215964,0.6460841690565238,11.051411158813202,42.49388437007735,35.11899669656241,4.195291616552552,2.307677266176186,25.645965849712457,3216.873236065862
1311,131.09999999999684,42.503407363417054,35.13456517040744,7.368845244038152,3216.9193309438187,25.68853985045248,117.85982777933003,117.85911200000001,11.119276875338153,0.1,7.3760214515027585,3219.482131340912,35.12,25.70964046168234,3215.252766766063,4.275932562158759,2.266018831519875,4.195800000000006,2.307000000000001,76.85512843437328,39.70402997713599,25.652171751405128,0.5166087258710305,0.6460848373874697,11.18946102797254,42.496021451502756,35.180567917078726,4.195102120596754,2.307896931653864,25.776056343469065,3216.8885886760727
1312,131.19999999999683,42.50340816222936,35.13456446967821,7.368846434653,3216.921267748691,25.68853962016952,117.859755302577,117.85911200000001,11.119287069695945,0.1,7.39639813506686,3219.482131340912,35.12,25.70964046168234,3215.252766766063,4.274490395392048,2.265507578734488,4.195800000000006,2.307000000000001,76.8551410497026,39.70402946604918,25.652195269788553,0.5166086344226782,0.6460854380466265,11.09183950681273,42.51639813506686,35.09179149852997,4.194386610931038,2.3074563950471543,25.784930852537077,3216.7549182232483
1313,131.29999999999683,42.50340888015951,35.13456383989993,7.3688475047139015,3216.9230084409874,25.688539413203472,117.85969016450751,117.85911200000001,11.119296231816719,0.1,7.474401955464536,3219.482131340912,35.12,25.70964046168234,3215.252766766063,4.274490395392048,2.265507578734488,4.195800000000006,2.307000000000001,76.855152387685,39.70402900668692,25.65221640680118,0.5166085522334994,0.646085977886044,11.079163188688563,42.594401955464534,35.16292081963799,4.196995279095155,2.3074896508686273,25.531147495029614,3216.9535517612867
1314,131.39999999999682,42.50340952539686,35.13456327388879,7.3688484664271225,3216.924572878221,25.68853922719347,117.8596316220386,117.85911200000001,11.119304466220337,0.1,7.358162642115197,3219.482131340912,35.12,25.70964046168234,3215.252766766063,4.274490395392048,2.265507578734488,4.195800000000006,2.307000000000001,76.85516257765389,39.704028593816815,25.652235403570327,0.5166084783660455,0.6460864630639823,11.056960065247731,42.478162642115194,35.098117148079545,4.195950641856394,2.3082651550340287,25.75014846682796,3217.1018489770445
1315,131.49999999999682,42.50341010530164,35.13456276518828,7.3688493307630765,3216.9259789072216,25.68853906001768,117.8595790073285,117.85911200000001,11.119311866843438,0.1,7.375415037134054,3219.482131340912,35.12,25.756309282740965,3215.7214418859835,4.274490395392048,2.265507578734488,4.195800000000006,2.307000000000001,76.85517173584788,39.70402822273527,25.65225247680782,0.5166084119777713,0.6460868991151598,11.127942984644772,42.49541503713405,35.144489636281484,4.19502928139071,2.3060466568443,25.70482943823927,3216.889667551193
1316,131.5999999999968,42.503410626488886,35.13456230799561,7.368850107581442,3216.927242567726,25.6885389097691,117.85953172015813,117.85911200000001,11.119318518111047,0.1,7.413099366367199,3219.482131340912,35.12,25.756309282740965,3215.7214418859835,4.274490395392048,2.265507578734488,4.195800000000006,2.307000000000001,76.85517996673666,39.70402788921421,25.652267821282194,0.5166083523114295,0.6460872910138862,11.117618259500208,42.533099366367196,35.10591730452252,4.195184797831598,2.305981231025642,25.51780772268741,3216.9127239970558
1317,131.6999999999968,42.50341109490385,35.134561897095516,7.368850805743607,3216.928378275357,25.688538774733814,117.85948922108395,117.85911200000001,11.119324495899683,0.1,7.370295733340647,3219.482131340912,35.12,25.756309282740965,3215.7214418859835,4.274490395392048,2.265507578734488,4.195800000000006,2.307000000000001,76.85518736421241,39.70402758945304,25.65228161204058,0.5166082986864359,0.6460876432308051,11.133075978358809,42.490295733340645,35.07886941657243,4.195782170620453,2.3066100096545954,25.924889632245453,3216.827661515276
1318,131.7999999999968,42.503411515889866,35.13456152780077,7.368851433213747,3216.929398986074,25.688538653371435,117.85945102528402,117.85911200000001,11.119329868402938,0.1,7.366970279504876,3219.482131340912,35.12,25.756309282740965,3215.7214418859835,4.276749321748154,2.2651023216567783,4.195800000000006,2.307000000000001,76.85519401266072,39.704027320035514,25.652294006405587,0.5166082504911104,0.6460879597838903,11.125941306605046,42.486970279504874,35.14838735931975,4.195443694475827,2.306551198419305,25.584564832438865,3216.931631565375
1319,131.8999999999968,42.503411894249226,35.13456119589871,7.36885199714966,3216.930316343972,25.688538544297536,117.85941669702738,117.85911200000001,11.11933469690941,0.1,7.4121754703773775,3219.482131340912,35.12,25.756309282740965,3215.7214418859835,4.276749321748154,2.2651023216567783,4.195800000000006,2.307000000000001,76.85519998792307,39.70402707789085,25.65230514577002,0.5166082071757004,0.6460882442842802,11.190970132202882,42.532175470377375,35.1741309797566,4.194392585216612,2.3056877757994423,25.726541044798445,3216.91555863887
1320,131.9999999999968,42.50341223429801,35.134560897603215,7.368852503984412,3216.931140814116,25.68853844626787,117.85938584470331,117.85911200000001,11.11933903650189,0.1,7.444166867463217,3219.482131340912,35.12,25.756309282740965,3215.7214418859835,4.276749321748154,2.2651023216567783,4.195800000000006,2.307000000000001,76.85520535816192,39.70402686025892,25.65231515720987,0.5166081682461136,0.6460884999774702,11.120416417798276,42.564166867463214,35.12201448359683,4.195721384108763,2.306672959425404,25.547820641225936,3216.957150542737
1321,132.09999999999678,42.50341253991529,35.134560629511505,7.368852959499709,3216.9318818019224,25.68853835816417,117.8593581163538,117.85911200000001,11.119342936685713,0.1,7.39622297277338,3219.482131340912,35.12,25.81996994366586,3218.5202127263747,4.276749321748154,2.2651023216567783,4.195800000000006,2.307000000000001,76.85521018463824,39.70402666465878,25.65232415493395,0.5166081332582809,0.6460887297803353,11.178643884079122,42.51622297277338,35.17193450264274,4.195835802309906,2.3069521576701515,25.839313338825438,3216.905893661252
1322,132.19999999999678,42.50341281458739,35.13456038856535,7.368853368891848,3216.932547760456,25.688538278981394,117.85933319565864,117.85911200000001,11.119346441953523,0.1,7.416124015366265,3219.482131340912,35.12,25.81996994366586,3218.5202127263747,4.276749321748154,2.2651023216567783,4.195800000000006,2.307000000000001,76.8552145224101,39.70402648886048,25.652332241586787,0.5166081018130948,0.646088936314404,11.075418583001282,42.53612401536626,35.17945953558814,4.195031412250606,2.306109771595811,25.844888192391604,3216.9409293093963
1323,132.29999999999677,42.50341306144762,35.13456017201615,7.368853736830988,3216.9331462868613,25.68853820781626,117.85931079832677,117.85911200000001,11.119349592292828,0.1,7.360492059985923,3219.482131340912,35.12,25.81996994366586,3218.5202127263747,4.276749321748154,2.2651023216567783,4.195800000000006,2.307000000000001,76.85521842096082,39.704026330859705,25.652339509419562,0.5166080735518562,0.6460891219357631,11.029181454526313,42.48049205998592,35.12981159571371,4.198851614811316,2.3072751771040956,25.703235041556617,3216.9855235301757
1324,132.39999999999677,42.50341328331203,35.13455997739362,7.3688540675144285,3216.933684209028,25.688538143856956,117.85929066885328,117.85911200000001,11.119352423642175,0.1,7.3593040591845025,3219.482131340912,35.12,25.81996994366586,3218.5202127263747,4.282859808788484,2.264635945547108,4.195800000000006,2.307000000000001,76.85522192476355,39.704026188854954,25.652346041342508,0.5166080481521829,0.6460892887619343,11.192484478768526,42.4793040591845,35.147359581683034,4.195676111344458,2.3051666411048037,25.655984329794382,3216.9052888813126
1325,132.49999999999676,42.503413482711565,35.1345598024776,7.368854364714469,3216.934167663482,25.688538086373853,117.8592725776045,117.85911200000001,11.119354968301128,0.1,7.393072859151559,3219.482131340912,35.12,25.81996994366586,3218.5202127263747,4.282859808788484,2.264635945547108,4.195800000000006,2.307000000000001,76.85522507378819,39.70402606122699,25.65235191187071,0.5166080253243344,0.6460894386960304,11.133757377992037,42.513072859151556,35.11350699744202,4.194874879091535,2.3083456979118506,25.6844992962899,3216.8888599208112
1326,132.59999999999675,42.503413661920874,35.13455964527271,7.368854631821461,3216.9346021653932,25.68853803471121,117.85925631819855,117.85911200000001,11.119357255298729,0.1,7.3704353894466905,3219.482131340912,35.12,25.81996994366586,3218.5202127263747,4.282859808788484,2.264635945547108,4.195800000000006,2.307000000000001,76.8552279039577,39.70402594652049,25.652357187974175,0.516608004807906,0.6460895734484642,11.139775351775711,42.49043538944669,35.08868177117826,4.19559367315879,2.3085863037469503,25.567017697490275,3217.1493368943047
1327,132.69999999999675,42.50341382298433,35.13455950398562,7.368854871882466,3216.9349926714867,25.68853798827968,117.85924170515082,117.85911200000001,11.119359310724674,0.1,7.3773144424759565,3219.482131340912,35.12,25.792641516159346,3213.5665860657514,4.282859808788484,2.264635945547108,4.195800000000006,2.307000000000001,76.85523044755764,39.70402584342737,25.65236192984183,0.5166079863688589,0.6460896945564613,11.038773091236916,42.497314442475954,35.15313306613415,4.195501477778619,2.307200031774196,25.849299922142787,3216.916951961968
1328,132.79999999999674,42.50341396773928,35.13455937700459,7.3688550876360175,3216.9353436365923,25.688537946549587,117.85922857175815,117.85911200000001,11.119361158026921,0.1,7.355747027968135,3219.482131340912,35.12,25.792641516159346,3213.5665860657514,4.282859808788484,2.264635945547108,4.195800000000006,2.307000000000001,76.85523273360457,39.70402575077197,25.652366191568117,0.5166079697968513,0.6460898034015947,11.130073218194905,42.47574702796813,35.09858699720509,4.19715017188177,2.3079705292093826,25.63439045989763,3216.879690515217
1329,132.89999999999674,42.50341409783701,35.134559262881055,7.368855281543367,3216.935659064462,25.68853790904489,117.85921676819694,117.85911200000001,11.11936281827919,0.1,7.390440995555693,3219.482131340912,35.12,25.792641516159346,3213.5665860657514,4.282859808788484,2.264635945547108,4.195800000000006,2.307000000000001,76.85523478817699,39.7040256674976,25.652370021770103,0.5166079549028385,0.6460899012255469,11.165292747233241,42.51044099555569,35.11095743083088,4.197397127279034,2.3073972636518385,25.66007818339249,3217.1201671011245
1330,132.99999999999673,42.50341421476166,35.134559160313145,7.368855455816552,3216.935942553445,25.68853787533774,117.85920615981416,117.85911200000001,11.119364310421366,0.1,7.443242059079999,3219.482131340912,35.12,25.792641516159346,3213.5665860657514,4.28145043171167,2.2641218769355027,4.195800000000006,2.307000000000001,76.85523663471285,39.70402559265457,25.6523734641421,0.5166079415169171,0.6460899891442724,11.16016712274476,42.56324205908,35.127757041499414,4.194918687638401,2.3072550678952632,25.689734726469435,3216.7140954616657
1331,133.09999999999673,42.50341431984707,35.13455906813078,7.36885561244363,3216.936197337537,25.688537845043623,117.85919662559114,117.85911200000001,11.119365651475562,0.1,7.421532214042799,3219.482131340912,35.12,25.792641516159346,3213.5665860657514,4.28145043171167,2.2641218769355027,4.195800000000006,2.307000000000001,76.85523829427693,39.70402552538926,25.65237655795413,0.5166079294863867,0.6460900681607304,11.052175847620505,42.541532214042796,35.15233541774092,4.19582616401436,2.307728121624305,25.861151763737343,3216.8548412990585
1332,133.19999999999672,42.50341441429201,35.134558985282375,7.368855753211361,3216.9364263232737,25.68853781781695,117.859188056763,117.85911200000001,11.119366856740303,0.1,7.326056229866985,3219.482131340912,35.12,25.792641516159346,3213.5665860657514,4.28145043171167,2.2641218769355027,4.195800000000006,2.307000000000001,76.85523978580107,39.70402546493451,25.652379338499887,0.516607918674008,0.646090139176325,11.03899238516108,42.44605622986698,35.189212141842,4.194348742922785,2.3081765047207576,25.66534583187509,3217.0475345534646
1333,133.29999999999671,42.503414499173886,35.13455891082282,7.368855879725585,3216.9366321228867,25.688537793347127,117.859180355578,117.85911200000001,11.119367939965054,0.1,7.397823714983502,3219.482131340912,35.12,25.745554626888502,3218.190983146575,4.28145043171167,2.2641218769355027,4.195800000000006,2.307000000000001,76.85524112630017,39.704025410600785,25.652381837499387,0.5166079089564383,0.646090203001188,11.151454332045592,42.5178237149835,35.10231351588244,4.197712300836954,2.3068747702035792,25.758799526728485,3217.009131760941
1334,133.3999999999967,42.50341457546101,35.13455884390271,7.368855993429546,3216.9368170841044,25.68853777135501,117.85917343418228,117.85911200000001,11.119368913507063,0.1,7.3806073586180005,3219.482131340912,35.12,25.745554626888502,3218.190983146575,4.28145043171167,2.2641218769355027,4.195800000000006,2.307000000000001,76.85524233106635,39.70402536176837,25.652384083460806,0.5166079002228225,0.6460902603634212,11.124587063063622,42.500607358618,35.14171650969381,4.196838270989178,2.306856196354443,25.818221975843922,3216.9250891269344
1335,133.4999999999967,42.503414644023636,35.13455878375862,7.368856095620348,3216.9369833169344,25.68853775158971,117.85916721361771,117.85911200000001,11.119369788472342,0.1,7.397975694705089,3219.482131340912,35.12,25.745554626888502,3218.190983146575,4.28145043171167,2.2641218769355027,4.195800000000006,2.307000000000001,76.85524341384325,39.70402531788029,25.652386102005703,0.5166078923735313,0.6460903119174021,11.134477644164656,42.517975694705086,35.19552864196282,4.196034014176793,2.3044524434875964,25.604198917464377,3216.8101080200495
1336,133.5999999999967,42.50341470564392,35.13455872970445,7.368856187463766,3216.937132717733,25.688537733825758,117.85916162292105,117.85911200000001,11.119370574842351,0.1,7.356708426530169,3219.482131340912,35.12,25.745554626888502,3218.190983146575,4.289038280126216,2.263654863273268,4.195800000000006,2.307000000000001,76.85524438698299,39.70402527843593,25.652387916161313,0.5166078853190221,0.6460903582512489,11.129467484222223,42.476708426530166,35.15978954743114,4.195361047121833,2.3064746828076195,25.745028263499396,3216.710901438835
1337,133.6999999999967,42.50341476102483,35.13455868112356,7.368856270007525,3216.937266990841,25.688537717860505,117.85915659831461,117.85911200000001,11.11937128158787,0.1,7.442754526958183,3219.482131340912,35.12,25.745554626888502,3218.190983146575,4.289038280126216,2.263654863273268,4.195800000000006,2.307000000000001,76.85524526158689,39.70402524298538,25.652389546623226,0.5166078789788197,0.6460903998935298,11.112029790526083,42.56275452695818,35.16637820786547,4.1951343547347815,2.308061523533341,25.594238217860166,3216.986287427867
1338,133.7999999999967,42.50341481079809,35.134558637461765,7.368856344193263,3216.937387668024,25.688537703511827,117.8591520824785,117.85911200000001,11.119371916771335,0.1,7.376595913677214,3219.482131340912,35.12,25.745554626888502,3218.190983146575,4.289038280126216,2.263654863273268,4.195800000000006,2.307000000000001,76.85524604763222,39.70402521112428,25.65239101199148,0.5166078732805969,0.6460904373192919,11.094235577412944,42.49659591367721,35.17826177870594,4.197206802970165,2.3068980549694267,25.63905069050193,3216.943679933254
1339,133.89999999999668,42.50341485553153,35.13455859822097,7.368856410867281,3216.937496125947,25.68853769061603,117.8591480238968,117.85911200000001,11.119372487638818,0.1,7.416764962680553,3219.482131340912,35.12,25.7225249232915,3218.2891322908035,4.289038280126216,2.263654863273268,4.195800000000006,2.307000000000001,76.85524675408607,39.704025182489204,25.652392328982764,0.51660786815935,0.6460904709554819,11.11343646466987,42.53676496268055,35.10253686179939,4.1954999698542,2.307657015201559,25.78870668567387,3216.910357674241
1340,133.99999999999667,42.503414895735474,35.13455856295352,7.368856470790176,3216.937593601881,25.688537679026005,117.85914437626982,117.85911200000001,11.119373000702682,0.1,7.374356475375414,3219.482131340912,35.12,25.7225249232915,3218.2891322908035,4.289038280126216,2.263654863273268,4.195800000000006,2.307000000000001,76.85524738900745,39.70402515675351,25.652393512621096,0.5166078635566574,0.6460905011858153,11.053363091631613,42.49435647537541,35.14143923681411,4.194759220997363,2.306457411156849,25.54145576192298,3217.1033868770737
1341,134.09999999999667,42.503414931868534,35.1345585312571,7.36885652464554,3216.9376812078153,25.688537668609538,117.8591410979861,117.85911200000001,11.119373461815876,0.1,7.379183662872165,3219.482131340912,35.12,25.7225249232915,3218.2891322908035,4.289038280126216,2.263654863273268,4.195800000000006,2.307000000000001,76.85524795963947,39.704025133623645,25.652394576409236,0.5166078594200127,0.6460905283551546,11.138693982708125,42.49918366287216,35.172456300173565,4.195226879226775,2.3077468710417044,25.685176960443034,3217.009100806456
1342,134.19999999999666,42.50341496434291,35.13455850277013,7.3688565730477436,3216.9377599431446,25.688537659247796,117.85913815164747,117.85911200000001,11.119373876238702,0.1,7.34502838712293,3219.482131340912,35.12,25.7225249232915,3218.2891322908035,4.295393322598372,2.263305748491927,4.195800000000006,2.307000000000001,76.85524847249175,39.70402511283576,25.652395532482696,0.5166078557022262,0.6460905527734425,11.15257812711006,42.46502838712293,35.16527595557226,4.195747412399326,2.306548191126021,25.408796445465896,3217.0374391215373
1343,134.29999999999666,42.50341499352908,35.13455847716762,7.36885661654895,3216.9378307060683,25.688537650833982,117.85913550364258,117.85911200000001,11.119374248698833,0.1,7.34725545054318,3219.482131340912,35.12,25.7225249232915,3218.2891322908035,4.295393322598372,2.263305748491927,4.195800000000006,2.307000000000001,76.85524893341484,39.70402509415271,25.652396391748216,0.5166078523608859,0.646090574719239,11.069498462298432,42.46725545054318,35.07597350555799,4.194823976216092,2.305943356103775,25.716176467808705,3216.8769933254302
1344,134.39999999999665,42.503415019759984,35.13455845415751,7.368856655645413,3216.9378943038387,25.688537643272117,117.85913312376343,117.85911200000001,11.11937458344523,0.1,7.409700738944579,3219.482131340912,35.12,25.7225249232915,3218.2891322908035,4.295393322598372,2.263305748491927,4.195800000000006,2.307000000000001,76.85524934766687,39.7040250773614,25.652397164008157,0.516607849357875,0.646090594442898,11.095493104768734,42.52970073894458,35.10069170137355,4.196166251303135,2.305711168558493,25.668427167006538,3216.9252837873973
1345,134.49999999999665,42.503415043334854,35.13455843347731,7.368856690783135,3216.9379514619686,25.68853763647593,117.85913098486074,117.85911200000001,11.11937488429663,0.1,7.387659562447958,3219.482131340912,35.12,25.82061325033018,3221.907768507672,4.295393322598372,2.263305748491927,4.195800000000006,2.307000000000001,76.8552497199735,39.70402506227028,25.652397858072334,0.5166078466589358,0.6460906121694233,11.234944979963768,42.507659562447955,35.12180503996421,4.194679972441703,2.3054121648014667,25.992817825657596,3216.856779119641
1346,134.59999999999664,42.50341506452264,35.13455841489109,7.368856722362963,3216.9380028325086,25.688537630367897,117.85912906253427,117.85911200000001,11.11937515468509,0.1,7.346771933705995,3219.482131340912,35.12,25.82061325033018,3221.907768507672,4.295393322598372,2.263305748491927,4.195800000000006,2.307000000000001,76.85525005458196,39.7040250487072,25.652398481858512,0.5166078442332792,0.6460906281010362,11.088871826943395,42.46677193370599,35.1276003902063,4.1935863941878475,2.3057383309183535,25.67341205266554,3217.014129657972
1347,134.69999999999663,42.503415083565045,35.134558398186826,7.368856750745157,3216.9380490014855,25.688537624878336,117.85912733485442,117.85911200000001,11.119375397695162,0.1,7.368408225880479,3219.482131340912,35.12,25.82061325033018,3221.907768507672,4.295393322598372,2.263305748491927,4.195800000000006,2.307000000000001,76.85525035530944,39.70402503651744,25.65239904248275,0.5166078420532338,0.6460906424194819,11.213896466334289,42.48840822588048,35.1992941334382,4.195609421961861,2.3083995981196628,25.562917161199724,3216.9002189040957
1348,134.79999999999663,42.503415100679305,35.13455838317397,7.368856776253489,3216.938090495588,25.688537619944626,117.8591257821121,117.85911200000001,11.119375616099065,0.1,7.382435144375435,3219.482131340912,35.12,25.82061325033018,3221.907768507672,4.2973550992134095,2.262894507114071,4.195800000000006,2.307000000000001,76.85525062558654,39.704025025561954,25.65239954634055,0.5166078400939305,0.6460906552881027,11.124692205043107,42.50243514437543,35.16265186943328,4.196911241485264,2.3066944644181735,25.73731116799933,3217.1805207761618
1349,134.89999999999662,42.50341511606064,35.134558369681244,7.368856799178957,3216.9381277881735,25.688537615510484,117.85912438659388,117.85911200000001,11.119375812388315,0.1,7.37775606093129,3219.482131340912,35.12,25.82061325033018,3221.907768507672,4.2973550992134095,2.262894507114071,4.195800000000006,2.307000000000001,76.85525086849653,39.70402501571576,25.652399999179853,0.5166078383330175,0.6460906668537019,11.055285930790895,42.49775606093129,35.13226790240737,4.196821248710175,2.3084363270253037,25.657096055532016,3216.9300517011757
1350,134.99999999999662,42.503415129884516,35.134558357554745,7.368856819783089,3216.93816130467,25.688537611525323,117.85912313237992,117.85911200000001,11.11937598880215,0.1,7.3820819999114775,3219.482131340912,35.12,25.82061325033018,3221.907768507672,4.2973550992134095,2.262894507114071,4.252500000000007,2.307000000000001,76.85525108681045,39.704025006866544,25.652400406166567,0.5166078367504073,0.6460906772482174,11.186286761169896,42.502081999911475,35.10767236705438,4.252213440263699,2.3064174352081865,25.89742383801018,3216.8519384949027
1351,135.0999999999966,42.503415142308654,35.13455834665612,7.465979386744811,3216.938191427428,25.688537607943683,118.67495869190694,117.85911200000001,11.119376147353066,0.1,7.361771473790768,3219.482131340912,35.12,25.777122636086343,3215.385230708785,4.2973550992134095,2.262894507114071,4.252500000000007,2.307000000000001,77.94052799659254,39.97886159751043,25.652400771943533,0.5129406051657522,0.6416491052246711,11.083332221330357,42.481771473790765,35.162861176117815,4.254633496376362,2.3054940127391954,25.65701693001277,3216.9148021989895
1352,135.1999999999966,42.503415153474776,35.13455833686104,7.465979402186923,3219.14576544033,25.681207070975855,118.67495770122095,117.85911200000001,11.11937628984979,0.1,7.439822935237444,3219.482131340912,35.12,25.777122636086343,3215.385230708785,4.2973550992134095,2.262894507114071,4.252500000000007,2.307000000000001,77.91828689049788,40.006296138157744,25.652401100683473,0.5134391133929884,0.6412090989902057,11.09295824291759,42.55982293523744,35.14137173691418,4.25282322966495,2.3068671651081245,25.60468729956263,3219.126971116299
1353,135.2999999999966,42.526268835525684,35.11451363220717,7.474064232332804,3221.3533367725654,25.673876534424593,118.585523102137,117.85911200000001,11.129819293175327,0.1,7.444080977706385,3219.482131340912,35.12,25.777122636086343,3215.385230708785,4.2973550992134095,2.262894507114071,4.252500000000007,2.307000000000001,77.98633638839692,40.00356117129994,25.676493109355487,0.5129560256821067,0.641855183827403,11.100884929072889,42.56408097770638,35.07462261621702,4.253264238335582,2.3064722689453396,25.586819981729477,3221.347494238291
1354,135.3999999999966,42.54912251627789,35.09447464950864,7.481739700157935,3223.318909824057,25.669173626115807,118.49253754707692,117.85911200000001,11.140262283819881,0.1,7.433607502777541,3219.482131340912,35.12,25.777122636086343,3215.385230708785,4.296266683822465,2.264690874555174,4.252500000000007,2.307000000000001,78.05775429545261,39.99658331813703,25.700585088772474,0.5123973099039962,0.6425695136093831,11.124640127964977,42.55360750277754,35.1137877788455,4.252621677923575,2.3079103958061453,25.732888122024033,3223.400513887351
1355,135.4999999999966,42.56378430322137,35.08162164549597,7.486604686446126,3225.032876174238,25.66712881157834,118.41314559976786,117.85911200000001,11.14956049343521,0.1,7.487657096147849,3219.482131340912,35.12,25.777122636086343,3215.385230708785,4.296266683822465,2.264690874555174,4.252500000000007,2.307000000000001,78.10585371132224,39.99103846804913,25.722036058355037,0.5120107721484648,0.6431950017728516,11.198518448985665,42.60765709614785,35.06652280250172,4.25397119523119,2.3066908190231987,25.6334436829458,3225.1435925779765
1356,135.59999999999658,42.570159217023374,35.07603392112715,7.489009716531976,3226.5320183405966,25.666793539883226,118.3502168028691,117.85911200000001,11.157668469063747,0.1,7.413075316637055,3219.482131340912,35.12,25.777122636086343,3215.385230708785,4.296266683822465,2.264690874555174,4.252500000000007,2.307000000000001,78.13168525454999,39.98836563888397,25.740741158130074,0.5118072841844308,0.643705756583866,11.15792027590065,42.53307531663705,35.11318813832776,4.252788131545142,2.3074266279645137,25.78047304828461,3226.566118027634
1357,135.69999999999658,42.57120446006006,35.07511778964891,7.489926452383643,3227.8608834462343,25.667179649265396,118.30024813027744,117.85911200000001,11.164760211645078,0.1,7.448150927237172,3219.482131340912,35.12,25.783096121574633,3222.317381974479,4.296266683822465,2.264690874555174,4.252500000000007,2.307000000000001,78.14309596762094,39.987944618313314,25.757101808265205,0.5117271605783646,0.6441216735223045,11.210250172761128,42.56815092723717,35.076101526837526,4.251347365740641,2.3084599473829184,25.633832780546623,3227.9167232273176
1358,135.79999999999657,42.5700007254502,35.076172836390136,7.490189857899212,3229.0545398856275,25.667644605003012,118.25840620256973,117.85911200000001,11.17104645284753,0.1,7.493122578043021,3219.482131340912,35.12,25.783096121574633,3222.317381974479,4.296266683822465,2.264690874555174,4.252500000000007,2.307000000000001,78.14745249285342,39.98858340738838,25.771604166719264,0.5117068072186401,0.644474046608954,11.171579488731588,42.61312257804302,35.086942848734566,4.251357842047551,2.306371782890398,25.628110814607705,3229.0608315789573
1359,135.89999999999657,42.56855117944261,35.07744335244404,7.490326444093968,3230.1349775632443,25.667919193248803,118.22122489994656,117.85911200000001,11.176693084893966,0.1,7.479132280434428,3219.482131340912,35.12,25.783096121574633,3222.317381974479,4.296266683822465,2.264690874555174,4.252500000000007,2.307000000000001,78.14981353186995,39.9893866300723,25.78463094685039,0.5117016256700907,0.6447868577073939,11.170368983923066,42.599132280434425,35.019390635893444,4.2515280142986915,2.305211175474826,25.48909610093609,3230.2419404221296
1360,135.99999999999656,42.567695123127535,35.07819369010453,7.490566211155725,3231.114807518539,25.66797816980826,118.18702975738171,117.85911200000001,11.181804131769155,0.1,7.4126712368593175,3219.482131340912,35.12,25.783096121574633,3222.317381974479,4.284637697696395,2.26857949408605,4.252500000000007,2.307000000000001,78.15267018015452,39.989946699179804,25.79642213199145,0.5116900882208698,0.6450726810426215,11.224869117680013,42.532671236859315,35.04200447784074,4.252006241406923,2.3065458919708366,25.83950383532445,3231.053579283107
1361,136.09999999999656,42.567511257805776,35.078354850029854,7.490938983286546,3232.0021099084925,25.667897803382935,118.1553323043,117.85911200000001,11.186439250420579,0.1,7.370400176731856,3219.482131340912,35.12,25.783096121574633,3222.317381974479,4.284637697696395,2.26857949408605,4.252500000000007,2.307000000000001,78.1565876058533,39.99020026746119,25.807115350720284,0.5116676852517323,0.6453359867697074,11.176611442885896,42.49040017673185,35.10482177093306,4.25250777817403,2.3064669104979565,25.67276462700153,3232.0444476145162
1362,136.19999999999655,42.56776180817337,35.078135240038584,7.49138696868133,3232.803643152855,25.667763259652876,118.12614457004857,117.85911200000001,11.19063666430337,0.1,7.417473922443406,3219.482131340912,35.12,25.783096121574633,3222.317381974479,4.284637697696395,2.26857949408605,4.252500000000007,2.307000000000001,78.16117980744133,39.990236627544235,25.81679878454788,0.5116380884483139,0.6455775449642112,11.230421179610271,42.537473922443404,35.02600792851933,4.2514343236272545,2.3069572270499705,25.843701675182096,3232.7127782276566
1363,136.29999999999654,42.5681812617062,35.07776758621338,7.491842946415506,3233.526198221209,25.66763038962604,118.0995496444199,117.85911200000001,11.194428344350102,0.1,7.454746571889338,3219.482131340912,35.12,25.758494915355733,3224.0613471515685,4.284637697696395,2.26857949408605,4.252500000000007,2.307000000000001,78.16586628966013,39.99016931951905,25.825546190415697,0.5116065517821683,0.6457973704505009,11.155271951411963,42.574746571889335,35.131895675729126,4.252707854844399,2.306475970720601,25.59242431339289,3233.412968408302
1364,136.39999999999654,42.56859549730186,35.07740450783631,7.49226364043407,3234.1767909132063,25.66752251232151,118.07552649992134,117.85911200000001,11.197846415471437,0.1,7.449895937239205,3219.482131340912,35.12,25.758494915355733,3224.0613471515685,4.284637697696395,2.26857949408605,4.252500000000007,2.307000000000001,78.17023488632901,39.990079219431934,25.833431680492616,0.5115768076888009,0.6459960116292959,11.18067182566819,42.5698959372392,35.0814672508192,4.2532074189455145,2.307097598670758,25.917571427180963,3234.052044181385
1365,136.49999999999653,42.56893181558647,35.077109725529894,7.492632796855171,3234.7623801308628,25.66744155167693,118.05393201417391,117.85911200000001,11.200924066144252,0.1,7.427277926064313,3219.482131340912,35.12,25.758494915355733,3224.0613471515685,4.284637697696395,2.26857949408605,4.252500000000007,2.307000000000001,78.17410999916194,39.99000494433539,25.840531820594798,0.5115504985571834,0.6461747593320847,11.211643011514635,42.54727792606431,35.1198411504836,4.250958139669471,2.306783925003882,25.664118294245597,3234.8233610846382
1366,136.59999999999653,42.56918421849201,35.07688849569983,7.492951821192633,3235.2895375058324,25.66738036183335,118.03454838731277,117.85911200000001,11.203694215689248,0.1,7.421812091882053,3219.482131340912,35.12,25.758494915355733,3224.0613471515685,4.2807541405425225,2.2724089430349306,4.252500000000007,2.307000000000001,78.17748557448071,39.98995482082394,25.846922555595103,0.5115277694973316,0.6463353777568124,11.126226333939858,42.54181209188205,35.08425939811367,4.253082230674661,2.3088415261122646,25.727270731200367,3235.275570877822
1367,136.69999999999652,42.569374983948364,35.07672129123547,7.49322942565105,3235.764245331936,25.667330841391966,118.01713733328758,117.85911200000001,11.206187951431613,0.1,7.437290184010344,3219.482131340912,35.12,25.758494915355733,3224.0613471515685,4.2807541405425225,2.2724089430349306,4.252500000000007,2.307000000000001,78.18043422084075,39.989922761685854,25.85267560395274,0.5115080666951021,0.6464797583635761,11.132555916950466,42.55729018401034,35.09504995359274,4.252942406304059,2.305379623219463,25.569275503277975,3235.8349475034006
1368,136.79999999999652,42.56952936887642,35.07658597431791,7.493474852267457,3236.191841132233,25.667287386707127,118.00147578781981,117.85911200000001,11.208433572814037,0.1,7.496071432108678,3219.482131340912,35.12,25.758494915355733,3224.0613471515685,4.2807541405425225,2.2724089430349306,4.252500000000007,2.307000000000001,78.18304206424328,39.98989970937271,25.857856252481994,0.5114907101787222,0.6466096799542989,11.264409696021103,42.616071432108676,35.079894267324754,4.25145988140651,2.3068638685390708,25.67583519353499,3236.0109367038244
1369,136.8999999999965,42.56966484320186,35.076467232578295,7.493695008542817,3236.5770588471382,25.66724727379067,117.98737032968128,117.85911200000001,11.210456329169382,0.1,7.453326702281387,3219.482131340912,35.12,25.878518011394938,3230.623060356693,4.2807541405425225,2.2724089430349306,4.252500000000007,2.307000000000001,78.18537793341619,39.98987906456863,25.862522751393772,0.5114751648143799,0.6467267057656142,11.284957314933271,42.573326702281385,35.125954936608075,4.255226165938442,2.306216353324237,25.530886646703028,3236.5692779377287
1370,136.9999999999965,42.5697898992302,35.07635762253867,7.493894171000432,3236.9241090446217,25.66720973161028,117.9746573757932,117.85911200000001,11.212278614562441,0.1,7.465659336786899,3219.482131340912,35.12,25.878518011394938,3230.623060356693,4.2807541405425225,2.2724089430349306,4.252500000000007,2.307000000000001,78.18748722941297,39.989857772239716,25.866726763795562,0.5114610942145245,0.6468321770764538,11.266084601563486,42.5856593367869,35.08112685108892,4.24995912279264,2.3058463104232843,25.506199116467524,3236.9138409114817
1371,137.0999999999965,42.5699069407318,35.07625503728637,7.494074782433658,3237.2367596583244,25.66717486914143,117.9631973185683,117.85911200000001,11.213920347227017,0.1,7.43562551740078,3219.482131340912,35.12,25.878518011394938,3230.623060356693,4.2807541405425225,2.2724089430349306,4.252500000000007,2.307000000000001,78.18939755971135,39.98983535493556,25.87051424105274,0.5114483114465268,0.6469272506734588,11.216520022021768,42.55562551740078,35.09682210188642,4.253614177977999,2.3065025701232686,25.84060864497922,3237.1938667881286
1372,137.1999999999965,42.57001562796468,35.07615977456903,7.494238370647735,3237.518400862089,25.667142951438027,117.95286806611567,117.85911200000001,11.215399351500281,0.1,7.476827909434107,3219.482131340912,35.12,25.878518011394938,3230.623060356693,4.277010000830487,2.2761413825623538,4.252500000000007,2.307000000000001,78.19112679117302,39.98981254194744,25.87392630391116,0.5114367087808981,0.6470129430281931,11.214994256494794,42.596827909434104,35.10030331527246,4.252464501109173,2.30515755216754,25.71378348914817,3237.412752535749
1373,137.2999999999965,42.57011513459682,35.076072558623004,7.494386173190299,3237.772092465134,25.667114080123685,117.94356033130272,117.85911200000001,11.216731664713942,0.1,7.527674074207539,3219.482131340912,35.12,25.878518011394938,3230.623060356693,4.277010000830487,2.2761413825623538,4.252500000000007,2.307000000000001,78.19268905192193,39.98979027100467,25.876999950495073,0.5114262056450116,0.6470901641426627,11.147191074120371,42.647674074207536,35.071097659781444,4.252041464508864,2.305121408250444,25.504553090932635,3237.6328355221763
1374,137.39999999999648,42.570205143806405,35.0759936671069,7.4945194211505095,3238.0005985600487,25.667088146382945,117.93517494103506,117.85911200000001,11.217931761398708,0.1,7.497046079226088,3219.482131340912,35.12,25.878518011394938,3230.623060356693,4.277010000830487,2.2761413825623538,4.252500000000007,2.307000000000001,78.19409775671298,39.9897692143423,25.879768573546826,0.5114167227654874,0.647159738152854,11.26509043611291,42.617046079226085,35.055213383647704,4.252151355544616,2.3073297831304735,25.548916571821856,3238.040005726947
1375,137.49999999999648,42.57028599483654,35.07592280265243,7.494639392684447,3238.206414890052,25.66706490361155,117.92762154482347,117.85911200000001,11.219012717187802,0.1,7.46309231382758,3219.482131340912,35.12,25.802203101705963,3231.3246971778017,4.277010000830487,2.2761413825623538,4.252500000000007,2.307000000000001,78.19536642582739,39.98974968712583,25.88226233855227,0.5114081756373418,0.6472224142699428,11.1751769439687,42.58309231382758,35.11370259459851,4.253947041470329,2.3079112204281764,25.78669647501568,3238.2004664545384
1376,137.59999999999647,42.57035845650064,35.07585929138524,7.494747364699618,3238.3917927218044,25.667044056783272,117.92081799482014,117.85911200000001,11.219986338278698,0.1,7.467805332074676,3219.482131340912,35.12,25.802203101705963,3231.3246971778017,4.277010000830487,2.2761413825623538,4.252500000000007,2.307000000000001,78.1965084178825,39.989731738818875,25.884508482408965,0.5114004774370944,0.6472788727732907,11.223617458380689,42.58780533207467,35.031308870883166,4.25082288802428,2.3060719828651073,25.773877642725008,3238.4684498277456
1377,137.69999999999646,42.57042344857247,35.07580232712218,7.494844549268674,3238.5587610406765,25.66702532338451,117.91468990085001,117.85911200000001,11.220863274364264,0.1,7.410528416848457,3219.482131340912,35.12,25.802203101705963,3231.3246971778017,4.277010000830487,2.2761413825623538,4.252500000000007,2.307000000000001,78.19753640555642,39.98971528193398,25.88653157395837,0.5113935440949834,0.647329729443036,11.184732042927195,42.530528416848455,35.109729015928124,4.252878653210253,2.3087073051881037,25.76363008561808,3238.625628265205
1378,137.79999999999646,42.57048185181645,35.07575113787566,7.494932052802403,3238.7091475419948,25.667008459688187,117.9091701363808,117.85911200000001,11.22165312362823,0.1,7.474122156983441,3219.482131340912,35.12,25.802203101705963,3231.3246971778017,4.269335924805581,2.27993805477979,4.252500000000007,2.307000000000001,78.19846199983628,39.989700188255725,25.888353756210336,0.5113872979795875,0.6473755400600201,11.262373020650132,42.59412215698344,35.09172462813498,4.252804656165879,2.3061270662072992,25.63519519329492,3238.782606198869
1379,137.89999999999645,42.57053442607611,35.07570505764639,7.495010863320411,3238.844598285504,25.6669932632035,117.90419825659004,117.85911200000001,11.222364532044981,0.1,7.405828886274023,3219.482131340912,35.12,25.802203101705963,3231.3246971778017,4.269335924805581,2.27993805477979,4.252500000000007,2.307000000000001,78.19929561539304,39.98968633789085,25.88999497542778,0.511381669402392,0.647416805340046,11.242272759648966,42.52582888627402,35.08184755086559,4.25308747498753,2.307470296417872,25.567431523188002,3238.930091561198
1380,137.99999999999645,42.57058180263677,35.07566353311657,7.495081856819102,3238.966595775197,25.666979564485306,117.89971987198227,117.85911200000001,11.223005286355663,0.1,7.440470262874236,3219.482131340912,35.12,25.802203101705963,3231.3246971778017,4.269335924805581,2.27993805477979,4.252500000000007,2.307000000000001,78.2000465167529,39.98967363308744,25.891473195622524,0.5113765964898805,0.6474539760734613,11.275002176722154,42.56047026287423,35.07749835946826,4.252606582100931,2.3064932859548364,25.589009215813114,3238.822572867317
1381,138.09999999999644,42.57062450976062,35.075626101268085,7.495145811755453,3239.0764753442345,25.666967217381213,117.8956860333702,117.85911200000001,11.223582399595413,0.1,7.46299499179117,3219.482131340912,35.12,25.746954617208164,3238.361504486832,4.269335924805581,2.27993805477979,4.252500000000007,2.307000000000001,78.20072295031464,39.989661994393074,25.89280459586663,0.5113720242688904,0.6474874581209774,11.223980736990057,42.58299499179117,35.10880569037777,4.251632700942416,2.308277641621334,25.520016312739983,3239.055011432407
1382,138.19999999999644,42.570663003092335,35.07559236273223,7.495203424102707,3239.1754398757034,25.66695609180213,117.89205266543199,117.85911200000001,11.224102188602783,0.1,7.461606288755611,3219.482131340912,35.12,25.746954617208164,3238.361504486832,4.269335924805581,2.27993805477979,4.252500000000007,2.307000000000001,78.20133229043458,39.98965135226273,25.89400374910663,0.5113679036022534,0.6475176170207213,11.219447006067252,42.58160628875561,35.056749646981146,4.252143589224196,2.306813631796245,25.618094740048395,3239.4505938299662
1383,138.29999999999643,42.57069768819768,35.075561962034676,7.495255319617996,3239.2645729906585,25.666946069662863,117.8887800629703,117.85911200000001,11.224570343656794,0.1,7.406882963801273,3219.482131340912,35.12,25.746954617208164,3238.361504486832,4.269335924805581,2.27993805477979,4.252500000000007,2.307000000000001,78.20188116403763,39.98964164062249,25.895083782816233,0.5113641902902504,0.6475447821095589,11.245283096812388,42.52688296380127,35.10047343719099,4.253509956123591,2.305642176442105,25.82870946754875,3239.372362688819
1384,138.39999999999642,42.57072893321906,35.075534576502925,7.495302062842919,3239.344850873104,25.666937043088993,117.88583244813584,117.85911200000001,11.224991990863389,0.1,7.425063744716347,3219.482131340912,35.12,25.746954617208164,3238.361504486832,4.263456479626905,2.283662751269831,4.252500000000007,2.307000000000001,78.20237554565405,39.98963279396997,25.896056522921846,0.5113608444109766,0.6475692501689265,11.189755415008658,42.545063744716344,35.095184218647645,4.253660984185965,2.3065867346351325,25.735338338407637,3239.3858879384074
1385,138.49999999999642,42.57075707446576,35.07550991136637,7.495344163653986,3239.4171528968823,25.66692891373685,117.88317757992192,117.85911200000001,11.225371748093925,0.1,7.465519236804582,3219.482131340912,35.12,25.746954617208164,3238.361504486832,4.263456479626905,2.283662751269831,4.252500000000007,2.307000000000001,78.20282082849026,39.989624747160526,25.896932622852695,0.5113578298519867,0.6475912886552283,11.227949220083387,42.58551923680458,35.05729528198799,4.2506200622397925,2.3084592595163276,25.786149107589804,3239.2514004808786
1386,138.5999999999964,42.570782418533994,35.07548769789794,7.495382082383998,3239.482271195906,25.66692159241085,117.88078640643613,117.85911200000001,11.225713775256025,0.1,7.4248646672863785,3219.482131340912,35.12,25.746954617208164,3238.361504486832,4.263456479626905,2.283662751269831,4.252500000000007,2.307000000000001,78.20322188044885,39.98961743645377,25.89772167951566,0.5113551139566457,0.647611138582881,11.221509033133216,42.544864667286376,35.05828854635585,4.253237680052272,2.3078484127712104,25.613029733002918,3239.361963000448
1387,138.6999999999964,42.57080524349993,35.07546769236834,7.495416234247159,3239.5409192934812,25.666914998594564,117.87863275242795,117.85911200000001,11.22602181956588,0.1,7.450473043204383,3219.482131340912,35.12,25.737796225425935,3240.0239693568165,4.263456479626905,2.283662751269831,4.252500000000007,2.307000000000001,78.20358309211085,39.98961080073758,25.898432337738495,0.5113526672254448,0.647629017116136,11.24733721315101,42.57047304320438,35.11880509156506,4.251745847001353,2.306724504669664,25.6327666505407,3239.5105084911484
1388,138.7999999999964,42.5708258003816,35.075449674764535,7.495446993433379,3239.5937398861242,25.666909059816767,117.87669303695026,117.85911200000001,11.226299256369556,0.1,7.422719992358907,3219.482131340912,35.12,25.737796225425935,3240.0239693568165,4.263456479626905,2.283662751269831,4.252500000000007,2.307000000000001,78.20390842052092,39.989604782401436,25.899072384444576,0.5113504630403876,0.6476451199098172,11.266853905166768,42.542719992358904,35.12799678608308,4.252343285527478,2.307796125057828,25.529141186295643,3239.5119890431283
1389,138.8999999999964,42.57084431511525,35.07543344705744,7.49547469697713,3239.641311863404,25.666903710915534,117.87494601780112,117.85911200000001,11.226549125964597,0.1,7.430781177261416,3219.482131340912,35.12,25.737796225425935,3240.0239693568165,4.263456479626905,2.283662751269831,4.252500000000007,2.307000000000001,78.2042014301439,39.989599327754114,25.899648833600335,0.5113484774021371,0.6476596232267102,11.286112343886082,42.55078117726141,35.07770253722491,4.251170150151763,2.3081049868474937,25.931268363721973,3239.6053236942566
1390,138.9999999999964,42.57086099084974,35.07541883119095,7.495499648383394,3239.6841566362814,25.666898893290227,117.87337256035507,117.85911200000001,11.226774166807637,0.1,7.49697525342534,3219.482131340912,35.12,25.737796225425935,3240.0239693568165,4.257865005317145,2.2872964857549385,4.252500000000007,2.307000000000001,78.2044653310718,39.98959438708978,25.90016800282523,0.5113466886807206,0.6476726858521682,11.251460720433014,42.61697525342534,35.09435674921937,4.253608651442275,2.3064960325280435,25.607202519370258,3239.5122695960554
1391,139.09999999999638,42.5708760102784,35.075405667037934,7.495522120967318,3239.722743839933,25.666894554204788,117.87195542878084,117.85911200000001,11.22697684545081,0.1,7.459976501687898,3219.482131340912,35.12,25.737796225425935,3240.0239693568165,4.257865005317145,2.2872964857549385,4.252500000000007,2.307000000000001,78.20470301419019,39.98958991455513,25.900635582455028,0.5113450773836332,0.6476844508232352,11.254552102750043,42.579976501687895,35.03704061650137,4.251662560815099,2.306194288008785,25.568059723235685,3239.7130917734
1392,139.19999999999638,42.570889537811155,35.0753938104964,7.495542360883359,3239.75749647164,25.666890646169215,117.87067909775129,117.85911200000001,11.227159383519162,0.1,7.420277038322169,3219.482131340912,35.12,25.737796225425935,3240.0239693568165,4.257865005317145,2.2872964857549385,4.252500000000007,2.307000000000001,78.2049170831154,39.9895858679361,25.901056697778714,0.5113436259440768,0.6476950469883797,11.17156362570695,42.54027703832217,35.0735692981578,4.251294943694618,2.3087289236295776,25.590873881531834,3239.7467312986705
1393,139.29999999999637,42.570901721502864,35.07538313179941,7.495560589847498,3239.7887955191864,25.666887126400077,117.8695295827892,117.85911200000001,11.227323782015594,0.1,7.4403103453886885,3219.482131340912,35.12,25.737025139343896,3239.6806951115577,4.257865005317145,2.2872964857549385,4.252500000000007,2.307000000000001,78.20510988294562,39.98958220843043,25.901435965109986,0.5113423185298925,0.6477045904132892,11.238766600525738,42.560310345388686,35.03402788131067,4.253903105565691,2.3065775484096505,25.563981856459623,3239.756627191916
1394,139.39999999999637,42.57091269473513,35.075373514040834,7.495577007575532,3239.8169841301974,25.66688395634865,117.86849428746049,117.85911200000001,11.227471843215673,0.1,7.431620729235021,3219.482131340912,35.12,25.737025139343896,3239.6806951115577,4.257865005317145,2.2872964857549385,4.252500000000007,2.307000000000001,78.20528352604741,39.98957890043075,25.901777542298568,0.511341140872044,0.6477131856474629,11.255249140436767,42.55162072923502,35.058324570630475,4.251753852878475,2.30659388619493,25.55776185161045,3239.872359791133
1395,139.49999999999636,42.570922577687455,35.07536485188598,7.495591793968351,3239.8423713680017,25.666881101283227,117.86756186574195,117.85911200000001,11.227605190390811,0.1,7.517320767637855,3219.482131340912,35.12,25.737025139343896,3239.6806951115577,4.257865005317145,2.2872964857549385,4.252500000000007,2.307000000000001,78.20543991518257,39.989575911320784,25.902085174231612,0.5113400801106845,0.647720926865316,11.219249029667324,42.63732076763785,35.132808773106596,4.252802603449685,2.30705002461593,25.737833931437564,3239.8359933250617
1396,139.59999999999636,42.57093147863942,35.075357050430235,7.495605111074799,3239.8652355950794,25.66687852991488,117.86672209803794,117.85911200000001,11.227725285575511,0.1,7.45891912193121,3219.482131340912,35.12,25.737025139343896,3239.6806951115577,4.248121358347423,2.2911434706890823,4.252500000000007,2.307000000000001,78.20558076428362,39.98957321127996,25.902362233822714,0.5113391246567296,0.647727898894314,11.202098839684679,42.57891912193121,35.076898688594206,4.252404642891241,2.307173798588611,25.640288743386538,3240.1203192512694
1397,139.69999999999635,42.57093949513738,35.075350024176444,7.495617104858583,3239.885827521027,25.666876214059442,117.86596577947617,117.85911200000001,11.227833445572871,0.1,7.422215969605453,3219.482131340912,35.12,25.737025139343896,3239.6806951115577,4.248121358347423,2.2911434706890823,4.252500000000007,2.307000000000001,78.20570761715186,39.989570773092396,25.902611758936622,0.5113382640670845,0.6477341781414068,11.293336944952312,42.54221596960545,35.06794448088621,4.251645455969212,2.3061643037400152,25.63225272389904,3239.95412846781
1398,139.79999999999634,42.570946715048294,35.07534369611127,7.495627906790931,3239.904372948264,25.666874128331436,117.86528461925829,117.85911200000001,11.227930856373094,0.1,7.444397030764264,3219.482131340912,35.12,25.737025139343896,3239.6806951115577,4.248121358347423,2.2911434706890823,4.252500000000007,2.307000000000001,78.2058218643072,39.98956857195892,25.902836485652738,0.5113374889320099,0.647739833427862,11.20169592195131,42.56439703076426,35.06207249688556,4.253299663055668,2.307744586339573,25.536670971036205,3239.886724243765
1399,139.89999999999634,42.57095321751392,35.07533799686882,7.495637635286863,3239.9210752454005,25.666872249867,117.86467114997106,117.85911200000001,11.228018586142145,0.1,7.432277680386505,3219.482131340912,35.12,25.758831944235425,3238.31237008178,4.248121358347423,2.2911434706890823,4.252500000000007,2.307000000000001,78.20592475818013,39.989566585313426,25.90303887822994,0.511336790773395,0.6477449267415439,11.203113289757523,42.5522776803865,35.06668280245546,4.252012776182683,2.308414032256026,25.616027823294036,3239.905113026302
1400,139.99999999999633,42.570959073814635,35.07533286397354,7.495646397000265,3239.9361175752056,25.666870558073587,117.86411864587619,117.85911200000001,11.228097596922087,0.1,7.392982495874747,3219.482131340912,35.12,25.758831944235425,3238.31237008178,4.248121358347423,2.2911434706890823,4.252500000000007,2.307000000000001,78.20601742680874,39.98956479264565,25.903221156099264,0.5113361619528957,0.6477495139147661,11.269588321593101,42.512982495874745,35.013059193169006,4.252829106739221,2.3071176468415087,25.77563371051392,3240.0766205487944
1401,140.09999999999633,42.570964348149786,35.07532824115628,7.495654287991224,3239.9496649014836,25.666869034404222,117.8636210492944,117.85911200000001,11.22816875517058,0.1,7.442386301217674,3219.482131340912,35.12,25.758831944235425,3238.31237008178,4.248121358347423,2.2911434706890823,4.252500000000007,2.307000000000001,78.20610088618427,39.989563175332115,25.90338531817854,0.5113355955890212,0.647753645235046,11.229422396215279,42.56238630121767,35.07705217004524,4.252489227608487,2.304994250824599,25.619670257112638,3239.984183866275
1402,140.19999999999632,42.57096909834141,35.07532407773741,7.495661394777844,3239.961865796755,25.66686766215422,117.8631729042863,117.85911200000001,11.228232841254465,0.1,7.478462260885955,3219.482131340912,35.12,25.758831944235425,3238.31237008178,4.238024958744449,2.294788442748934,4.252500000000007,2.307000000000001,78.20617605137545,39.989561716477034,25.90353316477406,0.5113350854823405,0.6477573659953603,11.24403030987926,42.59846226088595,35.08677044586012,4.25267847800002,2.306659047446553,25.80910973247938,3239.98075264245
1403,140.29999999999632,42.570973376468004,35.07532032807142,7.495667795283743,3239.9728540704837,25.666866426278148,117.86276929690949,117.85911200000001,11.22829055800106,0.1,7.513719091656604,3219.482131340912,35.12,25.758831944235425,3238.31237008178,4.238024958744449,2.294788442748934,4.252500000000007,2.307000000000001,78.20624374654952,39.98956040076357,25.903666317308456,0.5113346260480376,0.6477607169898733,11.269767206977251,42.6337190916566,35.10849387251961,4.2521189635895125,2.3055388766467364,25.66292224721643,3239.9289527852607
1404,140.3999999999963,42.57097722943526,35.075316951046645,7.495673559691478,3239.9827502356516,25.666865313225042,117.8624058014015,117.85911200000001,11.228342538400549,0.1,7.436683193851003,3219.482131340912,35.12,25.758831944235425,3238.31237008178,4.238024958744449,2.294788442748934,4.252500000000007,2.307000000000001,78.20630471399879,39.9895592143156,25.903786236090074,0.5113342122551091,0.6477637349605231,11.239178282165005,42.556683193851,35.026843957252595,4.251529605621884,2.3060231407808045,25.570399496588216,3239.797615378053
1405,140.4999999999963,42.57098069948961,35.07531390963511,7.495678751211251,3239.9916628297083,25.66686431079007,117.86207843170206,117.85911200000001,11.228389352543656,0.1,7.414244113682919,3219.482131340912,35.12,25.709227177522482,3241.6490397905077,4.238024958744449,2.294788442748934,4.252500000000007,2.307000000000001,78.20635962227126,39.98955814456985,25.903894236318223,0.5113338395715558,0.6477664529993236,11.321921985993356,42.53424411368292,35.06539565721861,4.25286132017395,2.3055858668052043,25.69080398194339,3239.8731507738066
1406,140.5999999999963,42.57098382468088,35.07531117048713,7.495683426773261,3239.999689604348,25.66686340798088,117.86178359778572,117.85911200000001,11.228431513870447,0.1,7.436959377651014,3219.482131340912,35.12,25.709227177522482,3241.6490397905077,4.238024958744449,2.294788442748934,4.252500000000007,2.307000000000001,78.20640907349343,39.98955718015795,25.90399150249913,0.5113335039149834,0.6477689009107656,11.105807955825005,42.55695937765101,35.0718469552523,4.253287617260304,2.306599412632351,25.63612789769019,3240.003744766686
1407,140.6999999999963,42.570986639278814,35.075308703566144,7.49568763765139,3240.006918597127,25.666862594897214,117.86151806632775,117.85911200000001,11.228469484798609,0.1,7.402226513076435,3219.482131340912,35.12,25.709227177522482,3241.6490397905077,4.238024958744449,2.294788442748934,4.252500000000007,2.307000000000001,78.20645360996706,39.98955631079775,25.9040791014304,0.5113332016080737,0.647771105538271,11.282259181622392,42.52222651307643,35.08222172069431,4.2529739944421365,2.306906789285395,25.651845494875076,3240.112480142762
1408,140.7999999999963,42.57098917414845,35.07530648181971,7.495691430024964,3240.01342909665,25.666861862622472,117.86127892527436,117.85911200000001,11.228503681792771,0.1,7.453447859789733,3219.482131340912,35.12,25.709227177522482,3241.6490397905077,4.229951362021639,2.298499913658667,4.252500000000007,2.307000000000001,78.20649372011074,39.98955552719373,25.904157993895932,0.5113329293384552,0.6477730910582531,11.164596773643822,42.57344785978973,35.09142419608118,4.253069634729258,2.3059173646607487,25.695245743940887,3240.0636425104094
1409,140.89999999999628,42.57099145708818,35.07530448088326,7.495694845484792,3240.019292511886,25.66686120312601,117.86106355192963,117.85911200000001,11.228534479930351,0.1,7.498432382623285,3219.482131340912,35.12,25.709227177522482,3241.6490397905077,4.229951362021639,2.298499913658667,4.252500000000007,2.307000000000001,78.20652984381213,39.98955482094553,25.90422904519933,0.5113326841225341,0.6477748792450008,11.185068131422923,42.61843238262328,34.99710705380982,4.251526943141475,2.3071813210905336,25.723967377294937,3240.014919730622
1410,140.99999999999628,42.570993513134354,35.07530267881309,7.4956979214889445,3240.0245731551336,25.666860609175146,117.8608695842108,117.85911200000001,11.228562217013888,0.1,7.418675097745854,3219.482131340912,35.12,25.709227177522482,3241.6490397905077,4.229951362021639,2.298499913658667,4.252500000000007,2.307000000000001,78.20656237724859,39.98955418446452,25.904293034651047,0.5113324632729037,0.6477764897092694,11.301302044008914,42.53867509774585,35.062845880957624,4.251498363481566,2.3075264085585077,25.68622360968234,3239.9737411169413
1411,141.09999999999627,42.57099536483557,35.075301055845905,7.495700691773319,3240.0293289472056,25.666860074255883,117.86069489475757,117.85911200000001,11.228587197274877,0.1,7.4085890602140125,3219.482131340912,35.12,25.799327300331246,3237.4119031562063,4.229951362021639,2.298499913658667,4.252500000000007,2.307000000000001,78.20659167722958,39.989553610897374,25.90435066411315,0.5113322643689716,0.6477779401131917,11.186165092671851,42.52858906021401,35.090661024691485,4.252844288728194,2.3075740469074106,25.76179938464681,3239.996908342727
1412,141.19999999999627,42.57099703249986,35.075299594182255,7.495703186721423,3240.0336120525567,25.666859592501524,117.86053756761251,117.85911200000001,11.228609694709679,0.1,7.420761749477414,3219.482131340912,35.12,25.799327300331246,3237.4119031562063,4.229951362021639,2.298499913658667,4.252500000000007,2.307000000000001,78.20661806510778,39.98955309405668,25.90440256569524,0.5113320852304979,0.6477792463638509,11.218045256226556,42.54076174947741,35.10770271282244,4.2529402415053985,2.307892741481113,25.455630870260826,3240.034175084693
1413,141.29999999999626,42.57099853441726,35.07529827779141,7.49570543369743,3240.0374694513134,25.666859158628352,117.86039587721717,117.85911200000001,11.228629956084003,0.1,7.449634215925364,3219.482131340912,35.12,25.799327300331246,3237.4119031562063,4.229951362021639,2.298499913658667,4.252500000000007,2.307000000000001,78.20664183030158,39.98955262835757,25.904449308685805,0.5113319238937505,0.6477804227876339,11.200790756474776,42.56963421592536,35.13807715458921,4.253086404589226,2.3085915210007446,25.61331022722774,3239.889323790372
1414,141.39999999999625,42.57099988706025,35.07529709223563,7.495707457346181,3240.0409434544667,25.666858767877713,117.86026826949434,117.85911200000001,11.228648203638926,0.1,7.42319366869539,3219.482131340912,35.12,25.799327300331246,3237.4119031562063,4.2224517812877265,2.302272847921609,4.252500000000007,2.307000000000001,78.20666323346819,39.98955220876021,25.90449140579501,0.5113317785900224,0.6477814822872737,11.200938452272462,42.54319366869539,35.082522172373416,4.253845975196515,2.3071857629429706,25.590724149326586,3240.3076927741463
1415,141.49999999999625,42.57100110526444,35.075296024511935,7.495709279863366,3240.044072167879,25.666858415963844,117.86015334480938,117.85911200000001,11.228664637528015,0.1,7.462426348592565,3219.482131340912,35.12,25.799327300331246,3237.4119031562063,4.2224517812877265,2.302272847921609,4.252500000000007,2.307000000000001,78.20668250936122,39.98955183071748,25.90452931877714,0.511331647726277,0.647782436483294,11.269582693944098,42.58242634859256,35.08426579463336,4.253948300478066,2.308898354260755,25.740663863160982,3240.034050551307
1416,141.59999999999624,42.57100220239113,35.07529506290948,7.495710921238892,3240.046889910186,25.6668580990269,117.8600498426239,117.85911200000001,11.228679438012337,0.1,7.4223148553290486,3219.482131340912,35.12,25.799327300331246,3237.4119031562063,4.2224517812877265,2.302272847921609,4.252500000000007,2.307000000000001,78.20669986940469,39.989551490127596,25.904563463494473,0.5113315298677108,0.6477832958414063,11.28473326474738,42.542314855329046,35.07986591445903,4.252775191577768,2.306176819854545,25.614218083505925,3239.946255498453
1417,141.69999999999624,42.571003190473746,35.075294196881266,7.495712399476046,3240.0494275891706,25.666857813590617,117.8599566276742,117.85911200000001,11.228692767437357,0.1,7.470026101316968,3219.482131340912,35.12,25.78158235550293,3239.500445230107,4.2224517812877265,2.302272847921609,4.252500000000007,2.307000000000001,78.20671550401096,39.989551183291084,25.904594214477992,0.511331423722048,0.6477840697872539,11.201868500996017,42.590026101316965,35.0743519185682,4.2530831140872385,2.3067169613357854,25.700962365544374,3239.9847475844203
1418,141.79999999999623,42.571004080349894,35.075293416928425,7.495713730788911,3240.051713040742,25.66685755652421,117.85987267752255,117.85911200000001,11.228704772013385,0.1,7.411112289331427,3219.482131340912,35.12,25.78158235550293,3239.500445230107,4.2224517812877265,2.302272847921609,4.252500000000007,2.307000000000001,78.20672958466886,39.98955090687182,25.90462190903489,0.5113313281253882,0.6477847668097576,11.238545964564516,42.531112289331425,35.053301973149864,4.252239957448388,2.3061389534582055,25.629391307402756,3240.065172452315
1419,141.89999999999623,42.57100488178013,35.0752927144961,7.495714929780158,3240.0537713342273,25.66685732500804,117.85979707134538,117.85911200000001,11.228715583419127,0.1,7.410928030385236,3219.482131340912,35.12,25.78158235550293,3239.500445230107,4.2224517812877265,2.302272847921609,4.252500000000007,2.307000000000001,78.20674226582399,39.98955065786172,25.904646850947938,0.5113312420294609,0.6477853945541954,11.240638627396114,42.53092803038523,35.01620321994115,4.2530735247364735,2.307093944480585,25.64120420276429,3240.1435167634004
1420,141.99999999999622,42.57100560355495,35.075292081879624,7.495716009601185,3240.0556250473255,25.666857116502687,117.8597289798353,117.85911200000001,11.228725320245882,0.1,7.415092855472928,3219.482131340912,35.12,25.78158235550293,3239.500445230107,4.212324039593469,2.3058792530674372,4.252500000000007,2.307000000000001,78.20675368657251,39.989550433548786,25.904669313807258,0.5113311644901415,0.6477859599060365,11.20314220710823,42.535092855472925,35.078470980906616,4.252742542381003,2.306911712278799,25.887087803134172,3240.0008616179975
1421,142.09999999999621,42.571006253591236,35.07529151214008,7.495716982096327,3240.057294513739,25.666856928721117,117.85966765610657,117.85911200000001,11.228734089298216,0.1,7.500319493824058,3219.482131340912,35.12,25.78158235550293,3239.500445230107,4.212324039593469,2.3058792530674372,4.252500000000007,2.307000000000001,78.2067639721864,39.989550231488295,25.904689544010996,0.5113310946571099,0.6477864690664439,11.255243976717257,42.620319493824056,35.06265170148095,4.25130953046899,2.30671858597635,25.663049851269356,3239.954483965389
1422,142.1999999999962,42.57100683901905,35.07529099902815,7.495717857932758,3240.058798046196,25.66685675960359,117.85961242750409,117.85911200000001,11.228741986765394,0.1,7.430115411690352,3219.482131340912,35.12,25.78158235550293,3239.500445230107,4.212324039593469,2.3058792530674372,4.252500000000007,2.307000000000001,78.20677323548729,39.989550049476605,25.904707763467773,0.5113310317645333,0.6477869276202777,11.278961190011076,42.55011541169035,35.107035539761924,4.25265296302028,2.307311288923661,25.697683470302703,3239.9572493211804
1423,142.2999999999962,42.57100736625985,35.07529053691559,7.495718646717472,3240.060152137307,25.666856607295077,117.85956268822639,117.85911200000001,11.228749099276392,0.1,7.466664252658681,3219.482131340912,35.12,25.73730787479037,3242.631391988692,4.212324039593469,2.3058792530674372,4.252500000000007,2.307000000000001,78.20678157808383,39.989549885527545,25.904724172030647,0.5113309751226734,0.6477873405973424,11.254082473465424,42.58666425265868,35.04799931939653,4.250731883123855,2.308604102217672,25.924228151556324,3240.133055781563
1424,142.3999999999962,42.57100784109687,35.075290120733555,7.495719357102643,3240.061371640464,25.666856470124916,117.85951789268154,117.85911200000001,11.228755504850064,0.1,7.422216582627186,3219.482131340912,35.12,25.73730787479037,3242.631391988692,4.212324039593469,2.3058792530674372,4.252500000000007,2.307000000000001,78.20678909148594,39.98954973785115,25.904738949689104,0.5113309241103295,0.6477877125275455,11.215347621019575,42.542216582627184,35.10333085404182,4.252360982550624,2.306324788712635,25.600555044851113,3240.00093507255
1425,142.4999999999962,42.57100826873857,35.075289745916976,7.495719996880521,3240.062469932759,25.666856346588485,117.85947754950338,117.85911200000001,11.22876127375088,0.1,7.433288349780192,3219.482131340912,35.12,25.73730787479037,3242.631391988692,4.212324039593469,2.3058792530674372,4.252500000000007,2.307000000000001,78.20679585810856,39.98954960483432,25.90475225854329,0.5113308781680277,0.6477880474905792,11.241094689975126,42.55328834978019,35.07476942509202,4.252105080638658,2.3067446512143213,25.586590259993887,3239.8617675574937
1426,142.5999999999962,42.57100865387575,35.075289408354486,7.495720573068894,3240.063459061712,25.66685623533071,117.85944121616242,117.85911200000001,11.228766469259625,0.1,7.501521843801797,3219.482131340912,35.12,25.73730787479037,3242.631391988692,4.203567193541502,2.3095874100401614,4.252500000000007,2.307000000000001,78.20680195217551,39.98954948502354,25.904764244581965,0.5113308367918902,0.6477883491606612,11.22045040032264,42.621521843801794,35.05539463636724,4.251545083326989,2.306216598663885,25.616179806345603,3240.0544677228554
1427,142.69999999999618,42.571009000732985,35.07528910434333,7.495721091988049,3240.064349877415,25.66685613513119,117.85940849411206,117.85911200000001,11.228771148367498,0.1,7.45171816742252,3219.482131340912,35.12,25.73730787479037,3242.631391988692,4.203567193541502,2.3095874100401614,4.252500000000007,2.307000000000001,78.20680744053344,39.989549377109014,25.904775039283827,0.5113307995281114,0.6477886208468342,11.280820707997405,42.57171816742252,35.124628983510576,4.253372120530247,2.305829897717174,25.72818027708348,3240.0033284384112
1428,142.79999999999617,42.571009313115,35.07528883054879,7.495721559330104,3240.0651521515474,25.666856044890825,117.85937902441741,117.85911200000001,11.228775362401228,0.1,7.459114632331151,3219.482131340912,35.12,25.73730787479037,3242.631391988692,4.203567193541502,2.3095874100401614,4.252500000000007,2.307000000000001,78.20681238338514,39.98954927991065,25.90478476105964,0.5113307659679828,0.6477888655292572,11.28464932047015,42.57911463233115,35.06466295654453,4.25236784785207,2.3062993573978963,25.64106475189757,3240.1571379376196
1429,142.89999999999617,42.57100959444837,35.075288583967584,7.495721980221434,3240.0658746845556,25.666855963619746,117.85935248381837,117.85911200000001,11.22877915758607,0.1,7.45116578957964,3219.482131340912,35.12,25.770818118337417,3240.895396760932,4.203567193541502,2.3095874100401614,4.252500000000007,2.307000000000001,78.20681683494986,39.98954919236519,25.904793516551074,0.5113307357434123,0.6477890858918915,11.203659697970021,42.57116578957964,35.089906968388604,4.2523163644301345,2.307192239095449,25.822559232028155,3240.079271798658
1430,142.99999999999616,42.571009847819084,35.075288361894884,7.495722359278904,3240.0665254021883,25.66685589042648,117.85932858118403,117.85911200000001,11.228782575552835,0.1,7.46533764235248,3219.482131340912,35.12,25.770818118337417,3240.895396760932,4.203567193541502,2.3095874100401614,4.252500000000007,2.307000000000001,78.20682084405796,39.98954911351471,25.9048014018004,0.5113307085228879,0.6477892843519386,11.276241631513857,42.58533764235248,35.07817655564565,4.253599741823198,2.3068595445038826,25.703784128943457,3240.013318291907
1431,143.09999999999616,42.57101007600642,35.07528816189476,7.495722700660492,3240.0671114424313,25.66685582450815,117.85930705431939,117.85911200000001,11.228785653794544,0.1,7.4636166080194215,3219.482131340912,35.12,25.770818118337417,3240.895396760932,4.203567193541502,2.3095874100401614,4.252500000000007,2.307000000000001,78.20682445468638,39.98954904249623,25.90480850330402,0.5113306840078448,0.6477894630863532,11.31399868127195,42.58361660801942,35.07358866455858,4.251199720128578,2.3059368554789628,25.515137162805413,3240.127995057611
1432,143.19999999999615,42.571010281513395,35.075287981773364,7.495723008110917,3240.0676392338055,25.66685576514168,117.85928766708945,117.85911200000001,11.22878842607768,0.1,7.493654316852329,3219.482131340912,35.12,25.770818118337417,3240.895396760932,4.199335861799361,2.3133264119886827,4.252500000000007,2.307000000000001,78.20682770644123,39.98954897853228,25.904814898961217,0.511330661929389,0.6477896240557198,11.274509966517611,42.613654316852326,35.101693058157295,4.252751084088449,2.305876474204313,25.76479919858088,3240.1536192758067
1433,143.29999999999615,42.5710104665943,35.075287819554866,7.495723285002704,3240.0681145658814,25.66685571167586,117.85927020682911,117.85911200000001,11.228790922812577,0.1,7.493136907006473,3219.482131340912,35.12,25.770818118337417,3240.895396760932,4.199335861799361,2.3133264119886827,4.252500000000007,2.307000000000001,78.2068306349921,39.98954892092249,25.904820658928625,0.5113306420453504,0.6477897690257579,11.230547435340235,42.61313690700647,35.102463298319634,4.253872984717574,2.3057979684424894,25.759093011496315,3239.950879918309
1434,143.39999999999614,42.57101063327934,35.07528767345986,7.49572353437317,3240.0685426527857,25.66685566352421,117.85925448201054,117.85911200000001,11.228793171386993,0.1,7.470378625517824,3219.482131340912,35.12,25.770818118337417,3240.895396760932,4.199335861799361,2.3133264119886827,4.252500000000007,2.307000000000001,78.20683327246319,39.989548869035964,25.9048258463898,0.5113306241376274,0.6477898995866891,11.226004589825317,42.59037862551782,35.09777050998302,4.252755710393508,2.3052954915996553,25.50754337947645,3240.0833418169163
1435,143.49999999999613,42.57101078339693,35.0752875418858,7.495723758957752,3240.0689281903956,25.666855620158533,117.85924032014233,117.85911200000001,11.228795196466534,0.1,7.466894370963686,3219.482131340912,35.12,25.767820217516192,3241.350676459037,4.199335861799361,2.3133264119886827,4.252500000000007,2.307000000000001,78.20683564778594,39.98954882230437,25.904830518248303,0.5113306080097935,0.6477900171706802,11.21068376880887,42.586894370963684,35.07374124755072,4.252356692800153,2.307147479231773,25.544089239793475,3240.0327030562576
1436,143.59999999999613,42.57101091859377,35.07528742338937,7.495723961220005,3240.06927540785,25.666855581103132,117.8592275658774,117.85911200000001,11.2287970202652,0.1,7.4231987080333965,3219.482131340912,35.12,25.767820217516192,3241.350676459037,4.199335861799361,2.3133264119886827,4.252500000000007,2.307000000000001,78.20683778701617,39.98954878021577,25.904834725751826,0.5113305934849446,0.6477901230675515,11.184837969711028,42.543198708033394,35.07935325443894,4.2521981710736485,2.305881240502318,25.60667636227824,3240.091762526493
1437,143.69999999999612,42.571011040352886,35.07528731667074,7.4957241433786255,3240.069588113938,25.6668555459296,117.85921607930905,117.85911200000001,11.22879866278908,0.1,7.457546033137007,3219.482131340912,35.12,25.767820217516192,3241.350676459037,4.199335861799361,2.3133264119886827,4.252500000000007,2.307000000000001,78.20683971361997,39.989548742309026,25.904838515054415,0.5113305804037587,0.6477902184389253,11.237846831273814,42.577546033137004,35.076214016102,4.2535389508454635,2.3047743016944873,25.718131953840444,3240.096738004776
1438,143.79999999999612,42.57101115000988,35.0752872205593,7.4957243074317805,3240.0698697388807,25.666855514252102,117.85920573443633,117.85911200000001,11.228800142055777,0.1,7.4502117996808295,3219.482131340912,35.12,25.767820217516192,3241.350676459037,4.189842372906905,2.317035970931147,4.252500000000007,2.307000000000001,78.20684144873098,39.98954870816876,25.904841927722686,0.5113305686227486,0.6477903043309674,11.222637967064658,42.57021179968083,35.037850551007196,4.252509784804407,2.3072895631414516,25.60765676362104,3240.16595638451
1439,143.8999999999961,42.57101124876765,35.07528713400074,7.49572445517904,3240.0701233719565,25.666855485723158,117.8591964177819,117.85911200000001,11.228801474292066,0.1,7.449406153558122,3219.482131340912,35.12,25.767820217516192,3241.350676459037,4.189842372906905,2.317035970931147,4.252500000000007,2.307000000000001,78.20684301138242,39.98954867742086,25.904845001191806,0.511330558012688,0.6477903816858617,11.313898600651143,42.56940615355812,35.05495445280602,4.253555957206637,2.3079613395917193,25.512604631978636,3240.1300568553743
1440,143.9999999999961,42.57101133770949,35.07528705604558,7.495724588241106,3240.070351795389,25.66685546002982,117.85918802714728,117.85911200000001,11.228802674111884,0.1,7.447536513113548,3219.482131340912,35.12,25.767820217516192,3241.350676459037,4.189842372906905,2.317035970931147,4.252500000000007,2.307000000000001,78.20684441871563,39.98954864972833,25.904847769176126,0.5113305484571943,0.6477904513521463,11.105827194366594,42.567536513113545,35.077860083544415,4.254055083138416,2.305807644925422,25.70822072279314,3240.1035496266622
1441,144.0999999999961,42.571011417811036,35.0752869858387,7.495724708077597,3240.070557514866,25.666855436890245,117.85918047049185,117.85911200000001,11.228803754676637,0.1,7.462236833966855,3219.482131340912,35.12,25.75432725743922,3242.4984384254394,4.189842372906905,2.317035970931147,4.252500000000007,2.307000000000001,78.20684568616835,39.98954862478761,25.90485026203901,0.5113305398514513,0.6477905140940208,11.225116451623101,42.58223683396685,35.015610979468065,4.2521069826739275,2.308176162963847,25.68889564333454,3239.9712301788745
1442,144.1999999999961,42.571011489950976,35.07528692260997,7.495724816003052,3240.070742787025,25.666855416050605,117.8591736649232,117.85911200000001,11.228804727839561,0.1,7.474514005612939,3219.482131340912,35.12,25.75432725743922,3242.4984384254394,4.189842372906905,2.317035970931147,4.252500000000007,2.307000000000001,78.20684682764376,39.989548602325335,25.904852507125877,0.511330532101062,0.6477905705997278,11.160480261197245,42.594514005612936,35.06338996574515,4.25355213158185,2.308209875640726,25.549095840518962,3239.8174096797275
1443,144.2999999999961,42.57101155492063,35.075286865665795,7.4957249132013555,3240.0709096442097,25.6668553972823,117.85916753578792,117.85911200000001,11.22880560427576,0.1,7.428633878887226,3219.482131340912,35.12,25.75432725743922,3242.4984384254394,4.189842372906905,2.317035970931147,4.252500000000007,2.307000000000001,78.20684785566327,39.98954858209525,25.90485452906419,0.5113305251210102,0.6477906214891037,11.234666019108895,42.54863387888722,35.06559307423044,4.2522099268704885,2.307258722691658,25.667029082513775,3240.1267391946058
1444,144.39999999999608,42.5710116134327,35.07528681438153,7.495725000738721,3240.0710599167587,25.666855380379456,117.85916201585259,117.85911200000001,11.228806393599298,0.1,7.469556206147189,3219.482131340912,35.12,25.75432725743922,3242.4984384254394,4.18023461951086,2.320681979428096,4.252500000000007,2.307000000000001,78.20684878150372,39.989548563875566,25.90485635003359,0.5113305188347299,0.6477906673203774,11.232814668983202,42.589556206147186,35.08009177433913,4.251669945144943,2.307560064799293,25.551564620995467,3239.994271174571
1445,144.49999999999608,42.57101166612901,35.07528676819461,7.495725079575389,3240.071195253088,25.666855365156653,117.85915704456646,117.85911200000001,11.22880710446866,0.1,7.44595364043024,3219.482131340912,35.12,25.75432725743922,3242.4984384254394,4.18023461951086,2.320681979428096,4.252500000000007,2.307000000000001,78.20684961532106,39.98954854746653,25.904857990009205,0.5113305131732657,0.647790708596293,11.26178404494201,42.56595364043024,35.12609373746557,4.24996277980793,2.3070421197647026,25.569272325077865,3240.183570839155
1446,144.59999999999607,42.57101171358762,35.07528672659841,7.495725150576154,3240.0713171377693,25.66685535144691,117.85915256739705,117.85911200000001,11.22880774468173,0.1,7.405121734120861,3219.482131340912,35.12,25.75432725743922,3242.4984384254394,4.18023461951086,2.320681979428096,4.252500000000007,2.307000000000001,78.20685036626186,39.98954853268823,25.90485946698076,0.5113305080745149,0.6477907457696259,11.10522518159122,42.52512173412086,35.02891299692125,4.252792004760801,2.308808877617006,25.803393101192018,3239.984846034269
1447,144.69999999999607,42.57101175632913,35.07528668913662,7.495725214519856,3240.0714269078185,25.666855339099833,117.85914853523215,117.85911200000001,11.228808321261326,0.1,7.488191081973049,3219.482131340912,35.12,25.72994139513844,3243.1948722901934,4.18023461951086,2.320681979428096,4.252500000000007,2.307000000000001,78.20685104256351,39.98954851937864,25.904860797149887,0.511330503482548,0.6477907792481474,11.286379285964873,42.60819108197305,35.08203607944257,4.253186166783843,2.306519520271001,25.68120906726534,3240.1134572919696
1448,144.79999999999606,42.57101179482237,35.07528665539831,7.495725272107929,3240.0715257673587,25.666855327979984,117.85914490384093,117.85911200000001,11.228808840532245,0.1,7.473078461464723,3219.482131340912,35.12,25.72994139513844,3243.1948722901934,4.18023461951086,2.320681979428096,4.252500000000007,2.307000000000001,78.20685165164475,39.98954850739178,25.9048619951079,0.5113304993469938,0.6477908093991002,11.26938251054221,42.59307846146472,35.10608773252072,4.2526994302368,2.3050521204657963,25.784615402036383,3240.176295167915
1449,144.89999999999606,42.571011829489606,35.075286625013405,7.495725323972083,3240.0716148008314,25.666855317965382,117.85914163338887,117.85911200000001,11.228809308190636,0.1,7.453459560924699,3219.482131340912,35.12,25.72994139513844,3243.1948722901934,4.18023461951086,2.320681979428096,4.252500000000007,2.307000000000001,78.20685220018684,39.98954849659623,25.904863073995806,0.5113304956224883,0.6477908365532243,11.224147299774998,42.5734595609247,35.150679421306236,4.251553079059627,2.3048929778114675,25.78707823007277,3240.1500853505545
1450,144.99999999999605,42.571011860711124,35.075286597648564,7.495725370681242,3240.07169498489,25.66685530894617,117.85913868800074,117.85911200000001,11.228809729366482,0.1,7.439307546288219,3219.482131340912,35.12,25.72994139513844,3243.1948722901934,4.17316711734243,2.324403017343856,4.252500000000007,2.307000000000001,78.20685269420706,39.98954848687359,25.904864045648484,0.5113304922681756,0.6477908610083871,11.187504053518955,42.55930754628822,35.03534920053423,4.250254578436411,2.3064860415249995,25.7412078085867,3240.023803845393
1451,145.09999999999604,42.57101188882942,35.07528657300363,7.495725412747783,3240.0717671991156,25.66685530082342,117.85913603536711,117.85911200000001,11.228810108679875,0.1,7.485254741797576,3219.482131340912,35.12,25.72994139513844,3243.1948722901934,4.17316711734243,2.324403017343856,4.252500000000007,2.307000000000001,78.20685313912453,39.98954847811724,25.90486492072448,0.5113304892472611,0.6477908830328487,11.207671454401297,42.60525474179757,35.048529659547334,4.252321919899833,2.3059447113380585,25.767411488423715,3240.2166658033734
1452,145.19999999999604,42.571011914152905,35.07528655080827,7.495725450633151,3240.071832235663,25.666855293508025,117.85913364638992,117.85911200000001,11.228810450291705,0.1,7.514233393974273,3219.482131340912,35.12,25.72994139513844,3243.1948722901934,4.17316711734243,2.324403017343856,4.252500000000007,2.307000000000001,78.20685353981978,39.98954847023118,25.904865708822975,0.5113304865266074,0.6477909028682068,11.284868214345769,42.63423339397427,35.07425226153384,4.252829517117445,2.3076446862641764,25.68358872905484,3240.118787113387
1453,145.29999999999603,42.57101193695938,35.075286530819,7.495725484752934,3240.0718908079516,25.666855286919734,117.85913149486322,117.85911200000001,11.228810757949285,0.1,7.4459886253618635,3219.482131340912,35.12,25.774226532747196,3241.5323134558125,4.17316711734243,2.324403017343856,4.252500000000007,2.307000000000001,78.20685390068823,39.98954846312888,25.90486641858901,0.5113304840763703,0.6477909207320455,11.143196900690013,42.56598862536186,35.118610179985936,4.25197628684715,2.308623066696854,25.75070052376776,3240.1608343336848
1454,145.39999999999603,42.57101195749904,35.07528651281654,7.49572551548141,3240.0719435584915,25.666855280986283,117.85912955718585,117.85911200000001,11.228811035027473,0.1,7.458700261433371,3219.482131340912,35.12,25.774226532747196,3241.5323134558125,4.17316711734243,2.324403017343856,4.252500000000007,2.307000000000001,78.20685422568847,39.98954845673246,25.90486705780839,0.5113304818696717,0.6477909368203222,11.189793424244781,42.57870026143337,35.04076665655322,4.254055877474523,2.30694101033787,25.702322069651935,3240.0861282483224
1455,145.49999999999602,42.571011975997166,35.07528649660342,7.495725543155652,3240.071991065931,25.666855275642583,117.85912781210243,117.85911200000001,11.228811284565682,0.1,7.414404821326869,3219.482131340912,35.12,25.774226532747196,3241.5323134558125,4.17316711734243,2.324403017343856,4.252500000000007,2.307000000000001,78.20685451838557,39.98954845097178,25.904867633493037,0.511330479882306,0.6477909513095171,11.27076326195907,42.534404821326866,35.03493390535341,4.2526327780603035,2.30596292419301,25.7223935628126,3240.0246989408565
1456,145.59999999999602,42.57101199265669,35.0752864820018,7.495725568079232,3240.072033851404,25.666855270830016,117.85912624047023,117.85911200000001,11.228811509301226,0.1,7.39852142069725,3219.482131340912,35.12,25.774226532747196,3241.5323134558125,4.166060300058984,2.3280850450367945,4.252500000000007,2.307000000000001,78.20685478199023,39.98954844578365,25.90486815195794,0.5113304780924727,0.6477909643585699,11.21083183533777,42.51852142069725,35.100681314056125,4.2526419769219315,2.307428935755442,25.6358358042747,3239.932542590096
1457,145.699999999996,42.57101200766034,35.07528646885149,7.495725590525552,3240.0720723842464,25.66685526649579,117.85912482504922,117.85911200000001,11.228811711699349,0.1,7.411676188996751,3219.482131340912,35.12,25.774226532747196,3241.5323134558125,4.166060300058984,2.3280850450367945,4.252500000000007,2.307000000000001,78.20685501939411,39.98954844111116,25.904868618890408,0.5113304764805382,0.6477909761106222,11.214872582193744,42.53167618899675,35.131969439222544,4.252007163236623,2.3068584658825158,25.604125041399957,3240.0441785276003
1458,145.799999999996,42.571012021172734,35.07528645700825,7.495725610740838,3240.0721070871455,25.66685526259236,117.85912355031292,117.85911200000001,11.228811893980259,0.1,7.431194617491613,3219.482131340912,35.12,25.774226532747196,3241.5323134558125,4.166060300058984,2.3280850450367945,4.252500000000007,2.307000000000001,78.20685523320142,39.98954843690307,25.904869039412468,0.5113304750288203,0.6477909866945882,11.240417851478133,42.55119461749161,35.14436680151877,4.253277626788516,2.3062966662772317,25.80943799014388,3239.957460383688
1459,145.899999999996,42.57101203334206,35.07528644634215,7.4957256289468415,3240.0721383407754,25.66685525907691,117.85912240227806,117.85911200000001,11.228812058143493,0.1,7.4313578457410685,3219.482131340912,35.12,25.752816345960692,3241.6514007861156,4.166060300058984,2.3280850450367945,4.252500000000007,2.307000000000001,78.20685542575752,39.98954843311324,25.904869418137046,0.511330473721395,0.6477909962265687,11.224631068412046,42.551357845741066,35.09620614805755,4.25287667138238,2.3066184690634524,25.529731267796013,3239.9128562254045
1460,145.999999999996,42.571012044301824,35.07528643673621,7.4957256453432715,3240.072166487974,25.666855255910875,117.85912136835128,117.85911200000001,11.228812205989843,0.1,7.472170654141301,3219.482131340912,35.12,25.752816345960692,3241.6514007861156,4.166060300058984,2.3280850450367945,4.252500000000007,2.307000000000001,78.20685559917465,39.98954842970007,25.904869759218577,0.5113304725439198,0.6477910048111255,11.185528344368992,42.5921706541413,35.01946701592933,4.251607436652653,2.306847416829412,25.65397686706802,3240.3850349161903
1461,146.099999999996,42.57101205417226,35.07528642808503,7.495725660109992,3240.072191837502,25.666855253059524,117.85912043719085,117.85911200000001,11.228812339141117,0.1,7.441083306538879,3219.482131340912,35.12,25.752816345960692,3241.6514007861156,4.166060300058984,2.3280850450367945,4.252500000000007,2.307000000000001,78.20685575535511,39.98954842662614,25.904870066398566,0.5113304714834788,0.647791012542427,11.138621398496182,42.561083306538876,35.07232046319426,4.2523204711747855,2.307793130530724,25.622504839743268,3239.975019080159
1462,146.19999999999598,42.57101206306163,35.075286420293736,7.495725673408986,3240.0722146674325,25.666855250491583,117.85911959858244,117.85911200000001,11.228812459057915,0.1,7.458051456995271,3219.482131340912,35.12,25.752816345960692,3241.6514007861156,4.162660577991162,2.331794193226505,4.252500000000007,2.307000000000001,78.20685589601214,39.98954842385774,25.904870343046618,0.5113304705284394,0.6477910195052812,11.178976454627637,42.57805145699527,35.12151368860313,4.252174422475318,2.307969661625242,25.52973308059837,3239.961994345794
1463,146.29999999999598,42.57101207106744,35.07528641327686,7.495725685386136,3240.0722352281987,25.66685524817888,117.8591188433269,117.85911200000001,11.22881256705567,0.1,7.4102597589771975,3219.482131340912,35.12,25.752816345960692,3241.6514007861156,4.162660577991162,2.331794193226505,4.252500000000007,2.307000000000001,78.20685602268867,39.9895484213645,25.90487059219744,0.5113304696683254,0.6477910257760677,11.279937257451817,42.530259758977195,35.047207795313,4.252437289344386,2.3077496875862655,25.662704883498495,3240.07841556515
1464,146.39999999999597,42.57101207827753,35.07528640695741,7.495725696172824,3240.0722537453426,25.66685524609605,117.85911816313941,117.85911200000001,11.228812664319069,0.1,7.466382411985613,3219.482131340912,35.12,25.752816345960692,3241.6514007861156,4.162660577991162,2.331794193226505,4.252500000000007,2.307000000000001,78.20685613677426,39.98954841911906,25.9048708165841,0.5113304688937017,0.6477910314235743,11.129075215587097,42.58638241198561,35.06704568398623,4.25174838588248,2.3072253728408545,25.593582706820797,3240.177697407153
1465,146.49999999999596,42.57101208477097,35.075286401266084,7.495725705887377,3240.0722704219884,25.666855244220237,117.85911755055866,117.85911200000001,11.228812751915042,0.1,7.4068231191009914,3219.482131340912,35.12,25.75451595130949,3241.5776577463544,4.162660577991162,2.331794193226505,4.252500000000007,2.307000000000001,78.20685623952039,39.98954841709681,25.90487101866801,0.5113304681960714,0.6477910365097509,11.251527558778147,42.52682311910099,35.10319482089,4.252571227304333,2.307439537143208,25.612977505552895,3240.0532778025063
1466,146.59999999999596,42.57101209061899,35.07528639614044,7.49572571463636,3240.072285441071,25.66685524253087,117.85911699886493,117.85911200000001,11.228812830804477,0.1,7.4984627242387205,3219.482131340912,35.12,25.75451595130949,3241.5776577463544,4.162660577991162,2.331794193226505,4.252500000000007,2.307000000000001,78.20685633205417,39.98954841527555,25.904871200665937,0.5113304675677812,0.6477910410903909,11.241481804892201,42.61846272423872,35.017546216080504,4.2524162953371905,2.307645619133673,25.683487393828234,3240.1414558997253
1467,146.69999999999595,42.57101209588578,35.07528639152426,7.495725722515745,3240.072298967343,25.666855241009415,117.85911650200639,117.85911200000001,11.228812901852754,0.1,7.436242548971002,3219.482131340912,35.12,25.75451595130949,3241.5776577463544,4.162660577991162,2.331794193226505,4.252500000000007,2.307000000000001,78.20685641539062,39.98954841363531,25.904871364574312,0.5113304670019395,0.6477910452157414,11.233759097834579,42.556242548971,35.021383070533325,4.2533117480629095,2.305832320546096,25.670933559563487,3240.1200470129875
1468,146.79999999999595,42.57101210062905,35.07528638736689,7.495725729611966,3240.072311149181,25.666855239639187,117.85911605453273,117.85911200000001,11.228812965839241,0.1,7.453264977833307,3219.482131340912,35.12,25.75451595130949,3241.5776577463544,4.1525089054447175,2.3355721627376003,4.252500000000007,2.307000000000001,78.20685649044391,39.98954841215809,25.90487151219114,0.5113304664923389,0.6477910489310561,11.182147994272766,42.573264977833304,35.123373508459295,4.25244482678763,2.3083415499145645,25.53330934563779,3240.170377713855
1469,146.89999999999594,42.57101210490087,35.07528638362275,7.495725736002859,3240.0723221202143,25.66685523840515,117.85911565153539,117.85911200000001,11.228813023465836,0.1,7.432243593604888,3219.482131340912,35.12,25.75451595130949,3241.5776577463544,4.1525089054447175,2.3355721627376003,4.252500000000007,2.307000000000001,78.2068565580373,39.989548410827716,25.904871645135692,0.5113304660333903,0.6477910522770893,11.295574879371893,42.552243593604885,35.034424330971106,4.253644096647804,2.307606971719506,25.68381243058874,3239.9209943652318
1470,146.99999999999594,42.57101210874811,35.075286380250766,7.495725741758535,3240.0723320007896,25.66685523729377,117.85911528859369,117.85911200000001,11.228813075364679,0.1,7.4493791444105995,3219.482131340912,35.12,25.75451595130949,3241.5776577463544,4.1525089054447175,2.3355721627376003,4.252500000000007,2.307000000000001,78.20685661891231,39.989548409629556,25.90487176486632,0.5113304656200581,0.6477910552905464,11.282818173794466,42.5693791444106,35.07187812104,4.2503859171494165,2.304124430354189,25.564775603841632,3239.951621810237
1471,147.09999999999593,42.57101211221294,35.07528637721392,7.495725746942131,3240.072340899292,25.666855236292854,117.8591149617263,117.85911200000001,11.228813122105073,0.1,7.435724217062926,3219.482131340912,35.12,25.730246857207263,3241.5038141063133,4.1525089054447175,2.3355721627376003,4.252500000000007,2.307000000000001,78.2068566737367,39.9895484085505,25.904871872696415,0.511330465247809,0.647791058004483,11.212536328483449,42.555724217062924,35.09423238118304,4.250526687570779,2.30640844661394,25.705494225966973,3240.0183374656103
1472,147.19999999999592,42.5710121153334,35.07528637447892,7.495725751610508,3240.0723489133347,25.666855235391424,117.85911466734765,117.85911200000001,11.22881316419974,0.1,7.432717738273098,3219.482131340912,35.12,25.730246857207263,3241.5038141063133,4.1525089054447175,2.3355721627376003,4.252500000000007,2.307000000000001,78.20685672311187,39.989548407578674,25.90487196980881,0.5113304649125588,0.64779106044867,11.240817940653905,42.552717738273095,35.06889737288811,4.252229875894445,2.306379394592455,25.68492971345365,3240.2652341279095
1473,147.29999999999592,42.5710121181437,35.075286372015775,7.495725755814874,3240.0723561308273,25.66685523457959,117.85911440222856,117.85911200000001,11.22881320211044,0.1,7.44952557458064,3219.482131340912,35.12,25.730246857207263,3241.5038141063133,4.1525089054447175,2.3355721627376003,4.252500000000007,2.307000000000001,78.20685676757941,39.989548406703456,25.904872057268793,0.511330464610631,0.6477910626499187,11.260167795635766,42.56952557458064,35.072958701824554,4.252019105765607,2.307061172363552,25.425776173835242,3240.012247736102
1474,147.3999999999959,42.57101212067468,35.07528636979744,7.495725759601351,3240.0723626309423,25.666855233848445,117.85911416346079,117.85911200000001,11.22881323625303,0.1,7.4134819007898685,3219.482131340912,35.12,25.730246857207263,3241.5038141063133,4.14523149915584,2.3392159956929577,4.252500000000007,2.307000000000001,78.20685680762713,39.98954840591522,25.90487213603575,0.511330464338713,0.6477910646323758,11.180089798332546,42.533481900789866,35.129201195461604,4.253579901780965,2.3057824281431283,25.798314213131192,3239.9899298355313
1475,147.4999999999959,42.57101212295409,35.07528636779959,7.495725763011476,3240.072368484983,25.666855233189974,117.85911394842516,117.85911200000001,11.228813267002044,0.1,7.444385491425095,3219.482131340912,35.12,25.730246857207263,3241.5038141063133,4.14523149915584,2.3392159956929577,4.252500000000007,2.307000000000001,78.20685684369438,39.98954840520533,25.904872206973725,0.5113304640938218,0.6477910664177882,11.180157145345131,42.56438549142509,35.06697007206101,4.252593548412684,2.3065621268446255,25.61945596364022,3240.077477366289
1476,147.5999999999959,42.571012125006945,35.07528636600033,7.495725766082652,3240.0723737571657,25.66685523259695,117.85911375476283,117.85911200000001,11.228813294694781,0.1,7.443941393271473,3219.482131340912,35.12,25.730246857207263,3241.5038141063133,4.14523149915584,2.3392159956929577,4.195800000000006,2.307000000000001,78.20685687617672,39.989548404566,25.90487227086087,0.5113304638732716,0.6477910680257408,11.201366489932306,42.56394139327147,35.0961111294632,4.1948621495753295,2.3056089810405305,25.536530897292668,3240.0920640688682
1477,147.6999999999959,42.57101212685575,35.07528636437989,7.394327125101518,3240.0723785053233,25.666855232062872,116.99968467014068,117.85911200000001,11.22881331963502,0.1,7.480961666400418,3219.482131340912,35.12,25.685142981170415,3237.895167480305,4.14523149915584,2.3392159956929577,4.195800000000006,2.307000000000001,77.0747541674194,39.697944530852716,25.904872328398,0.5150576860047075,0.6525494615537355,11.193517196850886,42.600961666400416,35.01144897735598,4.196216960522377,2.30869819636672,25.63477745794481,3240.034425374939
1478,147.7999999999959,42.57101212852079,35.07528636292052,7.394327127783614,3237.746881009047,25.67450851284338,116.99968450961636,117.85911200000001,11.228813342096338,0.1,7.4128210134965755,3219.482131340912,35.12,25.685142981170415,3237.895167480305,4.14523149915584,2.3392159956929577,4.195800000000006,2.307000000000001,77.09773616105393,39.66945206643345,25.90487238021626,0.5145345900113802,0.6530181545445601,11.247701846461931,42.53282101349657,35.123388903968916,4.195368428433754,2.306833358937964,25.589610247974697,3237.8541996222457
1479,147.89999999999588,42.54715226035948,35.09620202002806,7.388513405753368,3235.421383078413,25.682161793657276,117.1128864738553,117.85911200000001,11.21781249775535,0.1,7.470548564718989,3219.482131340912,35.12,25.685142981170415,3237.895167480305,4.14523149915584,2.3392159956929577,4.195800000000006,2.307000000000001,77.05576996149388,39.6793138955789,25.879493432321603,0.5149427994218648,0.6522162530437583,11.207267228355395,42.590548564718986,35.09658916581041,4.194054020802226,2.3057600135659837,25.63347942164066,3235.363183231454
1480,147.99999999999588,42.52329239209408,35.117123912877226,7.382178335513236,3233.402194797548,25.686874348366548,117.22176247858316,117.85911200000001,11.206811651359619,0.1,7.408436977360559,3219.482131340912,35.12,25.685142981170415,3237.895167480305,4.144915771487778,2.3404736809452196,4.195800000000006,2.307000000000001,76.99912392298135,39.69141603771834,25.85411447968665,0.515478800478559,0.6513779819575536,11.205574788989631,42.528436977360556,35.22208434560001,4.194591553637321,2.306589804581026,25.50596794797187,3233.2085071344595
1481,148.09999999999587,42.50860053153245,35.130009798976296,7.377811407945369,3231.6776106880916,25.68868505618751,117.3061854286497,117.85911200000001,11.197259813093394,0.1,7.423451494689914,3219.482131340912,35.12,25.685142981170415,3237.895167480305,4.144915771487778,2.3404736809452196,4.195800000000006,2.307000000000001,76.95575406255003,39.69881647480726,25.83207838880647,0.5158654730683278,0.6507014738134428,11.125346608074171,42.54345149468991,35.0937858535295,4.195975744067627,2.3067466395962177,25.836184073650802,3231.811637919106
1482,148.19999999999587,42.502955468829825,35.13496157972823,7.37566123762058,3230.181463995258,25.688743877392803,117.36977673128764,117.85911200000001,11.189101609796488,0.1,7.362759523125085,3219.482131340912,35.12,25.685142981170415,3237.895167480305,4.144915771487778,2.3404736809452196,4.195800000000006,2.307000000000001,76.93190342753468,39.70194803380456,25.813257413800507,0.5160661086619475,0.6501760919091826,11.225581905570843,42.48275952312508,35.10712806973038,4.193963455973932,2.307813951623257,25.567864313372663,3230.052164557573
1483,148.29999999999586,42.5027720878402,35.13512244516877,7.374912986990629,3228.857387016677,25.68816516773183,117.41975375504458,117.85911200000001,11.1820240374037,0.1,7.383188242709494,3219.482131340912,35.12,25.764444376406548,3236.552982810833,4.144915771487778,2.3404736809452196,4.195800000000006,2.307000000000001,76.92180926717418,39.70257237957991,25.796929454290346,0.516141946709549,0.6497546105490735,11.266286289439035,42.50318824270949,35.13570685393881,4.196322543354814,2.307064428331163,25.781902987118507,3229.0107818142706
1484,148.39999999999586,42.50457627307925,35.13353979411503,7.374715824516469,3227.6685413014966,25.68761695115891,117.46181099704917,117.85911200000001,11.175760446597783,0.1,7.415836977423844,3219.482131340912,35.12,25.764444376406548,3236.552982810833,4.144915771487778,2.3404736809452196,4.195800000000006,2.307000000000001,76.91796458842921,39.702169508631435,25.782479350301095,0.516162507953361,0.6493972412438536,11.219877895470855,42.53583697742384,35.11093923875617,4.195782408544355,2.307209953491543,25.681614236049672,3227.755165421638
1485,148.49999999999585,42.50628539306699,35.1320405682265,7.3745573627382175,3226.5934969603054,25.68733924462035,117.49942331548931,117.85911200000001,11.170136571844493,0.1,7.348711998163658,3219.482131340912,35.12,25.764444376406548,3236.552982810833,4.144915771487778,2.3404736809452196,4.195800000000006,2.307000000000001,76.91536241796024,39.70165460231512,25.769505071245256,0.5161732761080318,0.6490788691145019,11.133874286687988,42.468711998163656,35.120961954355856,4.195942685310731,2.3077089210944224,25.630025206546314,3226.4692948539964
1486,148.59999999999584,42.507151170971596,35.13128112723297,7.37425326592909,3225.620226613637,25.68731565514866,117.53416812792267,117.85911200000001,11.165051038329175,0.1,7.389277592911583,3219.482131340912,35.12,25.764444376406548,3236.552982810833,4.14479276813525,2.339854111173585,4.195800000000006,2.307000000000001,76.91189387619806,39.70141530356828,25.757772745425417,0.5161934429475112,0.6487872673675278,11.119047182673205,42.50927759291158,35.184731131769176,4.19613961709717,2.30839080051763,25.567875098315273,3225.7478626456655
1487,148.69999999999584,42.50722471350855,35.131216617744464,7.373811902388438,3224.740971166792,25.687437684939752,117.56641928388255,117.85911200000001,11.160446950127598,0.1,7.3978817478421846,3219.482131340912,35.12,25.764444376406548,3236.552982810833,4.14479276813525,2.339854111173585,4.195800000000006,2.307000000000001,76.90732753429064,39.70148432084802,25.74715111394438,0.5162249891357404,0.6485186021224918,11.200765809215126,42.51788174784218,35.10191255504171,4.194016930006914,2.3074457137059925,25.60220309292925,3224.6963279933234
1488,148.79999999999583,42.50684427343184,35.1315503299442,7.373309362975366,3223.9489831128153,25.687603447369973,117.59606175187227,117.85911200000001,11.156287602580592,0.1,7.3658199655123795,3219.482131340912,35.12,25.764444376406548,3236.552982810833,4.14479276813525,2.339854111173585,4.195800000000006,2.307000000000001,76.9022084983549,39.701741366472895,25.737555499153437,0.5162626944234274,0.6482727108007444,11.242530711477457,42.48581996551238,35.083964816148274,4.195384806564293,2.3061917933215232,25.7376161520241,3223.8871686371635
1489,148.89999999999583,42.50632749247937,35.13200363937463,7.372816563900015,3223.2372036846277,25.687753237863074,117.62295950660399,117.85911200000001,11.152541076378922,0.1,7.408537154412414,3219.482131340912,35.12,25.53150747285055,3223.409431843469,4.14479276813525,2.339854111173585,4.195800000000006,2.307000000000001,76.8971504156407,39.70205504257727,25.728912263206183,0.5163007319254572,0.648049886476002,11.026980015436138,42.52853715441241,35.08874728106102,4.194129380853514,2.3063003964747173,25.835766228534332,3223.153657200933
1490,148.99999999999582,42.50586050563808,35.13241327296942,7.372373427219326,3222.5982060485835,25.687867003765653,117.64713498629712,117.85911200000001,11.14917397978684,0.1,7.409694647315568,3219.482131340912,35.12,25.53150747285055,3223.409431843469,4.14479276813525,2.339854111173585,4.195800000000006,2.307000000000001,76.89253936373284,39.702342714490335,25.721144371368247,0.5163354343999771,0.6478495376541267,11.222455121234804,42.529694647315566,35.15463998683547,4.1968951914288875,2.308486070804252,25.630858717124077,3222.5416931212894
1491,149.09999999999582,42.5055058290602,35.132724391343785,7.371990900317521,3222.024624085912,25.687948051547163,117.66876392332841,117.85911200000001,11.14615117991729,0.1,7.357395949239738,3219.482131340912,35.12,25.53150747285055,3223.409431843469,4.14479276813525,2.339854111173585,4.195800000000006,2.307000000000001,76.88850759423337,39.70257400829268,25.714170772069195,0.5163655174296863,0.6476701174764709,11.10326506349976,42.477395949239735,35.14212449387142,4.194975167334048,2.307984869889465,25.78735983369395,3221.9967653233666
1492,149.1999999999958,42.50525315449657,35.132946035519005,7.371663022950677,3221.5095671865774,25.688007719061815,117.68810301817447,117.85911200000001,11.143437831096982,0.1,7.425170712964764,3219.482131340912,35.12,25.53150747285055,3223.409431843469,4.143892263304669,2.3392231458903905,4.195800000000006,2.307000000000001,76.88502246427879,39.70275150517481,25.707911076340746,0.5163912324226858,0.6475095579456251,11.12465354420981,42.54517071296476,35.15166258556261,4.1948030519406725,2.306590379643604,25.657267676448456,3221.5512387381427
1493,149.2999999999958,42.50506713505288,35.13310921078486,7.371378259395534,3221.046839338324,25.688056333598173,117.70542165398443,117.85911200000001,11.141001337062736,0.1,7.434538593459479,3219.482131340912,35.12,25.53150747285055,3223.409431843469,4.143892263304669,2.3392231458903905,4.195800000000006,2.307000000000001,76.88198599470381,39.70289042372753,25.702290084603742,0.5164134343051772,0.6473657159541047,11.157354631580855,42.554538593459476,35.148433012675206,4.195654091221914,2.306107830349294,25.639702554893837,3220.743365495998
1494,149.3999999999958,42.50491557437434,35.133242159285565,7.371126162486161,3220.6309734443225,25.688100085054234,117.72096255005934,117.85911200000001,11.138812387369594,0.1,7.37712232805157,3219.482131340912,35.12,25.53150747285055,3223.409431843469,4.143892263304669,2.3392231458903905,4.195800000000006,2.307000000000001,76.87929997969307,39.70300580613689,25.697240177661662,0.5164329776236785,0.6472366425639653,11.086857146264006,42.49712232805157,35.116688382727475,4.1965255321755945,2.3068670054683795,25.621987074222083,3220.6096485904054
1495,149.4999999999958,42.50477917483492,35.1333618087028,7.370899647610862,3220.2571591743,25.688141390124343,117.73492949374828,117.85911200000001,11.136845119731612,0.1,7.37771319310427,3219.482131340912,35.12,25.703005303183406,3219.488137848732,4.143892263304669,2.3392231458903905,4.195800000000006,2.307000000000001,76.87689249078787,39.703107528260006,25.69270169122084,0.5164504735023937,0.6471206736886579,11.171549706693146,42.49771319310427,35.14297039840153,4.197199319866372,2.3065288560940576,25.587585346723486,3220.2210414410642
1496,149.5999999999958,42.50465040214836,35.133474768046206,7.370694683780883,3219.9211376197877,25.688180466045985,117.74749098840971,117.85911200000001,11.135076778719185,0.1,7.420326516278287,3219.482131340912,35.12,25.703005303183406,3219.488137848732,4.143892263304669,2.3392231458903905,4.195800000000006,2.307000000000001,76.87471913733727,39.70320026264549,25.68862212850517,0.516466280568979,0.6470164107318611,11.136839606025223,42.540326516278284,35.19150119777602,4.196582858933261,2.3073307992934,25.777492715058028,3219.934421369074
1497,149.69999999999578,42.50452857905505,35.13358163137668,7.3705090972630405,3219.619105820278,25.688216766808456,117.7587893366438,117.85911200000001,11.133487217422163,0.1,7.412386183147113,3219.482131340912,35.12,25.703005303183406,3219.488137848732,4.143892263304669,2.3392231458903905,4.195800000000006,2.307000000000001,76.87275399743434,39.70328538841779,25.684955010592937,0.5164805906360906,0.6469226604125242,11.170264462828763,42.53238618314711,35.16505833587272,4.197710353803333,2.3060512617113167,25.67698530002421,3219.5879327024495
1498,149.79999999999578,42.504415407797964,35.13368090545403,7.3703414841417985,3219.3476458674127,25.6882498145126,117.76894893690789,117.85911200000001,11.132058445807592,0.1,7.397591494003002,3219.482131340912,35.12,25.703005303183406,3219.488137848732,4.1504087345073435,2.3386729920077123,4.195800000000006,2.307000000000001,76.87097995497547,39.70336293232721,25.681658834478124,0.5164935188231253,0.6468383768460995,11.162932106568203,42.517591494003,35.162113482432744,4.196826926968959,2.306614740529522,25.785216623566747,3219.3609366429064
1499,149.89999999999577,42.50431237827553,35.133771283301286,7.370190574707019,3219.1036764587234,25.688279478408788,117.77808161893601,117.85911200000001,11.130774295344706,0.1,7.38594371026803,3219.482131340912,35.12,25.703005303183406,3219.488137848732,4.1504087345073435,2.3386729920077123,4.195800000000006,2.307000000000001,76.86938243221087,39.70343278348869,25.678696299360244,0.5165051614471096,0.6467626222496092,11.161310188453205,42.50594371026803,35.139252887389986,4.195376900313584,2.3082520257620573,25.69555726317686,3219.0237615145315
1500,149.99999999999577,42.504219898112765,35.133852407313405,7.370055008742021,3218.884418888316,25.68830593468171,117.78628926119332,117.85911200000001,11.129620189828252,0.1,7.446921386101145,3219.482131340912,35.12,25.703005303183406,3219.488137848732,4.1504087345073435,2.3386729920077123,4.195800000000006,2.307000000000001,76.8679467583215,39.70349516669658,25.676033777933785,0.5165156198529317,0.6466945459116891,11.168804248031046,42.56692138610114,35.12717971171096,4.196301379666704,2.3075599756479215,25.829266327722213,3218.8724338122365
1501,150.09999999999576,42.50413741803631,35.13392475928416,7.369933348475392,3218.687370120045,25.68832951993873,117.79366478377182,117.85911200000001,11.128582984496274,0.1,7.405340905099862,3219.482131340912,35.12,25.766244770890168,3218.1209436657996,4.1504087345073435,2.3386729920077123,4.195800000000006,2.307000000000001,76.8666578756658,39.70355065331259,25.673640945232915,0.516525002524948,0.6466333746674842,11.127082132325445,42.52534090509986,35.19453223293763,4.195119753157725,2.307040895552481,25.75332619105816,3218.6434984579496
1502,150.19999999999575,42.504063888639024,35.13398925973338,7.369824171537692,3218.5102785473327,25.688350601484085,117.80029252212898,117.85911200000001,11.127650838651869,0.1,7.388367450618738,3219.482131340912,35.12,25.766244770890168,3218.1209436657996,4.1504087345073435,2.3386729920077123,4.195800000000006,2.307000000000001,76.86550099031689,39.703599995027886,25.67149048476987,0.5165334185492336,0.6465784082044129,11.10277685297169,42.508367450618735,35.054795866223564,4.197626038184281,2.3079550964727433,25.732689883322646,3218.3283069686804
1503,150.29999999999575,42.503998164813225,35.13404691313639,7.369726152940677,3218.351120764273,25.68836950529394,117.80624856931365,117.85911200000001,11.126813100994173,0.1,7.347558577895818,3219.482131340912,35.12,25.766244770890168,3218.1209436657996,4.1504087345073435,2.3386729920077123,4.195800000000006,2.307000000000001,76.86446227263522,39.70364395823776,25.669557823993568,0.5165409707467997,0.6465290150947874,11.279399269527856,42.467558577895815,35.051720424517065,4.195263771777532,2.3057162622325316,25.740030294226983,3218.454585157276
1504,150.39999999999574,42.503939230295614,35.134098610950645,7.3696381058305445,3218.2080792627585,25.688386495106386,117.81160129009093,117.85911200000001,11.126060199733304,0.1,7.421800041787272,3219.482131340912,35.12,25.766244770890168,3218.1209436657996,4.150920369358132,2.338200888649964,4.195800000000006,2.307000000000001,76.86352925013378,39.70368322673933,25.667820880784742,0.5165477517631709,0.6464846279928552,11.05865358296583,42.54180004178727,35.1658434273399,4.196466629358845,2.3075637011772865,25.78533791354536,3218.3129809065686
1505,150.49999999999574,42.50388626285634,35.13414507443015,7.369558985805619,3218.0795215207586,25.688401780250523,117.81641198705499,117.85911200000001,11.125383537085856,0.1,7.406418374977207,3219.482131340912,35.12,25.766244770890168,3218.1209436657996,4.150920369358132,2.338200888649964,4.195800000000006,2.307000000000001,76.86269087919241,39.703718371939566,25.66625982005708,0.5165538431947847,0.646444737986974,11.101190962291497,42.526418374977204,35.18071814026142,4.19691382436198,2.3062299597271934,25.74483550070229,3218.0815616623822
1506,150.59999999999573,42.50383860989098,35.134186876035066,7.369487875204712,3217.963980893012,25.688415532386156,117.82073562348774,117.85911200000001,11.124775390351303,0.1,7.374037647500913,3219.482131340912,35.12,25.766244770890168,3218.1209436657996,4.150920369358132,2.338200888649964,4.195800000000006,2.307000000000001,76.86193741961132,39.7037498636944,25.664856825540465,0.5165593165696599,0.6464088886729746,11.077858629962307,42.49403764750091,35.13317590990431,4.193925189859919,2.3072983222428145,25.601142470638468,3217.956665639805
1507,150.69999999999573,42.50379573623293,35.134224485210375,7.369423961873503,3217.860139457681,25.68842789997115,117.82462151831749,117.85911200000001,11.12422882151477,0.1,7.35204338528014,3219.482131340912,35.12,25.742656876842844,3218.4670863446986,4.150920369358132,2.338200888649964,4.195800000000006,2.307000000000001,76.86126024065196,39.70377809527954,25.663595891234582,0.5165642349730846,0.646376670493375,11.118072435439213,42.47204338528014,35.07627042402362,4.1956901756827945,2.3073970402630404,25.70259005116821,3217.815382164317
1508,150.79999999999572,42.503757179049956,35.13425830795042,7.369366520538847,3217.766812743471,25.68843901693724,117.82811396794946,117.85911200000001,11.12373759610255,0.1,7.395833994533305,3219.482131340912,35.12,25.742656876842844,3218.4670863446986,4.150920369358132,2.338200888649964,4.195800000000006,2.307000000000001,76.86065163888391,39.703803406436144,25.662462634208595,0.516568654569537,0.6463477156460181,11.097766604370435,42.5158339945333,35.08608635180189,4.196824134279103,2.307946205088205,25.66277997226826,3217.7579181233264
1509,150.8999999999957,42.50372252079646,35.13428871052508,7.369314899280182,3217.6829361393434,25.68844900638117,117.83125278481201,117.85911200000001,11.123296110933238,0.1,7.333721789644038,3219.482131340912,35.12,25.742656876842844,3218.4670863446986,4.150920369358132,2.338200888649964,4.195800000000006,2.307000000000001,76.86010469806925,39.70382609872407,25.661444127922987,0.5165726257424867,0.6463216936351543,11.146898577487189,42.453721789644035,35.144294064956135,4.1973436261433426,2.307234634507001,25.67814193953711,3217.408798498658
1510,150.9999999999957,42.503691377706076,35.13431602957392,7.369268510411647,3217.6075527614626,25.688457981444614,117.8340737620687,117.85911200000001,11.122899329828407,0.1,7.403384724688571,3219.482131340912,35.12,25.742656876842844,3218.4670863446986,4.149367440032384,2.3377310294976827,4.195800000000006,2.307000000000001,76.85961318991953,39.70384644366471,25.660528753914143,0.5165761938660399,0.6462983074026227,11.130671465744024,42.52338472468857,35.106767112767116,4.194467261157349,2.307913014279461,25.658573766765308,3217.758209025451
1511,151.0999999999957,42.50366339704827,35.134340574512436,7.369226824093838,3217.539802577593,25.68846604525192,117.83660907978751,117.85911200000001,11.122542726216794,0.1,7.393461250819527,3219.482131340912,35.12,25.742656876842844,3218.4670863446986,4.149367440032384,2.3377310294976827,4.195800000000006,2.307000000000001,76.85917150253347,39.70386468642294,25.659706069382153,0.5165793998327733,0.6462772899323501,11.167241124449363,42.513461250819525,35.18743231692763,4.1941047923827295,2.306624676991045,25.825634760044988,3217.6496747353235
1512,151.1999999999957,42.50363825732262,35.134362627361575,7.369189363228934,3217.4789126305377,25.688473290941314,117.83888766592713,117.85911200000001,11.122222231686909,0.1,7.418875691298659,3219.482131340912,35.12,25.742656876842844,3218.4670863446986,4.149367440032384,2.3377310294976827,4.195800000000006,2.307000000000001,76.85877458345367,39.70388104762454,25.658966688501707,0.5165822804592579,0.6462584012309514,11.19552951318272,42.53887569129866,35.14593584534393,4.194876274303403,2.3055280750921225,25.497267711840177,3217.454230011144
1513,151.2999999999957,42.50361566816136,35.134382442832944,7.369155698815057,3217.4241882383567,25.68847980210892,117.84093552113556,117.85911200000001,11.121934189738655,0.1,7.416441985984655,3219.482131340912,35.12,25.72850942491077,3218.065308551388,4.149367440032384,2.3377310294976827,4.195800000000006,2.307000000000001,76.8584178890889,39.70389572487091,25.658302175727083,0.5165848688450224,0.6462414256154333,11.109163046933,42.53644198598465,35.144936866829525,4.196677161584338,2.3062198979761512,25.698206458022177,3217.4425153005714
1514,151.39999999999569,42.50359536894524,35.134400249542935,7.369125445470117,3217.3750050734493,25.68848565358967,117.84277601257966,117.85911200000001,11.121675314155686,0.1,7.373328297483212,3219.482131340912,35.12,25.72850942491077,3218.065308551388,4.149367440032384,2.3377310294976827,4.195800000000006,2.307000000000001,76.85809733703718,39.70390889453251,25.65770494975718,0.5165871947157815,0.6462261692649213,11.100941113581957,42.49332829748321,35.13165233333256,4.195815583022385,2.306847000145717,25.64057358359945,3217.392655179118
1515,151.49999999999568,42.50357712636885,35.134416252148334,7.369098257132276,3217.3308020367,25.688490912379926,117.84443013979097,117.85911200000001,11.121442651535233,0.1,7.3899342345049845,3219.482131340912,35.12,25.72850942491077,3218.065308551388,4.149367440032384,2.3377310294976827,4.195800000000006,2.307000000000001,76.85780926080555,39.70392071381863,25.657168197091792,0.5165892847542568,0.646212458009519,11.093757861403114,42.50993423450498,35.14954633446136,4.196903179480283,2.304955830935594,25.794699282079083,3217.3248211673504
1516,151.59999999999567,42.50356073156435,35.13443063386933,7.369073823036905,3217.2910748509676,25.68849563853967,117.8459167746132,117.85911200000001,11.121233547579001,0.1,7.403468764955839,3219.482131340912,35.12,25.72850942491077,3218.065308551388,4.157971808279263,2.337197153458723,4.195800000000006,2.307000000000001,76.85755036755762,39.70393132291223,25.656685794264764,0.516591162911584,0.6462001353366958,11.089550055868735,42.52346876495584,35.17703784538402,4.195593408159326,2.3076348027468057,25.726670124195884,3217.2195558128305
1517,151.69999999999567,42.503545997288725,35.13444355895679,7.369051864050222,3217.255370303842,25.688499885990826,117.84725287718514,117.85911200000001,11.121045616786967,0.1,7.337538779098473,3219.482131340912,35.12,25.72850942491077,3218.065308551388,4.157971808279263,2.337197153458723,4.195800000000006,2.307000000000001,76.85731769953551,39.7039408469735,25.656252237927543,0.516592850692387,0.6461890605975762,11.095403618425209,42.45753877909847,35.13590708642282,4.195415080111648,2.307507709964109,25.632912578323957,3217.1638069044498
1518,151.79999999999566,42.503532755435,35.13445517487547,7.369032129385804,3217.223281074822,25.68850370319378,117.8484536899873,117.85911200000001,11.12087671522254,0.1,7.424538105417511,3219.482131340912,35.12,25.72850942491077,3218.065308551388,4.157971808279263,2.337197153458723,4.195800000000006,2.307000000000001,76.85710859939505,39.703949397908694,25.655862582018408,0.5165943674105534,0.646179107395542,11.055231675445352,42.54453810541751,35.15095859107534,4.19422624394573,2.307943969912919,25.587922471752936,3217.341728794682
1519,151.89999999999566,42.50352085492307,35.1344656141541,7.36901439368569,3217.194441087556,25.688507133719117,117.84953291204185,117.85911200000001,11.120724916042347,0.1,7.379996396986563,3219.482131340912,35.12,25.711922241495945,3216.7771969783203,4.157971808279263,2.337197153458723,4.195800000000006,2.307000000000001,76.85692067930137,39.70395707588687,25.655512381309702,0.5165957304165023,0.6461701621396042,11.089535414078721,42.49999639698656,35.11666325522819,4.196203789446917,2.307042442440584,25.42486688862847,3217.184172696872
1520,151.99999999999565,42.50351015991728,35.13447499594891,7.3689984544253315,3217.168521333448,25.6885102167408,117.85050285529913,117.85911200000001,11.120588487509865,0.1,7.361352167163517,3219.482131340912,35.12,25.711922241495945,3216.7771969783203,4.157971808279263,2.337197153458723,4.195800000000006,2.307000000000001,76.8567517934078,39.703963970635535,25.65519764068527,0.5165969552988713,0.6461621227457156,11.071534259354138,42.481352167163514,35.145954119193576,4.198047160229596,2.3074111425272963,25.615498055132594,3217.1824190272882
1521,152.09999999999565,42.5035005482889,35.1344834273924,7.368984129597745,3217.1452261184236,25.68851298747271,117.85137458508852,117.85911200000001,11.120465873238832,0.1,7.3577641200827415,3219.482131340912,35.12,25.711922241495945,3216.7771969783203,4.157971808279263,2.337197153458723,4.195800000000006,2.307000000000001,76.85660001328486,39.70397016256026,25.654914769561994,0.5165980560641159,0.6461548974705271,11.072104433662979,42.47776412008274,35.087636474018275,4.193392172767674,2.3064964236057817,25.610928644515756,3217.323758776731
1522,152.19999999999564,42.50349191025509,35.1344910047871,7.368971255638126,3217.124289689735,25.688515477562113,117.85215804631393,117.85911200000001,11.120355674438452,0.1,7.41063082352548,3219.482131340912,35.12,25.711922241495945,3216.7771969783203,4.156674616726457,2.3367672345341552,4.195800000000006,2.307000000000001,76.85646360590754,39.70397572372782,25.654660540929516,0.5165990452971608,0.6461484038636922,11.12902874997194,42.53063082352548,35.10833930050947,4.1966073478436,2.308009974878487,25.647781355997267,3217.1419844686216
1523,152.29999999999563,42.50348414715236,35.13449781468167,7.368959685558592,3217.1054732042403,25.68851771544695,117.85286217687431,117.85911200000001,11.120256633956393,0.1,7.371878041757043,3219.482131340912,35.12,25.711922241495945,3216.7771969783203,4.156674616726457,2.3367672345341552,4.195800000000006,2.307000000000001,76.85634101388166,39.70398071874047,25.654432054537406,0.5165999343056054,0.6461425678264142,11.12096220305501,42.49187804175704,35.120034069160745,4.19619446159743,2.3079612784883263,25.56633751587411,3217.128837009436
1524,152.39999999999563,42.5034771703226,35.134503934847956,7.368949287269747,3217.088562003577,25.68851972668009,117.8534950096155,117.85911200000001,11.120167621937114,0.1,7.363281897035236,3219.482131340912,35.12,25.711922241495945,3216.7771969783203,4.156674616726457,2.3367672345341552,4.195800000000006,2.307000000000001,76.85623083765947,39.70398520551829,25.65422670380893,0.5166007332493774,0.646137322765357,11.078440695665856,42.48328189703523,35.11029034280387,4.193349187856167,2.307785349580172,25.818766199294934,3217.2685739990097
1525,152.49999999999562,42.50347090010216,35.13450943516775,7.36893994207041,3217.073363165209,25.68852153422249,117.85406376397253,117.85911200000001,11.120087622931992,0.1,7.440757637048918,3219.482131340912,35.12,25.69821915504782,3214.1233609004653,4.156674616726457,2.3367672345341552,4.195800000000006,2.307000000000001,76.85613181954069,39.703989236000545,25.654042146104114,0.5166014512573451,0.6461326088322377,11.062382238779715,42.560757637048916,35.171072423879245,4.196950895955352,2.30619808643026,25.565764752281343,3216.98394561543
1526,152.59999999999562,42.50346526490796,35.13451437843454,7.368931543289452,3217.059703301443,25.688523158707056,117.85457492833979,117.85911200000001,11.120015724314461,0.1,7.390350841829232,3219.482131340912,35.12,25.69821915504782,3214.1233609004653,4.156674616726457,2.3367672345341552,4.195800000000006,2.307000000000001,76.856042829286,39.70399285677324,25.653876275993472,0.516602096532142,0.6461283722404532,11.121344353486933,42.51035084182923,35.11652142835274,4.197417468426302,2.3068183333039523,25.701538604244465,3216.8987549533945
1527,152.6999999999956,42.50346020041489,35.134518821075076,7.36892399506517,3217.0474265813295,25.688524618675572,117.85503433410192,117.85911200000001,11.119951105868193,0.1,7.389244545798931,3219.482131340912,35.12,25.69821915504782,3214.1233609004653,4.156674616726457,2.3367672345341552,4.195800000000006,2.307000000000001,76.85596285118633,39.70399610963004,25.65372720123793,0.5166026764443453,0.6461245646509552,11.162488331163203,42.50924454579893,35.117260398345216,4.197490794654037,2.3062428816840295,25.908072481461893,3217.216520354087
1528,152.7999999999956,42.50345564881704,35.13452281379734,7.3689172112487284,3217.0363929528803,25.688525930791183,117.85544722216726,117.85911200000001,11.119893030429626,0.1,7.378344473582288,3219.482131340912,35.12,25.69821915504782,3214.1233609004653,4.159013053651285,2.3362873729269467,4.195800000000006,2.307000000000001,76.85589097244566,39.703999032072794,25.653593221201156,0.51660319761705,0.6461211426203755,11.070517344469584,42.498344473582286,35.135554267730946,4.1962356560290335,2.30646253933629,25.628528458759927,3216.983692172125
1529,152.8999999999956,42.50345155816541,35.13452640217164,7.368911114419181,3217.026476545316,25.688527110028982,117.85581830276162,117.85911200000001,11.119840835478103,0.1,7.4186538102318025,3219.482131340912,35.12,25.69821915504782,3214.1233609004653,4.159013053651285,2.3362873729269467,4.195800000000006,2.307000000000001,76.85582637274491,39.704001657758205,25.653472807447994,0.5166036660018046,0.6461180671050893,11.13964724814511,42.5386538102318,35.10200461597676,4.195612199634655,2.306601702771978,25.739221805944894,3216.934850876951
1530,152.9999999999956,42.50344788177365,35.13452962715179,7.368905634998697,3217.017564233111,25.6885281698471,117.85615180916582,117.85911200000001,11.119793925577659,0.1,7.355801539108015,3219.482131340912,35.12,25.69821915504782,3214.1233609004653,4.159013053651285,2.3362873729269467,4.195800000000006,2.307000000000001,76.85576831486728,39.70400401689659,25.653364586307667,0.5166040869467972,0.6461153030155478,11.01645539000266,42.47580153910801,35.08659147967429,4.195128214300662,2.3072272413477966,25.784228490517002,3216.9829417622077
1531,153.0999999999956,42.50344457768469,35.13453252554308,7.368900710457652,3217.0095543454404,25.688529122340366,117.85645154601069,117.85911200000001,11.119751765584175,0.1,7.41706789391074,3219.482131340912,35.12,25.791999806318646,3212.257166184855,4.159013053651285,2.3362873729269467,4.195800000000006,2.307000000000001,76.85571613627538,39.70400613660837,25.6532673232027,0.5166044652580936,0.646112818815771,11.185910480456625,42.53706789391074,35.11257148589952,4.195864688535492,2.308145598579364,25.674124501703112,3216.927779416872
1532,153.19999999999558,42.50344160819168,35.134535130422385,7.368896284600429,3217.002355506311,25.688529978378416,117.8567209326811,117.85911200000001,11.11971387454039,0.1,7.39453530484316,3219.482131340912,35.12,25.791999806318646,3212.257166184855,4.159013053651285,2.3362873729269467,4.195800000000006,2.307000000000001,76.8556692415441,39.7040080412427,25.653179908564688,0.5166048052546371,0.6461105861634256,11.121185814361947,42.51453530484316,35.10254921343792,4.1959876911789245,2.3052864547167546,25.789136436790002,3216.9130598435986
1533,153.29999999999558,42.50343893940746,35.134537471515976,7.368892306923605,3216.995885592136,25.688530747729814,117.8569630423253,117.85911200000001,11.119679820189083,0.1,7.431682203096933,3219.482131340912,35.12,25.791999806318646,3212.257166184855,4.159013053651285,2.3362873729269467,4.195800000000006,2.307000000000001,76.85562709556005,39.70400975266299,25.65310134517622,0.5166051108176657,0.6461085795863638,11.078208151427598,42.55168220309693,35.199788838726484,4.1943871178983025,2.307835729268174,25.56899391212879,3217.0782447812776
1534,153.39999999999557,42.50343654087753,35.1345395755389,7.368888732039219,3216.990070794865,25.688531439173616,117.85718063691397,117.85911200000001,11.11964921404186,0.1,7.360330227279071,3219.482131340912,35.12,25.791999806318646,3212.257166184855,4.162749492946989,2.3358148921553576,4.195800000000006,2.307000000000001,76.85558921741081,39.70401129050235,25.65303073679458,0.5166053854351016,0.6461067761919329,11.064966461312542,42.48033022727907,35.18829830526969,4.196024995399988,2.3071134279302057,25.556215809160992,3216.9221340029853
1535,153.49999999999557,42.50343438523234,35.134541466500124,7.368885519156477,3216.984844779977,25.68853206059964,117.85737619874936,117.85911200000001,11.119621706947248,0.1,7.371223444491136,3219.482131340912,35.12,25.791999806318646,3212.257166184855,4.162749492946989,2.3358148921553576,4.195800000000006,2.307000000000001,76.85555517489354,39.704012672392615,25.65296727792731,0.5166056322414382,0.6461051554057301,11.112700216987161,42.49122344449113,35.10971358479679,4.195082215697468,2.3057820812999257,25.87810239026175,3216.843373798473
1536,153.59999999999556,42.50343244787456,35.134543165976694,7.368882631616007,3216.980147929735,25.688532619098574,117.85755195878404,117.85911200000001,11.119596985107556,0.1,7.404485453896768,3219.482131340912,35.12,25.791999806318646,3212.257166184855,4.162749492946989,2.3358148921553576,4.195800000000006,2.307000000000001,76.85552457958003,39.704013914169565,25.65291024464314,0.5166058540535763,0.6461036987368205,11.261959958594488,42.524485453896766,35.11936590450721,4.197430332723792,2.306750025158872,25.699906693809304,3217.176301238664
1537,153.69999999999555,42.503430706698296,35.13454469336022,7.3688800364713005,3216.975926663066,25.688533121042937,117.85770992207183,117.85911200000001,11.119574766499069,0.1,7.402651238044989,3219.482131340912,35.12,25.749537802154006,3214.656967687405,4.162749492946989,2.3358148921553576,4.195800000000006,2.307000000000001,76.85549708238206,39.70401503005682,25.652858986313362,0.5166060534030215,0.6461023895667372,11.110718073390245,42.522651238044986,35.122419420661366,4.196677208128959,2.3058842802403867,25.729476159638885,3216.8958999525757
1538,153.79999999999555,42.50342914183655,35.134546066078265,7.3688777041125935,3216.9721328243104,25.688533572159844,117.85785189064191,117.85911200000001,11.119554797654716,0.1,7.364145403247548,3219.482131340912,35.12,25.749537802154006,3214.656967687405,4.162749492946989,2.3358148921553576,4.195800000000006,2.307000000000001,76.85547236956606,39.7040160328308,25.65281291818944,0.5166062325648155,0.6461012129598532,11.07248493286301,42.484145403247545,35.10088702193416,4.196510124159457,2.3081268615076485,25.80451510657221,3216.9030979983245
1539,153.89999999999554,42.50342773543447,35.134547299793354,7.368875607928858,3216.9687231338626,25.688533977596386,117.85797948405639,117.85911200000001,11.119536850772525,0.1,7.344817922038459,3219.482131340912,35.12,25.749537802154006,3214.656967687405,4.162749492946989,2.3358148921553576,4.195800000000006,2.307000000000001,76.85545015917192,39.70401693396857,25.652771514732223,0.5166063935835303,0.6461001554929604,11.025976705146498,42.464817922038456,35.15621224934885,4.1969387177729605,2.3070115196327157,25.69112950893156,3216.8429195524277
1540,153.99999999999554,42.50342647144551,35.134548408581736,7.368873724004055,3216.965658694439,25.68853434197838,117.85809415788647,117.85911200000001,11.119520721116858,0.1,7.3666586529344755,3219.482131340912,35.12,25.749537802154006,3214.656967687405,4.16050718629948,2.335374798658408,4.195800000000006,2.307000000000001,76.85543019779445,39.70401774378053,25.6527343036166,0.5166065382966256,0.6460992051021082,11.131633315698487,42.48665865293447,35.112478284552175,4.1965726014570714,2.304969336414731,25.6614360867829,3216.980250209382
1541,154.09999999999553,42.50342533544821,35.134549405094106,7.368872030844159,3216.9629045473407,25.68853466946317,117.85819722031765,117.85911200000001,11.119506224682805,0.1,7.400585043287549,3219.482131340912,35.12,25.749537802154006,3214.656967687405,4.16050718629948,2.335374798658408,4.195800000000006,2.307000000000001,76.85541225769117,39.704018471529416,25.65270086034324,0.5166066683554366,0.6460983509449564,11.097336407198082,42.52058504328755,35.13373519130667,4.195462982320146,2.307929926402676,25.76111680756587,3217.0500880653785
1542,154.19999999999553,42.50342431448162,35.13455030069996,7.368870509131844,3216.960429273647,25.68853496378709,117.85828984707348,117.85911200000001,11.119493196097066,0.1,7.405999106217003,3219.482131340912,35.12,25.749537802154006,3214.656967687405,4.16050718629948,2.335374798658408,4.195800000000006,2.307000000000001,76.85539613418307,39.704019125537066,25.65267080339594,0.5166067852440339,0.6460975832770668,11.119503361220373,42.525999106217,35.103336248629105,4.196048971358476,2.3050562186734105,25.581550735908973,3216.945769830822
1543,154.29999999999552,42.503423396897375,35.13455110561744,7.368869141506014,3216.9582046357914,25.688535228308094,117.85837309482824,117.85911200000001,11.119481486731372,0.1,7.336650073158701,3219.482131340912,35.12,25.812390896477986,3219.0507796293437,4.16050718629948,2.335374798658408,4.195800000000006,2.307000000000001,76.8553816433185,39.7040197132803,25.652643789889286,0.5166068902961725,0.6460968933407245,11.205066714635779,42.4566500731587,35.12118645801749,4.195191562842599,2.3064529708215007,25.566054162748834,3217.0303572131365
1544,154.39999999999552,42.5034225722267,35.13455182902986,7.368867912363688,3216.9562052554284,25.688535466044073,117.85844791326149,117.85911200000001,11.119470963006961,0.1,7.351176599971595,3219.482131340912,35.12,25.812390896477986,3219.0507796293437,4.16050718629948,2.335374798658408,4.195800000000006,2.307000000000001,76.85536861977417,39.70402024147694,25.65261951165707,0.5166069847105186,0.6460962732650174,11.170488356314133,42.47117659997159,35.12424803022709,4.19511014066481,2.30787671413798,25.674014298115132,3217.0963162845746
1545,154.4999999999955,42.503421831061004,35.13455247919056,7.368866807681942,3216.9544083239207,25.688535679707307,117.85851515589187,117.85911200000001,11.119461504870719,0.1,7.369919735919474,3219.482131340912,35.12,25.812390896477986,3219.0507796293437,4.16050718629948,2.335374798658408,4.195800000000006,2.307000000000001,76.85535691496841,39.70402071616297,25.65259769173676,0.5166070695643362,0.646095715976038,11.072124789340561,42.48991973591947,35.13031055000301,4.197511727383872,2.3055866420846773,25.512657925422573,3216.847625400075
1546,154.5999999999955,42.5034211649445,35.134553063517096,7.3688658148578785,3216.9527933421405,25.68853587173542,117.85857558981415,117.85911200000001,11.119453004425615,0.1,7.40349372300593,3219.482131340912,35.12,25.812390896477986,3219.0507796293437,4.1570239503155575,2.3348820475171257,4.195800000000006,2.307000000000001,76.85534639536564,39.70402114276198,25.652578081209903,0.5166071458257864,0.6460952151161735,11.096180328210838,42.52349372300593,35.051776970119036,4.195713236840601,2.3061849030985755,25.709435313899906,3216.845463209324
1547,154.6999999999955,42.503420566277654,35.13455358867588,7.368864922564818,3216.9513418866177,25.688536044319186,117.85862990445011,117.85911200000001,11.119445364699834,0.1,7.366143616077416,3219.482131340912,35.12,25.812390896477986,3219.0507796293437,4.1570239503155575,2.3348820475171257,4.195800000000006,2.307000000000001,76.85533694095257,39.70402152614735,25.652560456362526,0.5166072143649787,0.6460947649715749,10.946752467920689,42.48614361607741,35.156405307392305,4.195411079931638,2.306846941355372,25.86473573642478,3216.920097394199
1548,154.7999999999955,42.50342002823051,35.134554060658225,7.368864120623068,3216.9500373993674,25.68853619942753,117.85867871941343,117.85911200000001,11.119438498540527,0.1,7.413499635638814,3219.482131340912,35.12,25.812390896477986,3219.0507796293437,4.1570239503155575,2.3348820475171257,4.195800000000006,2.307000000000001,76.85532844386896,39.70402187069818,25.652544616133003,0.5166072759639025,0.6460943604069679,11.125999352761239,42.53349963563881,35.14951959038486,4.195479018038158,2.307177386407638,25.655752947763016,3216.923619572286
1549,154.8999999999955,42.50341954466474,35.13455448484877,7.368863399883745,3216.9488649989976,25.688536338830005,117.85872259157821,117.85911200000001,11.119432327619592,0.1,7.347050199657787,3219.482131340912,35.12,25.74686822536177,3218.6179745885033,4.1570239503155575,2.3348820475171257,4.195800000000006,2.307000000000001,76.85532080717661,39.70402218034948,25.65253037981841,0.5166073313253543,0.6460939968070663,11.136272629069403,42.467050199657784,35.13700225857179,4.194448019915643,2.306379090108662,25.666966380839515,3217.089861991365
1550,154.99999999999548,42.503419110063575,35.134554866086866,7.368862752124408,3216.9478113109444,25.688536464116968,117.85876202143172,117.85911200000001,11.1194267815401,0.1,7.394000153742368,3219.482131340912,35.12,25.74686822536177,3218.6179745885033,4.1570239503155575,2.3348820475171257,4.195800000000006,2.307000000000001,76.85531394375357,39.70402245863731,25.65251758501302,0.5166073810809573,0.6460936700239174,11.114714700372046,42.514000153742366,35.118723244846485,4.195027655602991,2.305932841426222,25.648276682661105,3217.0784153912095
1551,155.09999999999548,42.50341871946894,35.134555208721856,7.3688621699552215,3216.946864314897,25.688536576717738,117.85879745878393,117.85911200000001,11.119421797033224,0.1,7.350730585091831,3219.482131340912,35.12,25.74686822536177,3218.6179745885033,4.1570239503155575,2.3348820475171257,4.195800000000006,2.307000000000001,76.8553077752999,39.70402270873921,25.652506085755657,0.5166074257983709,0.6460933763295806,11.14507166685033,42.47073058509183,35.09437537893977,4.195587862010119,2.306364228081823,25.726300855496174,3216.837008588469
1552,155.19999999999547,42.50341836842479,35.13455551666262,7.368861646734654,3216.9460132076715,25.688536677916893,117.85882930789887,117.85911200000001,11.119417317236483,0.1,7.404601632746974,3219.482131340912,35.12,25.74686822536177,3218.6179745885033,4.158702791920865,2.334478334592301,4.195800000000006,2.307000000000001,76.85530223144431,39.704022933510664,25.652495750864574,0.5166074659877702,0.6460931123735969,11.129187908147559,42.52460163274697,35.08585628841367,4.1954381824743,2.3061074804007853,25.654038118285282,3217.0037563370024
1553,155.29999999999546,42.50341805292629,35.13455579342224,7.368861176493699,3216.9452482799684,25.688536768868943,117.85885793210647,117.85911200000001,11.119413291045046,0.1,7.320248049216346,3219.482131340912,35.12,25.74686822536177,3218.6179745885033,4.158702791920865,2.334478334592301,4.195800000000006,2.307000000000001,76.85529724894145,39.704023135517694,25.65248646244093,0.5166075021076644,0.6460928751447659,11.141308951820815,42.44024804921634,35.124846392931595,4.196187853897971,2.3067202969966365,25.66791168394537,3216.7752500968754
1554,155.39999999999546,42.503417769374195,35.134556042158046,7.368860753867762,3216.944560805612,25.688536850611484,117.8588836579474,117.85911200000001,11.119409672528747,0.1,7.357730283709813,3219.482131340912,35.12,25.74686822536177,3218.6179745885033,4.158702791920865,2.334478334592301,4.195800000000006,2.307000000000001,76.85529277095002,39.7040233170663,25.652478114523827,0.5166075345701336,0.646092661936792,11.1637566357833,42.47773028370981,35.114005360689625,4.196288922512883,2.3074684644409724,25.58817777241636,3217.0960100268235
1555,155.49999999999545,42.50341751453364,35.13455626570769,7.368860374035471,3216.943942942003,25.688536924077052,117.85890677889812,117.85911200000001,11.119406420408117,0.1,7.40330020545138,3219.482131340912,35.12,25.736522377751665,3219.163532991156,4.158702791920865,2.334478334592301,4.195800000000006,2.307000000000001,76.85528874638453,39.70402348022881,25.652470611881533,0.5166075637455281,0.6460924703174112,11.134071513230436,42.52330020545138,35.13194255678539,4.197437745004924,2.3069416174379063,25.610745358260232,3216.8997348672324
1556,155.59999999999545,42.50341728549739,35.13455646662144,7.368860032663658,3216.9433876406506,25.68853699010375,117.85892755871889,117.85911200000001,11.119403497583475,0.1,7.420727186344301,3219.482131340912,35.12,25.736522377751665,3219.163532991156,4.158702791920865,2.334478334592301,4.195800000000006,2.307000000000001,76.8552851293323,39.70402362686754,25.652463868925086,0.5166075899666951,0.6460922981006433,11.091673899986013,42.5407271863443,35.12841963942057,4.192786459068701,2.3071981249366726,25.722592748802583,3217.0408305699057
1557,155.69999999999544,42.50341707965255,35.13455664719135,7.368859725857927,3216.9428885667644,25.688537049444818,117.85894623446268,117.85911200000001,11.119400870711697,0.1,7.3641200082894684,3219.482131340912,35.12,25.736522377751665,3219.163532991156,4.158702791920865,2.334478334592301,4.195800000000006,2.307000000000001,76.85528187852975,39.70402375865611,25.652457808731896,0.5166076135327767,0.6460921433218528,11.10383000709843,42.484120008289466,35.15765338258323,4.195069691140958,2.3074927224332566,25.69215057649357,3216.8774800158117
1558,155.79999999999544,42.50341689465084,35.13455680947741,7.368859450118219,3216.9424400269886,25.68853710277722,117.85896301917951,117.85911200000001,11.119398509825846,0.1,7.37765811947002,3219.482131340912,35.12,25.736522377751665,3219.163532991156,4.1593541971680486,2.333951739804795,4.195800000000006,2.307000000000001,76.85527895689151,39.704023877098614,25.652452362168237,0.5166076347126238,0.646092004215337,11.096178611059317,42.49765811947002,35.085351232121354,4.1963865329364385,2.3057852109995616,25.79740835774173,3216.7898078413937
1559,155.89999999999543,42.50341672838174,35.13455695533096,7.368859202298889,3216.9420369044524,25.688537150709383,117.8589781043468,117.85911200000001,11.119396387993309,0.1,7.386708538911485,3219.482131340912,35.12,25.736522377751665,3219.163532991156,4.1593541971680486,2.333951739804795,4.195800000000006,2.307000000000001,76.85527633108748,39.70402398354673,25.652447467100572,0.5166076537478625,0.6460918791941818,11.176368723323769,42.50670853891148,35.13608389671914,4.195182881374717,2.3059312331642134,25.518722048431368,3216.7463297240483
1560,155.99999999999542,42.50341657894843,35.13455708641591,7.368858979572806,3216.9416746003976,25.68853719378811,117.85899166205381,117.85911200000001,11.119394481008554,0.1,7.411664177897762,3219.482131340912,35.12,25.736522377751665,3219.163532991156,4.1593541971680486,2.333951739804795,4.195800000000006,2.307000000000001,76.8552739711624,39.70402407921525,25.652443067686743,0.5166076708556523,0.6460917668321584,11.154606206931218,42.53166417789776,35.15112160819004,4.196337979966168,2.306822684836203,25.79138431270056,3216.956874160666
1561,156.09999999999542,42.50341644464619,35.13455720422769,7.368858779399119,3216.941348981718,25.688537232504853,117.85900384696471,117.85911200000001,11.119392767117004,0.1,7.383780236219941,3219.482131340912,35.12,25.721721699199076,3219.0135678188462,4.1593541971680486,2.333951739804795,4.195800000000006,2.307000000000001,76.85527185019436,39.70402416519587,25.65243911373894,0.516607686231162,0.6460916658474533,11.124542486014276,42.50378023621994,35.100484894289025,4.194602771341022,2.306420122893474,25.755621120501942,3216.9866657646135
1562,156.1999999999954,42.50341632394287,35.134557310110296,7.368858599494242,3216.941056333807,25.688537267301285,117.85901479808307,117.85911200000001,11.119391226766856,0.1,7.431330043279445,3219.482131340912,35.12,25.721721699199076,3219.0135678188462,4.1593541971680486,2.333951739804795,4.195800000000006,2.307000000000001,76.85526994398731,39.70402424246973,25.652435560151147,0.516607700049799,0.6460915750880439,11.167040614537054,42.55133004327944,35.07478988682237,4.1957867965928575,2.30630019454874,25.758790456100034,3216.856953005504
1563,156.2999999999954,42.50341621546151,35.134557405271636,7.368858437805832,3216.940793318184,25.688537298574364,117.85902464033748,117.85911200000001,11.119389842386044,0.1,7.383682080550912,3219.482131340912,35.12,25.721721699199076,3219.0135678188462,4.1593541971680486,2.333951739804795,4.195800000000006,2.307000000000001,76.85526823079532,39.704024311918566,25.652432366384613,0.516607712469208,0.6460914935185582,11.109891454605853,42.50368208055091,35.13143241539894,4.196985531884249,2.3073234749827694,25.877897108949913,3217.012489629516
1564,156.3999999999954,42.50341611796456,35.134557490797306,7.368858292489355,3216.9405569344094,25.68853732668085,117.85903348600687,117.85911200000001,11.119388598181768,0.1,7.342165103612565,3219.482131340912,35.12,25.721721699199076,3219.0135678188462,4.160752650951533,2.333527036865349,4.195800000000006,2.307000000000001,76.8552666910744,39.70402437433484,25.652429496005347,0.5166077236310712,0.6460914202084609,11.146144593125904,42.46216510361256,35.129026828408975,4.195252980751554,2.305101649413105,25.484801510141615,3216.915889956986
1565,156.4999999999954,42.50341603033978,35.134557567662974,7.368858161887048,3216.9403444858544,25.688537351941388,117.85904143600119,117.85911200000001,11.119387479960348,0.1,7.349533127164541,3219.482131340912,35.12,25.721721699199076,3219.0135678188462,4.160752650951533,2.333527036865349,4.195800000000006,2.307000000000001,76.85526530725954,39.704024430430714,25.65242691626853,0.5166077336627238,0.6460913543214403,11.173850345779126,42.46953312716454,35.17839791088676,4.194787748070054,2.309240313766183,25.67094882258348,3216.9451326082008
1566,156.5999999999954,42.50341595158753,35.134557636745534,7.3688580445090075,3216.94015354894,25.688537374644145,117.85904858101274,117.85911200000001,11.119386474965294,0.1,7.408259656028449,3219.482131340912,35.12,25.721721699199076,3219.0135678188462,4.160752650951533,2.333527036865349,4.195800000000006,2.307000000000001,76.85526406356423,39.70402448084624,25.652424597744943,0.5166077426786078,0.6460912951058656,11.085100720677886,42.528259656028446,35.13959292482515,4.198465354899836,2.305784075929613,25.574764035187922,3216.9788840048013
1567,156.69999999999538,42.50341588080941,35.13455769883307,7.368857939016195,3216.9399819454884,25.688537395048108,117.85905500255068,117.85911200000001,11.119385571731781,0.1,7.381119406645439,3219.482131340912,35.12,25.683452782509406,3217.7775053291025,4.160752650951533,2.333527036865349,4.195800000000006,2.307000000000001,76.85526294580046,39.70402452615666,25.65242251398523,0.5166077507815771,0.6460912418862134,11.096537321334145,42.50111940664544,35.15514552611291,4.196484603288606,2.3077836844323594,25.6110285506354,3216.938849745496
1568,156.79999999999538,42.50341581719802,35.13455775463387,7.368857844205161,3216.9398277178752,25.68853741338605,117.85906077387088,117.85911200000001,11.119384759955866,0.1,7.407109416006364,3219.482131340912,35.12,25.683452782509406,3217.7775053291025,4.160752650951533,2.333527036865349,4.195800000000006,2.307000000000001,76.85526194121701,39.70402456687893,25.652420641218193,0.5166077580640696,0.646091194055361,11.031593147527959,42.52710941600636,35.115583328264286,4.194510193946242,2.3060051113680844,25.669820251821093,3216.864781529543
1569,156.89999999999537,42.50341576002765,35.13455780478451,7.368857758994304,3216.9396891066967,25.688537429867168,117.85906596081163,117.85911200000001,11.119384030376938,0.1,7.321623577540038,3219.482131340912,35.12,25.683452782509406,3217.7775053291025,4.160752650951533,2.333527036865349,4.195800000000006,2.307000000000001,76.85526103835353,39.70402460347768,25.652418958079608,0.516607764609165,0.6460911510676606,11.134384054678879,42.441623577540035,35.14942792579396,4.195818814003882,2.3065243815489382,25.60855130018063,3216.977129167579
1570,156.99999999999537,42.503415708646116,35.13455784985709,7.3688576824115515,3216.9395645306986,25.688537444679472,117.85907062254473,117.85911200000001,11.119383374672084,0.1,7.371097514608259,3219.482131340912,35.12,25.683452782509406,3217.7775053291025,4.163272230843322,2.3330939878798773,4.195800000000006,2.307000000000001,76.85526022691033,39.70402463637045,25.65241744536851,0.5166077704915293,0.6460911124327151,11.187424395635334,42.491097514608256,35.09743260445945,4.196093869288289,2.3105167220236567,25.708295186425442,3216.9919949433934
1571,157.09999999999536,42.503415662467276,35.134557890365805,7.3688576135832555,3216.939452568738,25.68853745799194,117.8590748122505,117.85911200000001,11.119382785361124,0.1,7.3503050962235505,3219.482131340912,35.12,25.683452782509406,3217.7775053291025,4.163272230843322,2.3330939878798773,4.195800000000006,2.307000000000001,76.85525949763056,39.704024665932536,25.652416085828122,0.5166077757782681,0.646091077709782,11.087006228849035,42.47030509622355,35.08479316313988,4.193431654924189,2.3083532824035715,25.640300101152395,3216.788246200165
1572,157.19999999999536,42.50341562096433,35.134557926772764,7.368857551724232,3216.939351943571,25.688537469956444,117.85907857772439,117.85911200000001,11.119382255721293,0.1,7.379932790780018,3219.482131340912,35.12,25.683452782509406,3217.7775053291025,4.163272230843322,2.3330939878798773,4.195800000000006,2.307000000000001,76.85525884219467,39.7040246925012,25.652414863949033,0.5166077805296924,0.6460910465027476,11.171275477631632,42.499932790780015,35.09853151205653,4.194711775130818,2.3058634028949054,25.682616475924927,3216.9215107302643
1573,157.29999999999535,42.503415583663795,35.13455795949331,7.368857496128797,3216.9392615072825,25.688537480709474,117.85908196192234,117.85911200000001,11.119381779710547,0.1,7.359723582119074,3219.482131340912,35.12,25.721916798073504,3214.3023495295224,4.163272230843322,2.3330939878798773,4.195800000000006,2.307000000000001,76.85525825312551,39.70402471637957,25.652413765792243,0.5166077848000062,0.6460910184556063,11.138981936995549,42.47972358211907,35.15411358682074,4.195781652010911,2.305449536165258,25.656001656653753,3216.8102986599606
1574,157.39999999999534,42.50341555014015,35.13455798890072,7.368857446162723,3216.939180228189,25.688537490373697,117.85908500345076,117.85911200000001,11.119381351898634,0.1,7.428187950273404,3219.482131340912,35.12,25.721916798073504,3214.3023495295224,4.163272230843322,2.3330939878798773,4.195800000000006,2.307000000000001,76.85525772370302,39.70402473784006,25.652412778830158,0.5166077886379254,0.6460909932484008,11.088296270564806,42.5481879502734,35.197642541825275,4.195242893796678,2.306790106938248,25.814619502424577,3216.856157035653
1575,157.49999999999534,42.50341552001096,35.13455801533045,7.368857401256007,3216.939107179072,25.68853749905936,117.8590877370069,117.85911200000001,11.119380967405139,0.1,7.3712952737223105,3219.482131340912,35.12,25.721916798073504,3214.3023495295224,4.163272230843322,2.3330939878798773,4.195800000000006,2.307000000000001,76.85525724788769,39.70402475712751,25.652411891803663,0.5166077920872323,0.6460909705935703,11.084023802601937,42.49129527372231,35.184364570607734,4.195326089258538,2.307466038849585,25.644871768797117,3216.829145978575
1576,157.59999999999533,42.50341549293255,35.13455803908401,7.368857360896358,3216.939041526599,25.688537506865547,117.85909019377473,117.85911200000001,11.119380621843828,0.1,7.4521380632333205,3219.482131340912,35.12,25.721916798073504,3214.3023495295224,4.167335445277489,2.3326114954147865,4.195800000000006,2.307000000000001,76.85525682025141,39.704024774461956,25.65241109459372,0.5166077951872763,0.6460909502326732,11.152499290989121,42.57213806323332,35.11671385557409,4.195964249283964,2.3055979327655893,25.596039784755337,3216.956754245919
1577,157.69999999999533,42.503415468595975,35.13455806043239,7.368857324623363,3216.938982521817,25.688537513881315,117.85909240178064,117.85911200000001,11.11938031127259,0.1,7.348043430240153,3219.482131340912,35.12,25.721916798073504,3214.3023495295224,4.167335445277489,2.3326114954147865,4.195800000000006,2.307000000000001,76.85525643591585,39.704024790041146,25.652410378105873,0.5166077979734218,0.6460909319334346,11.080662653532269,42.46804343024015,35.14699330914071,4.195534828089124,2.3061520546682903,25.619405859780453,3217.146337290241
1578,157.79999999999532,42.50341544672362,35.13455807961912,7.3688572920232165,3216.9389294916086,25.688537520186692,117.85909438621326,117.85911200000001,11.119380032148477,0.1,7.3955516553763445,3219.482131340912,35.12,25.721916798073504,3214.3023495295224,4.167335445277489,2.3326114954147865,4.195800000000006,2.307000000000001,76.85525609049645,39.70402480404284,25.652409734166547,0.5166078004774541,0.6460909154870996,11.13213380228826,42.51555165537634,35.17832667876136,4.194864181303874,2.3039072882845777,25.886444963566746,3216.700081335915
1579,157.89999999999532,42.503415427065974,35.13455809686308,7.368857262724026,3216.938881831015,25.688537525853615,117.85909616971064,117.85911200000001,11.11937978128729,0.1,7.410738017838028,3219.482131340912,35.12,25.68922883909849,3212.5645817227914,4.167335445277489,2.3326114954147865,4.195800000000006,2.307000000000001,76.85525578005281,39.70402481662677,25.652409155429787,0.5166078027279384,0.6460909007060509,11.081970761709389,42.530738017838026,35.101734164544,4.194275408644487,2.3100083972015018,25.481445933402977,3216.870927440577
1580,157.9999999999953,42.50341540939877,35.134558112360985,7.368857236391548,3216.9388389963306,25.68853753094673,117.85909777261861,117.85911200000001,11.119379555827242,0.1,7.361286990090285,3219.482131340912,35.12,25.68922883909849,3212.5645817227914,4.167335445277489,2.3326114954147865,4.195800000000006,2.307000000000001,76.85525550104337,39.70402482793647,25.652408635293458,0.5166078047505477,0.6460908874216691,11.089784747028503,42.48128699009028,35.117222309398,4.197059278929414,2.306541004508517,25.749876013179456,3217.0465121911748
1581,158.0999999999953,42.503415393520484,35.13455812628965,7.368857212725387,3216.9388004989046,25.688537535524134,117.85909921322293,117.85911200000001,11.119379353196324,0.1,7.435278104655829,3219.482131340912,35.12,25.68922883909849,3212.5645817227914,4.167335445277489,2.3326114954147865,4.195800000000006,2.307000000000001,76.85525525028527,39.704024838101006,25.65240816782393,0.5166078065683561,0.6460908754824074,11.081798018301818,42.55527810465583,35.12630101910733,4.19588061433139,2.306927508800924,25.739060853398943,3216.909455833117
1582,158.1999999999953,42.50341537924997,35.13455813880794,7.368857191455561,3216.938765899565,25.688537539638048,117.85910050795778,117.85911200000001,11.119379171082953,0.1,7.409334498065576,3219.482131340912,35.12,25.68922883909849,3212.5645817227914,4.170307761150784,2.332122291338361,4.195800000000006,2.307000000000001,76.85525502491785,39.704024847236305,25.652407747688382,0.5166078082021008,0.6460908647520651,11.073893273376788,42.52933449806557,35.132606785199584,4.195940661757137,2.3087338866858556,25.816166961089152,3216.861837624193
1583,158.2999999999953,42.50341536642442,35.13455815005867,7.368857172339434,3216.938734803608,25.688537543335407,117.85910167159324,117.85911200000001,11.11937900740961,0.1,7.373950388131398,3219.482131340912,35.12,25.68922883909849,3212.5645817227914,4.170307761150784,2.332122291338361,4.195800000000006,2.307000000000001,76.85525482237028,39.70402485544659,25.65240737009398,0.5166078096704186,0.6460908551082318,11.043195680908369,42.493950388131395,35.17590301628035,4.196378336925644,2.3081264028750677,25.57610059190392,3216.860075049566
1584,158.3999999999953,42.50341535489754,35.13455816017022,7.368857155158921,3216.9387068562955,25.688537546658388,117.85910271740391,117.85911200000001,11.119378860309135,0.1,7.364455648520526,3219.482131340912,35.12,25.68922883909849,3212.5645817227914,4.170307761150784,2.332122291338361,4.195800000000006,2.307000000000001,76.85525464033176,39.70402486282553,25.652407030733183,0.516607810990061,0.6460908464408924,11.130228592229894,42.48445564852052,35.11304057102419,4.195924908931739,2.3063124110359,25.681106783710295,3216.9968827937864
1585,158.49999999999528,42.503415344537814,35.134558169257915,7.368857139718033,3216.9386817388095,25.6885375496449,117.85910365732023,117.85911200000001,11.119378728103431,0.1,7.397911168134499,3219.482131340912,35.12,25.633297292917153,3204.7558136023213,4.170307761150784,2.332122291338361,4.195800000000006,2.307000000000001,76.85525447672569,39.70402486945731,25.652406725734625,0.5166078121760822,0.6460908386511711,11.067496154531804,42.517911168134496,35.14811233869932,4.195537193364736,2.305286553036457,25.610589237562397,3216.8751085769454
1586,158.59999999999528,42.503415335227075,35.13455817742543,7.368857125840625,3216.9386591646135,25.688537552329006,117.85910450206462,117.85911200000001,11.119378609284317,0.1,7.4319964688856786,3219.482131340912,35.12,25.633297292917153,3204.7558136023213,4.170307761150784,2.332122291338361,4.195800000000006,2.307000000000001,76.85525432968569,39.70402487541758,25.652406451618926,0.5166078132420118,0.6460908316502039,11.153021241090649,42.551996468885676,35.07649951750026,4.197670158018556,2.307031096936237,25.69862563574464,3216.8956400990196
1587,158.69999999999527,42.5034153268591,35.134558184765936,7.368857113368385,3216.938638876185,25.688537554741334,117.85910526127377,117.85911200000001,11.119378502496321,0.1,7.370397708232801,3219.482131340912,35.12,25.633297292917153,3204.7558136023213,4.170307761150784,2.332122291338361,4.195800000000006,2.307000000000001,76.85525419753434,39.70402488077433,25.652406205259023,0.5166078142000096,0.6460908253581252,11.057421184186275,42.4903977082328,35.116905233924584,4.194913822821458,2.3069577666235297,25.643378990106847,3216.8417405403716
1588,158.79999999999526,42.503415319338416,35.13455819136317,7.368857102159032,3216.938620642077,25.6885375569094,117.85910594360863,117.85911200000001,11.119378406521227,0.1,7.397321516559202,3219.482131340912,35.12,25.633297292917153,3204.7558136023213,4.1721666828687995,2.331713651834475,4.195800000000006,2.307000000000001,76.85525407876406,39.70402488558868,25.652405983844478,0.5166078150610048,0.6460908197031555,11.128469016111422,42.5173215165592,35.14205508251901,4.196541113594027,2.306307109245388,25.617893522868687,3217.038218221046
1589,158.89999999999526,42.503415312579264,35.1345581972924,7.36885709208469,3216.938604254277,25.688537558857934,117.85910655685313,117.85911200000001,11.119378320264161,0.1,7.379479991878341,3219.482131340912,35.12,25.633297292917153,3204.7558136023213,4.1721666828687995,2.331713651834475,4.195800000000006,2.307000000000001,76.85525397201998,39.70402488991555,25.652405784849428,0.5166078158348192,0.6460908146207841,11.183769523409302,42.49947999187834,35.15246353773022,4.195660378259962,2.3073061880490813,25.857111192452855,3217.1250672737247
1590,158.99999999999525,42.50341530650451,35.13455820262126,7.368857083030433,3216.938589525836,25.68853756060917,117.8591071080031,117.85911200000001,11.119378242741123,0.1,7.391440134503235,3219.482131340912,35.12,25.633297292917153,3204.7558136023213,4.1721666828687995,2.331713651834475,4.195800000000006,2.307000000000001,76.85525387608436,39.70402489380429,25.65240560600378,0.5166078165302801,0.6460908100530325,11.13799111418681,42.51144013450323,35.151245028697744,4.195381868370258,2.3062572227108014,25.57837722869742,3216.8839985789045
1591,159.09999999999525,42.50341530104485,35.134558207410535,7.368857074892972,3216.938576288735,25.688537562183082,117.85910760334599,117.85911200000001,11.119378173067735,0.1,7.401738641933683,3219.482131340912,35.12,25.701172218450935,3210.140928003532,4.1721666828687995,2.331713651834475,4.195800000000006,2.307000000000001,76.85525378986274,39.70402489729928,25.652405445267274,0.516607817155322,0.6460908059477916,11.124922215692289,42.52173864193368,35.086448863161266,4.194762161230536,2.3092229173133507,25.68409751731845,3216.891760012227
1592,159.19999999999524,42.50341529613803,35.13455821171488,7.368857067579478,3216.938564391967,25.688537563597627,117.85910804853252,117.85911200000001,11.119378110449183,0.1,7.352504819615753,3219.482131340912,35.12,25.701172218450935,3210.140928003532,4.1721666828687995,2.331713651834475,4.195800000000006,2.307000000000001,76.8552537123716,39.70402490044037,25.652405300806276,0.5166078177170743,0.6460908022582303,11.189491291687899,42.47250481961575,35.09435075798849,4.196103651346786,2.308209470798057,25.688189400745372,3216.979190269085
1593,159.29999999999524,42.50341529172805,35.134558215583375,7.368857061006516,3216.9385536998147,25.68853756486894,117.85910844864136,117.85911200000001,11.11937805417112,0.1,7.379189153309859,3219.482131340912,35.12,25.701172218450935,3210.140928003532,4.1721666828687995,2.331713651834475,4.195800000000006,2.307000000000001,76.85525364272688,39.70402490326342,25.652405170972784,0.5166078182219462,0.6460907989422584,11.145047980069872,42.49918915330986,35.17596750320654,4.196215905853383,2.307254611540409,25.85263023244272,3216.774840440945
1594,159.39999999999523,42.5034152877646,35.13455821906017,7.368857055099104,3216.9385440903047,25.688537566011526,117.85910880823687,117.85911200000001,11.119378003591533,0.1,7.34644413304418,3219.482131340912,35.12,25.701172218450935,3210.140928003532,4.173112559848465,2.3311560792082924,4.195800000000006,2.307000000000001,76.85525358013406,39.7040249058006,25.652405054285676,0.5166078186756969,0.6460907959620477,11.068260339267148,42.46644413304418,35.116554312195134,4.195679272414121,2.304626113856319,25.55411936057124,3216.730396315905
1595,159.49999999999523,42.503415284202475,35.13455822218491,7.3688570497898525,3216.9385354538126,25.688537567038416,117.85910913142126,117.85911200000001,11.119377958133422,0.1,7.4132262577430765,3219.482131340912,35.12,25.701172218450935,3210.140928003532,4.173112559848465,2.3311560792082924,4.195800000000006,2.307000000000001,76.85525352387914,39.70402490808088,25.652404949413814,0.5166078190835026,0.6460907932836006,11.203646540511995,42.533226257743074,35.102339450045996,4.196593947546696,2.307349243112294,25.7085727403585,3217.0917221756567
1596,159.59999999999522,42.50341528100104,35.13455822499325,7.368857045018194,3216.938527691815,25.68853756796133,117.85910942188139,117.85911200000001,11.119377917278205,0.1,7.3840410873404565,3219.482131340912,35.12,25.701172218450935,3210.140928003532,4.173112559848465,2.3311560792082924,4.195800000000006,2.307000000000001,76.85525347332037,39.70402491013027,25.652404855160828,0.5166078194500155,0.6460907908763616,11.098076080960976,42.504041087340454,35.11308591935423,4.1966258918739205,2.308093878731113,25.741692035094612,3216.8104384579983
1597,159.6999999999952,42.50341527812377,35.13455822751724,7.368857040729693,3216.9385207157648,25.688537568790792,117.85910968293075,117.85911200000001,11.119377880559814,0.1,7.4146705724179895,3219.482131340912,35.12,25.79933944202758,3210.3376973133386,4.173112559848465,2.3311560792082924,4.195800000000006,2.307000000000001,76.85525342788097,39.704024911972155,25.6524047704515,0.516607819779417,0.6460907887128693,11.136261320594128,42.53467057241799,35.13218310216028,4.195322149949344,2.3055986502514654,25.49454087459376,3216.8316473071477
1598,159.7999999999952,42.50341527553783,35.134558229785654,7.368857036875428,3216.93851444608,25.68853756953627,117.85910991754736,117.85911200000001,11.119377847559372,0.1,7.389519794721487,3219.482131340912,35.12,25.79933944202758,3210.3376973133386,4.173112559848465,2.3311560792082924,4.195800000000006,2.307000000000001,76.85525338704257,39.704024913627535,25.65240469431948,0.5166078200754647,0.6460907867684431,11.163492956625852,42.509519794721484,35.15146696365299,4.197636403835659,2.306659611470761,25.619024816743956,3216.734256241189
1599,159.8999999999952,42.50341527321373,35.134558231824386,7.3688570334114285,3216.9385088112363,25.68853757020626,117.85911012840768,117.85911200000001,11.119377817900416,0.1,7.4472474551677195,3219.482131340912,35.12,25.79933944202758,3210.3376973133386,4.173112559848465,2.3311560792082924,4.195800000000006,2.307000000000001,76.85525335033927,39.7040249151153,25.652404625896267,0.516607820341536,0.6460907850209013,11.069288292873177,42.56724745516772,35.16958469123283,4.196930109164075,2.3084097709235056,25.603040788884776,3216.690576051497
1600,159.9999999999952,42.503415271124965,35.13455823365668,7.3688570302981775,3216.9385037469533,25.68853757080841,117.85911031791719,117.85911200000001,11.119377791244599,0.1,7.412811658931247,3219.482131340912,35.12,25.79933944202758,3210.3376973133386,4.179833891969646,2.330788244657847,4.195800000000006,2.307000000000001,76.85525331735239,39.70402491645241,25.652404564401298,0.5166078205806659,0.6460907834503082,11.126167831125045,42.532811658931244,35.19596929489408,4.194181302661667,2.307500713472158,25.61580063862953,3217.0706326626837
1601,160.0999999999952,42.50341526924771,35.134558235303444,7.368857027500164,3216.938499195458,25.68853757134959,117.85911048823775,117.85911200000001,11.119377767287837,0.1,7.3937684767512835,3219.482131340912,35.12,25.79933944202758,3210.3376973133386,4.179833891969646,2.330788244657847,4.195800000000006,2.307000000000001,76.85525328770565,39.70402491765413,25.65240450913305,0.5166078207955823,0.6460907820387468,11.204019735556832,42.51376847675128,35.14651826033334,4.195304458155791,2.306562436725943,25.650353235988575,3217.1168774084717
1602,160.19999999999519,42.50341526756053,35.13455823678345,7.3688570249854655,3216.938495104828,25.688537571835973,117.85911064131238,117.85911200000001,11.119377745756836,0.1,7.41041799400719,3219.482131340912,35.12,25.79933944202758,3210.3376973133386,4.179833891969646,2.330788244657847,4.195800000000006,2.307000000000001,76.85525326106082,39.70402491873418,25.652404459461028,0.5166078209887373,0.6460907807701141,11.152235304392459,42.53041799400719,35.234929841758834,4.196451095547436,2.3071070057684717,25.70292056719457,3216.9373534960055
1603,160.29999999999518,42.50341526604417,35.13455823811362,7.368857022725392,3216.9384914283974,25.688537572273106,117.85911077888734,117.85911200000001,11.119377726405972,0.1,7.389937220527457,3219.482131340912,35.12,25.74842443546091,3212.064499754667,4.179833891969646,2.330788244657847,4.195800000000006,2.307000000000001,76.85525323711387,39.70402491970486,25.652404414818587,0.5166078211623345,0.6460907796299378,11.092109039526104,42.509937220527455,35.13521146011408,4.197140528787059,2.3067353338775156,25.65181143308374,3216.9618978994167
1604,160.39999999999517,42.503415264681365,35.13455823930909,7.368857020694165,3216.9384881242268,25.688537572665975,117.85911090253202,117.85911200000001,11.119377709014493,0.1,7.422795990847838,3219.482131340912,35.12,25.74842443546091,3212.064499754667,4.179833891969646,2.330788244657847,4.195800000000006,2.307000000000001,76.85525321559174,39.70402492057725,25.652404374696445,0.5166078213183537,0.6460907786052108,11.173259518610692,42.542795990847836,35.06344854652381,4.196432751919439,2.308468210881276,25.620874156407965,3216.9279882495393
1605,160.49999999999517,42.50341526345656,35.13455824038351,7.368857018868613,3216.9384851546224,25.688537573019065,117.85911101365699,117.85911200000001,11.119377693384003,0.1,7.416650745051591,3219.482131340912,35.12,25.74842443546091,3212.064499754667,4.179833891969646,2.330788244657847,4.195800000000006,2.307000000000001,76.85525319624884,39.70402492136132,25.652404338636902,0.5166078214585753,0.6460907776842431,11.081109257518621,42.53665074505159,35.17605705215315,4.195293672166876,2.308468738395088,25.550263107309146,3216.906407623957
1606,160.59999999999516,42.50341526235577,35.13455824134914,7.368857017227908,3216.938482485708,25.688537573336404,117.85911111352989,117.85911200000001,11.11937767933619,0.1,7.355233433271124,3219.482131340912,35.12,25.74842443546091,3212.064499754667,4.182953196992808,2.3302662285912805,4.195800000000006,2.307000000000001,76.85525317886453,39.70402492206598,25.652404306228597,0.5166078215845984,0.6460907768565289,11.146191899111681,42.47523343327112,35.13189048405812,4.196521782070522,2.30719747097085,25.781992897832293,3216.849823131155
1607,160.69999999999516,42.50341526136643,35.134558242217,7.368857015753333,3216.938480087036,25.688537573621613,117.8591112032901,117.85911200000001,11.119377666710799,0.1,7.375480574976187,3219.482131340912,35.12,25.74842443546091,3212.064499754667,4.182953196992808,2.3302662285912805,4.195800000000006,2.307000000000001,76.85525316324046,39.7040249226993,25.652404277101823,0.516607821697861,0.6460907761126257,11.160870656288616,42.495480574976185,35.12674282929344,4.197243696046861,2.3069173723452905,25.682741168168743,3216.934296150302
1608,160.79999999999515,42.50341526047727,35.13455824299699,7.368857014428065,3216.9384779312436,25.68853757387794,117.85911128396157,117.85911200000001,11.119377655363802,0.1,7.411747025777757,3219.482131340912,35.12,25.74842443546091,3212.064499754667,4.182953196992808,2.3302662285912805,4.195800000000006,2.307000000000001,76.85525314919842,39.704024923268484,25.652404250924302,0.5166078217996551,0.6460907754440469,11.17256562374746,42.531747025777754,35.15075928841408,4.195560738119144,2.307359347511151,25.803240253943144,3216.9393445334476
1609,160.89999999999515,42.503415259678135,35.134558243697995,7.36885701323699,3216.9384759937375,25.688537574108313,117.8591113564646,117.85911200000001,11.119377645165752,0.1,7.392523820318807,3219.482131340912,35.12,25.679090361884427,3208.736513913031,4.182953196992808,2.3302662285912805,4.195800000000006,2.307000000000001,76.85525313657821,39.70402492378005,25.652404227397398,0.5166078218911422,0.6460907748431653,10.999152310879909,42.512523820318805,35.120949063861154,4.197679534793787,2.306693572594732,25.658293668530682,3216.90499170444
1610,160.99999999999514,42.50341525895993,35.13455824432801,7.368857012166519,3216.9384742524153,25.688537574315358,117.85911142162627,117.85911200000001,11.119377636000314,0.1,7.351470791707932,3219.482131340912,35.12,25.679090361884427,3208.736513913031,4.182953196992808,2.3302662285912805,4.195800000000006,2.307000000000001,76.85525312523588,39.70402492423981,25.652404206252733,0.5166078219733656,0.6460907743031266,11.100041942183996,42.47147079170793,35.08761611900196,4.195499374104898,2.306482065297972,25.653326947112664,3216.8874415585315
1611,161.09999999999513,42.50341525831445,35.134558244894244,7.36885701120444,3216.938472687412,25.68853757450144,117.85911148018994,117.85911200000001,11.119377627762931,0.1,7.369483817783355,3219.482131340912,35.12,25.679090361884427,3208.736513913031,4.182953196992808,2.3302662285912805,4.195800000000006,2.307000000000001,76.85525311504205,39.70402492465301,25.652404187249093,0.5166078220472632,0.64609077381777,11.11462844906673,42.48948381778335,35.130515768526294,4.194985442987498,2.307060479347627,25.7410912120795,3217.1520931800324
1612,161.19999999999513,42.50341525773432,35.13455824540314,7.3688570103397755,3216.938471280874,25.68853757466868,117.8591115328237,117.85911200000001,11.119377620359629,0.1,7.412695439066894,3219.482131340912,35.12,25.679090361884427,3208.736513913031,4.1850057206002,2.3299341780930907,4.195800000000006,2.307000000000001,76.85525310588038,39.70402492502438,25.65240417016967,0.5166078221136784,0.6460907733815584,11.06878692676638,42.53269543906689,35.15186243427047,4.196703917208154,2.305806391561988,25.587697452462177,3217.2276820264196
1613,161.29999999999512,42.503415257212936,35.13455824586051,7.368857009562664,3216.9384700167566,25.688537574818984,117.85911158012799,117.85911200000001,11.119377613705955,0.1,7.401545558664452,3219.482131340912,35.12,25.679090361884427,3208.736513913031,4.1850057206002,2.3299341780930907,4.195800000000006,2.307000000000001,76.85525309764637,39.70402492535814,25.65240415481965,0.5166078221733688,0.6460907729895159,11.101222715840432,42.52154555866445,35.131031352051046,4.194205225480182,2.3058246071665844,25.718587975478453,3216.987926595611
1614,161.39999999999512,42.50341525674435,35.13455824627156,7.368857008864239,3216.938468880638,25.68853757495407,117.85911162264244,117.85911200000001,11.119377607726005,0.1,7.438298064698003,3219.482131340912,35.12,25.679090361884427,3208.736513913031,4.1850057206002,2.3299341780930907,4.195800000000006,2.307000000000001,76.85525309024611,39.70402492565811,25.6524041410239,0.5166078222270151,0.6460907726371699,11.219310425318538,42.558298064698,35.117511025284465,4.195822624819854,2.3054199337259744,25.623590599761542,3217.0346078468233
1615,161.4999999999951,42.503415256323194,35.13455824664099,7.368857008236535,3216.938467859558,25.688537575075475,117.85911166085207,117.85911200000001,11.119377602351557,0.1,7.415710987680654,3219.482131340912,35.12,25.692454264018775,3210.867063260187,4.1850057206002,2.3299341780930907,4.195800000000006,2.307000000000001,76.85525308359519,39.704024925927705,25.65240412862505,0.5166078222752292,0.6460907723205009,11.139522398259022,42.53571098768065,35.12564320767275,4.195695938787868,2.3042356968900393,25.677392874299237,3216.928739951719
1616,161.5999999999951,42.5034152559447,35.134558246973015,7.36885700767239,3216.9384669418682,25.68853757518459,117.85911169519274,117.85911200000001,11.119377597521304,0.1,7.402019221655706,3219.482131340912,35.12,25.692454264018775,3210.867063260187,4.1850057206002,2.3299341780930907,4.195800000000006,2.307000000000001,76.8552530776177,39.70402492617,25.652404117481655,0.5166078223185615,0.6460907720358965,11.082632568027957,42.522019221655704,35.14383120174588,4.195142154680523,2.3073616644051285,25.676585234495327,3216.850810528256
1617,161.6999999999951,42.50341525560452,35.13455824727142,7.368857007165367,3216.9384661171,25.68853757528266,117.85911172605623,117.85911200000001,11.119377593180142,0.1,7.39873702805118,3219.482131340912,35.12,25.692454264018775,3210.867063260187,4.1850057206002,2.3299341780930907,4.195800000000006,2.307000000000001,76.85525307224549,39.70402492638776,25.652404107466594,0.5166078223575059,0.6460907717801101,11.1605103274529,42.51873702805118,35.11586776705004,4.194488993139933,2.3050003435608653,25.53798645663252,3217.0552500619583
1618,161.7999999999951,42.50341525529879,35.13455824753962,7.368857006709682,3216.938465375844,25.688537575370795,117.85911175379462,117.85911200000001,11.119377589278546,0.1,7.378622780336862,3219.482131340912,35.12,25.692454264018775,3210.867063260187,4.187265422258994,2.329415344694513,4.195800000000006,2.307000000000001,76.85525306741721,39.70402492658347,25.652404098465613,0.5166078223925074,0.6460907715502233,11.050728679235563,42.49862278033686,35.156650634546374,4.194523265694894,2.3064091071020703,25.75801070487994,3217.00162060964
1619,161.8999999999951,42.50341525502401,35.13455824778065,7.3688570063001375,3216.9384647096444,25.688537575450006,117.85911177872434,117.85911200000001,11.11937758577201,0.1,7.393176735251238,3219.482131340912,35.12,25.692454264018775,3210.867063260187,4.187265422258994,2.329415344694513,4.195800000000006,2.307000000000001,76.85525306307781,39.70402492675937,25.652404090376038,0.5166078224239646,0.646090771343614,11.10372870885851,42.513176735251236,35.05751203145439,4.195170847729047,2.3073647738146863,25.586036793056767,3216.9130434827866
1620,161.99999999999508,42.50341525477707,35.13455824799728,7.368857005932064,3216.9384641109014,25.6885375755212,117.85911180112977,117.85911200000001,11.119377582620531,0.1,7.431367380526623,3219.482131340912,35.12,25.692454264018775,3210.867063260187,4.187265422258994,2.329415344694513,4.195800000000006,2.307000000000001,76.85525305917784,39.704024926917455,25.652404083105576,0.5166078224522366,0.646090771157925,11.073132509595288,42.55136738052662,35.14140843131139,4.1949020025939125,2.3076302173989793,25.71111552267343,3216.871871937157
1621,162.09999999999508,42.50341525455512,35.13455824819198,7.368857005601257,3216.9384635727847,25.688537575585183,117.85911182126654,117.85911200000001,11.119377579788157,0.1,7.303833017300377,3219.482131340912,35.12,25.804544840401356,3208.810209901683,4.187265422258994,2.329415344694513,4.195800000000006,2.307000000000001,76.85525305567273,39.704024927059535,25.652404076571287,0.5166078224776459,0.646090770991038,11.144715452368542,42.423833017300375,35.10417072915606,4.195097332837332,2.307132284237567,25.6398147334857,3216.719961210735
1622,162.19999999999507,42.503415254355644,35.134558248366965,7.368857005303946,3216.9384630891554,25.688537575642687,117.85911183936433,117.85911200000001,11.119377577242577,0.1,7.337589792499493,3219.482131340912,35.12,25.804544840401356,3208.810209901683,4.187265422258994,2.329415344694513,4.195800000000006,2.307000000000001,76.85525305252254,39.70402492718723,25.652404070698637,0.5166078225004824,0.6460907708410494,11.12460787900723,42.45758979249949,35.14414747789947,4.196245190177472,2.3073433324288253,25.625485551857206,3216.9419422594447
1623,162.29999999999507,42.50341525417636,35.13455824852423,7.368857005036741,3216.9384626544966,25.68853757569437,117.85911185562962,117.85911200000001,11.119377574954754,0.1,7.392157238512851,3219.482131340912,35.12,25.804544840401356,3208.810209901683,4.187265422258994,2.329415344694513,4.195800000000006,2.307000000000001,76.85525304969133,39.704024927301994,25.652404065420626,0.5166078225210067,0.646090770706248,11.086636782305426,42.51215723851285,35.13534067579751,4.197474885842995,2.307363346812647,25.48108938333253,3216.992223240063
1624,162.39999999999506,42.50341525401524,35.13455824866557,7.368857004796593,3216.938462263849,25.688537575740817,117.85911187024794,117.85911200000001,11.119377572898586,0.1,7.340065456514907,3219.482131340912,35.12,25.804544840401356,3208.810209901683,4.186177976972243,2.328975979261424,4.195800000000006,2.307000000000001,76.85525304714682,39.70402492740513,25.652404060677046,0.5166078225394524,0.6460907705850961,11.1635423689754,42.460065456514904,35.12891155635126,4.194567093773243,2.307926273334931,25.68081066150431,3217.0749488704896
1625,162.49999999999505,42.50341525387043,35.134558248792594,7.36885700458076,3216.938461912757,25.68853757578256,117.85911188338609,117.85911200000001,11.119377571050613,0.1,7.3828167668471565,3219.482131340912,35.12,25.804544840401356,3208.810209901683,4.186177976972243,2.328975979261424,4.195800000000006,2.307000000000001,76.85525304485992,39.70402492749783,25.652404056413772,0.5166078225560307,0.6460907704762113,11.0969011546978,42.502816766847154,35.15065009680947,4.1970625784030515,2.3080798927741615,25.635590804191693,3216.9520499228415
1626,162.59999999999505,42.503415253740286,35.13455824890676,7.368857004386783,3216.938461597215,25.688537575820078,117.85911189519393,117.85911200000001,11.11937756938976,0.1,7.382296274737868,3219.482131340912,35.12,25.804544840401356,3208.810209901683,4.186177976972243,2.328975979261424,4.195800000000006,2.307000000000001,76.8552530428046,39.704024927581145,25.652404052582185,0.5166078225709302,0.6460907703783518,11.168308651195572,42.502296274737866,35.16887843445193,4.194555398208577,2.30657691637866,25.753006322831297,3216.868319512679
1627,162.69999999999504,42.50341525362333,35.13455824900936,7.3688570042124475,3216.9384613136235,25.688537575853797,117.85911190580615,117.85911200000001,11.119377567897079,0.1,7.4265989394896295,3219.482131340912,35.12,25.748060081759817,3214.1982808026273,4.186177976972243,2.328975979261424,4.195800000000006,2.307000000000001,76.8552530409574,39.70402492765602,25.65240404913857,0.5166078225843211,0.6460907702904012,11.119173871662555,42.54659893948963,35.13027363291862,4.194951722341461,2.3064147480986197,25.74584770571168,3216.9958458906062
1628,162.79999999999504,42.50341525351821,35.134558249101566,7.368857004055764,3216.938461058747,25.6885375758841,117.8591119153438,117.85911200000001,11.11937756655554,0.1,7.359583653322538,3219.482131340912,35.12,25.748060081759817,3214.1982808026273,4.186177976972243,2.328975979261424,4.195800000000006,2.307000000000001,76.85525303929722,39.70402492772331,25.652404046043642,0.516607822596356,0.6460907702113563,11.106017053796291,42.479583653322535,35.12123481749621,4.196873749209365,2.308911895737678,25.847104576773226,3216.8036260302038
1629,162.89999999999503,42.503415253423725,35.134558249184444,7.368857003914945,3216.9384608296787,25.68853757591134,117.85911192391573,117.85911200000001,11.119377565349838,0.1,7.414463465667076,3219.482131340912,35.12,25.748060081759817,3214.1982808026273,4.186177976972243,2.328975979261424,4.195800000000006,2.307000000000001,76.85525303780518,39.704024927783784,25.652404043262084,0.5166078226071721,0.6460907701403149,10.997523667656747,42.53446346566707,35.10155382195718,4.195879196568006,2.308835422551056,25.604040600379673,3216.896586408774
1630,162.99999999999503,42.503415253338815,35.13455824925894,7.368857003788384,3216.9384606238045,25.68853757593582,117.85911193161971,117.85911200000001,11.119377564266223,0.1,7.390267271408675,3219.482131340912,35.12,25.748060081759817,3214.1982808026273,4.188815945636197,2.328531802041502,4.195800000000006,2.307000000000001,76.85525303646418,39.70402492783815,25.652404040762185,0.5166078226168934,0.6460907700764669,11.134125740308887,42.51026727140867,35.132126520758135,4.196487188589513,2.308779564083858,25.483057113658383,3217.119994695867
1631,163.09999999999502,42.5034152532625,35.134558249325885,7.368857003674638,3216.9384604387765,25.68853757595782,117.8591119385436,117.85911200000001,11.119377563292328,0.1,7.414020936349495,3219.482131340912,35.12,25.748060081759817,3214.1982808026273,4.188815945636197,2.328531802041502,4.195800000000006,2.307000000000001,76.85525303525897,39.704024927887005,25.65240403851541,0.5166078226256303,0.6460907700190838,11.117990004002603,42.53402093634949,35.12714506504925,4.194882781990843,2.3087031333393506,25.67555493144083,3216.948287117909
1632,163.19999999999501,42.50341525319391,35.13455824938605,7.368857003572408,3216.9384602724836,25.688537575977595,117.85911194476643,117.85911200000001,11.119377562417046,0.1,7.3981553976914896,3219.482131340912,35.12,25.748060081759817,3214.1982808026273,4.188815945636197,2.328531802041502,4.195800000000006,2.307000000000001,76.85525303417579,39.70402492793091,25.652404036496137,0.5166078226334826,0.6460907699675111,11.126855712964467,42.51815539769149,35.128574319276495,4.1950111136224,2.3063146090752045,25.57519990068537,3216.8465878047123
1633,163.299999999995,42.50341525313226,35.13455824944013,7.36885700348053,3216.9384601230286,25.688537575995365,117.85911195035915,117.85911200000001,11.119377561630392,0.1,7.378478273215073,3219.482131340912,35.12,25.763818675588617,3218.1443090467474,4.188815945636197,2.328531802041502,4.195800000000006,2.307000000000001,76.85525303320227,39.70402492797037,25.652404034681325,0.5166078226405398,0.6460907699211604,11.180577780825669,42.49847827321507,35.079722836000194,4.196141914675388,2.3069389667758555,25.705374544469116,3216.843423215269
1634,163.399999999995,42.50341525307685,35.13455824948873,7.368857003397957,3216.938459988707,25.688537576011335,117.85911195538559,117.85911200000001,11.11937756092339,0.1,7.406969742356743,3219.482131340912,35.12,25.763818675588617,3218.1443090467474,4.188815945636197,2.328531802041502,4.195800000000006,2.307000000000001,76.85525303232735,39.70402492800584,25.65240403305027,0.5166078226468824,0.6460907698795029,11.207989406166554,42.52696974235674,35.145156830042964,4.195955813769805,2.3067387816689355,25.596101192902726,3216.85158171317
1635,163.499999999995,42.50341525302707,35.134558249532404,7.368857003323745,3216.9384598679862,25.688537576025688,117.85911195990305,117.85911200000001,11.119377560287978,0.1,7.325107566824791,3219.482131340912,35.12,25.763818675588617,3218.1443090467474,4.188815945636197,2.328531802041502,4.195800000000006,2.307000000000001,76.85525303154104,39.704024928037704,25.652404031584375,0.5166078226525824,0.6460907698420639,11.049594234038887,42.44510756682479,35.10627391316218,4.196789531882585,2.3061477346749144,25.610981991007844,3216.9043640436876
1636,163.599999999995,42.50341525298232,35.13455824957166,7.368857003257048,3216.938459759489,25.688537576038588,117.85911196396309,117.85911200000001,11.119377559716904,0.1,7.3843588111062175,3219.482131340912,35.12,25.763818675588617,3218.1443090467474,4.185519287601337,2.3280318875468424,4.195800000000006,2.307000000000001,76.85525303083435,39.704024928066346,25.652404030266908,0.5166078226577054,0.6460907698084156,11.155671163377594,42.504358811106215,35.07768247803252,4.196282189571396,2.3082634288548443,25.642373771413784,3217.003152238249
1637,163.699999999995,42.503415252942105,35.13455824960693,7.368857003197103,3216.938459661978,25.68853757605018,117.85911196761204,117.85911200000001,11.119377559203654,0.1,7.395942030293824,3219.482131340912,35.12,25.763818675588617,3218.1443090467474,4.185519287601337,2.3280318875468424,4.195800000000006,2.307000000000001,76.85525303019918,39.7040249280921,25.652404029082838,0.51660782266231,0.646090769778174,11.142292193498115,42.51594203029382,35.14321369688545,4.195646240127394,2.306875041005459,25.58133743122001,3216.90377278999
1638,163.79999999999498,42.50341525290597,35.13455824963864,7.36885700314323,3216.9384595743404,25.6885375760606,117.8591119708915,117.85911200000001,11.119377558742375,0.1,7.417234189463869,3219.482131340912,35.12,25.763818675588617,3218.1443090467474,4.185519287601337,2.3280318875468424,4.195800000000006,2.307000000000001,76.85525302962836,39.704024928115246,25.65240402801867,0.5166078226664481,0.6460907697509949,11.106850393025931,42.53723418946387,35.16464494293264,4.1979193181277505,2.3084187513541954,25.82531619499724,3216.928809696889
1639,163.89999999999498,42.50341525287348,35.13455824966714,7.36885700309481,3216.938459495577,25.688537576069965,117.85911197383889,117.85911200000001,11.119377558327802,0.1,7.400810883543677,3219.482131340912,35.12,25.784605844739193,3221.276091441018,4.185519287601337,2.3280318875468424,4.195800000000006,2.307000000000001,76.85525302911532,39.70402492813603,25.652404027062246,0.5166078226701671,0.6460907697265679,11.191601218345985,42.520810883543675,35.11878752136423,4.195216525525064,2.307989736080482,25.75840574314974,3217.0337719637137
1640,163.99999999999497,42.50341525284428,35.134558249692745,7.368857003051293,3216.938459424788,25.688537576078385,117.85911197648785,117.85911200000001,11.11937755795521,0.1,7.365691113643557,3219.482131340912,35.12,25.784605844739193,3221.276091441018,4.185519287601337,2.3280318875468424,4.195800000000006,2.307000000000001,76.85525302865423,39.70402492815472,25.652404026202678,0.5166078226735097,0.6460907697046143,11.069617615617485,42.485691113643554,35.12895859889889,4.196851123886058,2.3070503172653987,25.665479598214777,3216.9843623103757
1641,164.09999999999496,42.50341525281803,35.13455824971578,7.36885700301218,3216.938459361167,25.688537576085952,117.85911197886861,117.85911200000001,11.119377557620341,0.1,7.329942896159906,3219.482131340912,35.12,25.784605844739193,3221.276091441018,4.185519287601337,2.3280318875468424,4.195800000000006,2.307000000000001,76.8552530282398,39.70402492817152,25.652404025430137,0.516607822676514,0.6460907696848834,11.092190063572362,42.449942896159904,35.13957266615112,4.19645942218279,2.3081736675765163,25.70575511243552,3217.041572597064
1642,164.19999999999496,42.50341525279444,35.134558249736465,7.368857002977027,3216.9384593039886,25.68853757609275,117.8591119810083,117.85911200000001,11.11937755731938,0.1,7.3408736062118365,3219.482131340912,35.12,25.784605844739193,3221.276091441018,4.1905281171773305,2.3275522094930574,4.195800000000006,2.307000000000001,76.85525302786735,39.70402492818663,25.65240402473582,0.5166078226792141,0.6460907696671503,11.169015572693521,42.460873606211834,35.134733018833316,4.195330978011096,2.3056469310667778,25.583584386087832,3216.912977510038
1643,164.29999999999495,42.50341525277325,35.13455824975506,7.368857002945438,3216.9384592525994,25.68853757609886,117.85911198293131,117.85911200000001,11.119377557048894,0.1,7.424626107519671,3219.482131340912,35.12,25.784605844739193,3221.276091441018,4.1905281171773305,2.3275522094930574,4.195800000000006,2.307000000000001,76.85525302753264,39.70402492820019,25.652404024111807,0.5166078226816404,0.6460907696512129,11.137902162667432,42.54462610751967,35.11270471058417,4.196700577578371,2.3060492200013147,25.663016672544362,3216.955301592869
1644,164.39999999999495,42.503415252754195,35.134558249771764,7.368857002917046,3216.938459206414,25.688537576104352,117.85911198465962,117.85911200000001,11.119377556805796,0.1,7.390634163218316,3219.482131340912,35.12,25.784605844739193,3221.276091441018,4.1905281171773305,2.3275522094930574,4.195800000000006,2.307000000000001,76.85525302723181,39.704024928212384,25.652404023550982,0.5166078226838212,0.6460907696368894,11.122878941252438,42.51063416321831,35.14629386847018,4.193228217109752,2.306806880872964,25.736515726300805,3216.9844183031905
1645,164.49999999999494,42.50341525273707,35.134558249786785,7.368857002891527,3216.938459164905,25.688537576109287,117.85911198621292,117.85911200000001,11.119377556587313,0.1,7.376624830959585,3219.482131340912,35.12,25.761410425031904,3222.845653582972,4.1905281171773305,2.3275522094930574,4.195800000000006,2.307000000000001,76.85525302696142,39.70402492822335,25.65240402304694,0.5166078226857813,0.646090769624016,11.165209016520127,42.49662483095958,35.103068513675204,4.197132174593074,2.304611743040083,25.676124557821016,3216.929312435334
1646,164.59999999999494,42.503415252721695,35.134558249800286,7.3688570028685945,3216.938459127599,25.68853757611372,117.85911198760893,117.85911200000001,11.119377556390955,0.1,7.350971697362688,3219.482131340912,35.12,25.761410425031904,3222.845653582972,4.1905281171773305,2.3275522094930574,4.195800000000006,2.307000000000001,76.85525302671843,39.70402492823319,25.65240402259394,0.5166078226875428,0.6460907696124465,11.057944368054361,42.470971697362685,35.10904963326995,4.195887053621004,2.307568214794567,25.706204538632186,3216.8115455766197
1647,164.69999999999493,42.50341525270787,35.13455824981241,7.368857002847983,3216.9384590940704,25.688537576117707,117.85911198886359,117.85911200000001,11.119377556214477,0.1,7.368255275375283,3219.482131340912,35.12,25.761410425031904,3222.845653582972,4.1905281171773305,2.3275522094930574,4.195800000000006,2.307000000000001,76.85525302650004,39.70402492824205,25.652404022186808,0.5166078226891261,0.6460907696020481,11.211144000403245,42.48825527537528,35.14341174600091,4.19661473942737,2.3068232583248043,25.698529074544542,3217.016744955815
1648,164.79999999999492,42.50341525269545,35.134558249823314,7.3688570028294595,3216.9384590639365,25.68853757612129,117.85911198999122,117.85911200000001,11.119377556055868,0.1,7.428885795358333,3219.482131340912,35.12,25.761410425031904,3222.845653582972,4.191404846141439,2.327072509667227,4.195800000000006,2.307000000000001,76.85525302630377,39.70402492825,25.652404021820896,0.5166078226905487,0.6460907695927027,11.135929213546834,42.54888579535833,35.13471442281828,4.194305811919955,2.306155952987776,25.80468075711361,3216.8486587352436
1649,164.89999999999492,42.50341525268426,35.13455824983312,7.36885700281281,3216.938459036854,25.688537576124514,117.85911199100467,117.85911200000001,11.119377555913319,0.1,7.353596555830293,3219.482131340912,35.12,25.761410425031904,3222.845653582972,4.191404846141439,2.327072509667227,4.195800000000006,2.307000000000001,76.85525302612737,39.704024928257155,25.652404021492035,0.5166078226918276,0.6460907695843034,11.169041886340223,42.47359655583029,35.14741816338718,4.195022331179149,2.309497442635183,25.508894355024307,3216.9682408160343
1650,164.9999999999949,42.503415252674216,35.13455824984193,7.368857002797846,3216.9384590125137,25.688537576127406,117.85911199191551,117.85911200000001,11.119377555785205,0.1,7.3640904680617325,3219.482131340912,35.12,25.761410425031904,3222.845653582972,4.191404846141439,2.327072509667227,4.195800000000006,2.307000000000001,76.85525302596879,39.70402492826358,25.652404021196475,0.5166078226929771,0.6460907695767548,11.099041854779,42.48409046806173,35.14110889432982,4.196608558309031,2.3060953454747404,25.730314792984355,3216.9615045741098
1651,165.0999999999949,42.50341525266521,35.13455824984984,7.3688570027844,3216.938458990638,25.688537576130006,117.85911199273411,117.85911200000001,11.119377555670063,0.1,7.366968691584738,3219.482131340912,35.12,25.806479967866217,3224.9631587722347,4.191404846141439,2.327072509667227,4.195800000000006,2.307000000000001,76.85525302582633,39.704024928269355,25.652404020930845,0.5166078226940098,0.6460907695699706,11.2125914523194,42.486968691584735,35.161455230836204,4.195669281436189,2.3073077427512687,25.676975004286888,3216.8845272533677
1652,165.1999999999949,42.50341525265709,35.13455824985695,7.368857002772312,3216.9384589709775,25.688537576132344,117.85911199346982,117.85911200000001,11.11937755556658,0.1,7.365396757911505,3219.482131340912,35.12,25.806479967866217,3224.9631587722347,4.191404846141439,2.327072509667227,4.195800000000006,2.307000000000001,76.85525302569826,39.70402492827454,25.652404020692106,0.5166078226949382,0.6460907695638732,11.153410613240512,42.4853967579115,35.131038606860095,4.19511413115547,2.3081527107518767,25.67313428657528,3217.1074181801996
1653,165.2999999999949,42.503415252649816,35.13455824986334,7.36885700276145,3216.938458953308,25.688537576134443,117.85911199413104,117.85911200000001,11.119377555473575,0.1,7.36665131040138,3219.482131340912,35.12,25.806479967866217,3224.9631587722347,4.191404846141439,2.327072509667227,4.195800000000006,2.307000000000001,76.85525302558317,39.7040249282792,25.652404020477547,0.5166078226957725,0.6460907695583934,11.111649386279458,42.48665131040138,35.12759376507666,4.194748933345833,2.3078899073489247,25.664153384414504,3216.8918107196305
1654,165.3999999999949,42.503415252643265,35.13455824986908,7.368857002751688,3216.938458937427,25.688537576136333,117.8591119947253,117.85911200000001,11.119377555389987,0.1,7.3819745516216315,3219.482131340912,35.12,25.806479967866217,3224.9631587722347,4.194898717891964,2.3266660073248326,4.195800000000006,2.307000000000001,76.85525302547973,39.704024928283395,25.65240402028471,0.5166078226965224,0.6460907695534683,11.134314945909734,42.50197455162163,35.131281077006236,4.195176523123072,2.3076854840362344,25.859232927814045,3217.0014359795236
1655,165.49999999999488,42.50341525263737,35.13455824987425,7.368857002742913,3216.9384589231545,25.68853757613803,117.8591119952594,117.85911200000001,11.119377555314863,0.1,7.392842844847912,3219.482131340912,35.12,25.806479967866217,3224.9631587722347,4.194898717891964,2.3266660073248326,4.195800000000006,2.307000000000001,76.85525302538674,39.70402492828717,25.652404020111398,0.5166078226971965,0.6460907695490419,11.15418480589564,42.51284284484791,35.12562827248906,4.195116601617626,2.3074113637365627,25.646018959636713,3216.9209978836993
1656,165.59999999999488,42.50341525263208,35.1345582498789,7.368857002735028,3216.938458910327,25.688537576139556,117.85911199573943,117.85911200000001,11.119377555247345,0.1,7.411980213240845,3219.482131340912,35.12,25.806479967866217,3224.9631587722347,4.194898717891964,2.3266660073248326,4.195800000000006,2.307000000000001,76.8552530253032,39.70402492829056,25.652404019955636,0.5166078226978021,0.6460907695450636,11.088197167139441,42.53198021324084,35.14770664562262,4.194634347115723,2.3063988605502024,25.795402771263838,3216.792114667552
1657,165.69999999999487,42.50341525262732,35.134558249883064,7.368857002727941,3216.938458898798,25.688537576140927,117.85911199617082,117.85911200000001,11.119377555186665,0.1,7.361918507582715,3219.482131340912,35.12,25.74962130139747,3223.7362586566087,4.194898717891964,2.3266660073248326,4.195800000000006,2.307000000000001,76.85525302522811,39.7040249282936,25.652404019815645,0.5166078226983465,0.6460907695414883,11.15017310458923,42.48191850758271,35.14090092131762,4.196301366779561,2.3053380690793452,25.503152984981977,3216.7966444194326
1658,165.79999999999487,42.50341525262306,35.134558249886815,7.368857002721569,3216.938458888437,25.68853757614216,117.85911199655857,117.85911200000001,11.119377555132127,0.1,7.373059598992434,3219.482131340912,35.12,25.74962130139747,3223.7362586566087,4.194898717891964,2.3266660073248326,4.195800000000006,2.307000000000001,76.8552530251606,39.704024928296334,25.652404019689826,0.5166078226988359,0.6460907695382748,11.152924869568583,42.49305959899243,35.13831362330032,4.196236284422423,2.306568931725475,25.71906242727327,3217.1883873956085
1659,165.89999999999486,42.503415252619206,35.13455824989019,7.3688570027158455,3216.9384588791245,25.68853757614327,117.85911199690703,117.85911200000001,11.119377555083112,0.1,7.377201697356284,3219.482131340912,35.12,25.74962130139747,3223.7362586566087,4.194898717891964,2.3266660073248326,4.195800000000006,2.307000000000001,76.85525302509997,39.70402492829879,25.65240401957675,0.5166078226992754,0.6460907695353868,11.030055004205005,42.49720169735628,35.15123639004382,4.194725538882336,2.305970510340135,25.56166777596884,3216.928902769067
1660,165.99999999999486,42.50341525261575,35.13455824989322,7.368857002710699,3216.9384588707553,25.688537576144263,117.85911199722023,117.85911200000001,11.11937755503906,0.1,7.367751581560768,3219.482131340912,35.12,25.74962130139747,3223.7362586566087,4.200927667580908,2.3262056516505814,4.195800000000006,2.307000000000001,76.85525302504543,39.704024928301,25.65240401947512,0.5166078226996708,0.6460907695327912,11.035485236378609,42.487751581560765,35.17423010693212,4.1971352598682135,2.307442650931102,25.588812059780523,3216.9940828694216
1661,166.09999999999485,42.503415252612655,35.13455824989594,7.368857002706076,3216.938458863234,25.688537576145155,117.8591119975017,117.85911200000001,11.119377554999469,0.1,7.352444882754796,3219.482131340912,35.12,25.74962130139747,3223.7362586566087,4.200927667580908,2.3262056516505814,4.195800000000006,2.307000000000001,76.85525302499644,39.704024928303,25.652404019383784,0.516607822700026,0.6460907695304583,11.022588615374332,42.47244488275479,35.12336157455115,4.195786988036782,2.309192952959167,25.66235404346498,3216.90984578644
1662,166.19999999999484,42.50341525260987,35.134558249898376,7.3688570027019225,3216.9384588564735,25.688537576145958,117.85911199775465,117.85911200000001,11.119377554963888,0.1,7.3036471903962905,3219.482131340912,35.12,25.74962130139747,3223.7362586566087,4.200927667580908,2.3262056516505814,4.195800000000006,2.307000000000001,76.85525302495243,39.704024928304776,25.6524040193017,0.516607822700345,0.646090769528362,11.045424371857226,42.42364719039629,35.2200843462933,4.194636709852118,2.3077339503708485,25.67418279601532,3217.016130887312
1663,166.29999999999484,42.50341525260737,35.13455824990057,7.3688570026981886,3216.938458850398,25.68853757614668,117.85911199798201,117.85911200000001,11.119377554931908,0.1,7.336022777066525,3219.482131340912,35.12,25.69605929814144,3220.982994421837,4.200927667580908,2.3262056516505814,4.195800000000006,2.307000000000001,76.85525302491286,39.70402492830638,25.652404019227923,0.5166078227006319,0.6460907695264777,11.078926078128221,42.45602277706652,35.110075307172416,4.196462868831054,2.306667640069098,25.59177485376361,3216.7794226364363
1664,166.39999999999483,42.50341525260512,35.13455824990255,7.368857002694831,3216.9384588449375,25.68853757614733,117.85911199818634,117.85911200000001,11.119377554903169,0.1,7.400735765887163,3219.482131340912,35.12,25.69605929814144,3220.982994421837,4.200927667580908,2.3262056516505814,4.195800000000006,2.307000000000001,76.85525302487729,39.704024928307824,25.65240401916162,0.5166078227008898,0.6460907695247843,11.084886266512495,42.52073576588716,35.13788199866177,4.1952200887339055,2.30756805958449,25.73508189240923,3216.978746660964
1665,166.49999999999483,42.50341525260309,35.13455824990432,7.368857002691815,3216.93845884003,25.688537576147915,117.85911199836998,117.85911200000001,11.119377554877337,0.1,7.3575236560562445,3219.482131340912,35.12,25.69605929814144,3220.982994421837,4.200927667580908,2.3262056516505814,4.195800000000006,2.307000000000001,76.85525302484534,39.70402492830911,25.652404019102026,0.5166078227011212,0.6460907695232624,11.158128503940084,42.47752365605624,35.09073662538606,4.1962391058201485,2.307596910982324,25.779202872633427,3216.855433690464
1666,166.59999999999482,42.50341525260126,35.13455824990592,7.368857002689101,3216.9384588356193,25.68853757614844,117.85911199853504,117.85911200000001,11.119377554854122,0.1,7.453589246469868,3219.482131340912,35.12,25.69605929814144,3220.982994421837,4.202824884176638,2.3256562697822316,4.195800000000006,2.307000000000001,76.85525302481659,39.70402492831028,25.65240401904847,0.5166078227013297,0.6460907695218944,11.146754882049779,42.573589246469865,35.13766540402923,4.1962342312099645,2.307610586190142,25.62368758187209,3216.7255734666433
1667,166.69999999999482,42.50341525259962,35.134558249907364,7.3688570026866635,3216.938458831655,25.688537576148914,117.85911199868339,117.85911200000001,11.119377554833257,0.1,7.372017917635233,3219.482131340912,35.12,25.69605929814144,3220.982994421837,4.202824884176638,2.3256562697822316,4.195800000000006,2.307000000000001,76.85525302479077,39.70402492831133,25.652404019000333,0.5166078227015168,0.646090769520665,11.13306302992662,42.49201791763523,35.05796771605782,4.196496772644568,2.307226724187246,25.589113400504104,3217.0010388943692
1668,166.7999999999948,42.503415252598145,35.13455824990866,7.3688570026844715,3216.9384588280927,25.688537576149336,117.85911199881672,117.85911200000001,11.119377554814506,0.1,7.383176655810182,3219.482131340912,35.12,25.69605929814144,3220.982994421837,4.202824884176638,2.3256562697822316,4.195800000000006,2.307000000000001,76.85525302476753,39.70402492831228,25.652404018957075,0.5166078227016854,0.64609076951956,11.11677170697036,42.50317665581018,35.18531405146896,4.195409776441209,2.3065011227688785,25.58830508104725,3216.917400084825
1669,166.8999999999948,42.50341525259684,35.134558249909816,7.368857002682505,3216.938458824891,25.688537576149717,117.85911199893651,117.85911200000001,11.119377554797653,0.1,7.372221542148814,3219.482131340912,35.12,25.66153928558357,3210.5590315481277,4.202824884176638,2.3256562697822316,4.195800000000006,2.307000000000001,76.8552530247467,39.70402492831312,25.652404018918194,0.5166078227018364,0.6460907695185671,11.11961872802944,42.49222154214881,35.09023300854357,4.195435432553429,2.305656183365572,25.676797146761256,3216.940380958111
1670,166.9999999999948,42.503415252595644,35.134558249910846,7.368857002680734,3216.938458822013,25.688537576150058,117.8591119990442,117.85911200000001,11.119377554782506,0.1,7.329881573166432,3219.482131340912,35.12,25.66153928558357,3210.5590315481277,4.202824884176638,2.3256562697822316,4.195800000000006,2.307000000000001,76.85525302472793,39.704024928313885,25.65240401888325,0.5166078227019726,0.6460907695176745,11.16065665202214,42.44988157316643,35.13282440144159,4.196684403243646,2.3043114631912323,25.50534928645912,3216.87801259402
1671,167.0999999999948,42.50341525259459,35.134558249911784,7.368857002679147,3216.938458819427,25.688537576150363,117.85911199914098,117.85911200000001,11.119377554768894,0.1,7.3377985926777285,3219.482131340912,35.12,25.66153928558357,3210.5590315481277,4.202824884176638,2.3256562697822316,4.195800000000006,2.307000000000001,76.8552530247111,39.70402492831456,25.652404018851847,0.5166078227020944,0.6460907695168726,11.096703420197102,42.457798592677726,35.145410755610115,4.197812615898407,2.306993261161661,25.682440702252798,3216.956341541121
1672,167.1999999999948,42.503415252593626,35.13455824991262,7.368857002677719,3216.938458817103,25.68853757615064,117.85911199922795,117.85911200000001,11.11937755475666,0.1,7.410751063459095,3219.482131340912,35.12,25.66153928558357,3210.5590315481277,4.201774260274246,2.325251164644036,4.195800000000006,2.307000000000001,76.85525302469597,39.70402492831517,25.652404018823624,0.5166078227022041,0.6460907695161519,11.116960675174637,42.53075106345909,35.10544733708037,4.197499588562027,2.306995047458481,25.681599930681458,3216.904713093903
1673,167.29999999999478,42.503415252592774,35.134558249913376,7.3688570026764335,3216.9384588150137,25.68853757615089,117.85911199930611,117.85911200000001,11.119377554745665,0.1,7.412501827977252,3219.482131340912,35.12,25.66153928558357,3210.5590315481277,4.201774260274246,2.325251164644036,4.195800000000006,2.307000000000001,76.85525302468236,39.704024928315725,25.652404018798258,0.5166078227023029,0.6460907695155039,11.079161911007679,42.53250182797725,35.15568734091672,4.19738102677925,2.3086915978218707,25.695302268147717,3216.8838866763376
1674,167.39999999999478,42.50341525259199,35.13455824991406,7.368857002675281,3216.938458813136,25.688537576151113,117.85911199937638,117.85911200000001,11.119377554735783,0.1,7.416317748773167,3219.482131340912,35.12,25.66153928558357,3210.5590315481277,4.201774260274246,2.325251164644036,4.195800000000006,2.307000000000001,76.85525302467015,39.70402492831622,25.65240401877546,0.5166078227023914,0.6460907695149216,11.13002199479685,42.536317748773165,35.10453079539231,4.197486609774338,2.307449505741571,25.65113048211984,3216.8572907212947
1675,167.49999999999477,42.503415252591296,35.13455824991467,7.368857002674243,3216.9384588114485,25.68853757615131,117.85911199943952,117.85911200000001,11.1193775547269,0.1,7.390459169053628,3219.482131340912,35.12,25.73863085763204,3216.521115449963,4.201774260274246,2.325251164644036,4.195800000000006,2.307000000000001,76.85525302465915,39.70402492831666,25.652404018754964,0.516607822702471,0.6460907695143983,11.172735332640316,42.510459169053625,35.16335156379473,4.19612967175219,2.3075744878587043,25.651978023517728,3216.940228774347
1676,167.59999999999476,42.50341525259067,35.134558249915216,7.368857002673311,3216.938458809932,25.688537576151493,117.85911199949628,117.85911200000001,11.119377554718916,0.1,7.379366230628854,3219.482131340912,35.12,25.73863085763204,3216.521115449963,4.201774260274246,2.325251164644036,4.195800000000006,2.307000000000001,76.85525302464927,39.70402492831706,25.652404018736547,0.5166078227025426,0.646090769513928,11.133095871920544,42.49936623062885,35.139599972853055,4.196862758100443,2.307569389338464,25.80977004246473,3217.005884813368
1677,167.69999999999476,42.503415252590116,35.134558249915706,7.368857002672472,3216.938458808569,25.688537576151656,117.85911199954728,117.85911200000001,11.119377554711743,0.1,7.416798399590654,3219.482131340912,35.12,25.73863085763204,3216.521115449963,4.201774260274246,2.325251164644036,4.195800000000006,2.307000000000001,76.85525302464039,39.70402492831742,25.652404018720002,0.516607822702607,0.6460907695135053,11.174556960293778,42.53679839959065,35.1491232129615,4.194812951837654,2.3057238894686627,25.752348935750994,3216.9272732525596
1678,167.79999999999475,42.503415252589605,35.134558249916154,7.368857002671717,3216.938458807344,25.688537576151802,117.85911199959313,117.85911200000001,11.119377554705295,0.1,7.373901660229038,3219.482131340912,35.12,25.73863085763204,3216.521115449963,4.205781434173072,2.3248467349021813,4.195800000000006,2.307000000000001,76.8552530246324,39.70402492831776,25.652404018705123,0.516607822702665,0.6460907695131252,11.148490370992938,42.493901660229035,35.123363457228095,4.194533471033354,2.307411340602298,25.688069087421987,3217.076760304676
1679,167.89999999999475,42.50341525258915,35.13455824991656,7.368857002671042,3216.938458806243,25.688537576151933,117.85911199963432,117.85911200000001,11.1193775546995,0.1,7.3911059449834795,3219.482131340912,35.12,25.73863085763204,3216.521115449963,4.205781434173072,2.3248467349021813,4.195800000000006,2.307000000000001,76.85525302462524,39.70402492831804,25.652404018691758,0.5166078227027169,0.6460907695127839,11.047083337595105,42.51110594498348,35.106135616177035,4.193916890754497,2.3065343136670635,25.605448242134237,3217.137580426152
1680,167.99999999999474,42.50341525258874,35.134558249916914,7.368857002670433,3216.9384588052535,25.68853757615205,117.85911199967136,117.85911200000001,11.119377554694292,0.1,7.397293152882227,3219.482131340912,35.12,25.73863085763204,3216.521115449963,4.205781434173072,2.3248467349021813,4.195800000000006,2.307000000000001,76.85525302461879,39.7040249283183,25.652404018679743,0.5166078227027636,0.6460907695124771,11.131349265091036,42.517293152882225,35.12526361459811,4.196096094398183,2.3063459516532148,25.71066818520135,3216.872971615515
1681,168.09999999999474,42.50341525258837,35.134558249917234,7.368857002669886,3216.938458804364,25.688537576152157,117.85911199970464,117.85911200000001,11.119377554689612,0.1,7.384925966018834,3219.482131340912,35.12,25.70518961848887,3214.610273737128,4.205781434173072,2.3248467349021813,4.195800000000006,2.307000000000001,76.85525302461299,39.70402492831854,25.652404018668943,0.5166078227028057,0.6460907695122011,11.082735748822731,42.50492596601883,35.20655922989352,4.195640679280959,2.306631869202146,25.624255347109145,3217.021443976883
1682,168.19999999999473,42.50341525258804,35.134558249917525,7.368857002669395,3216.9384588035646,25.688537576152253,117.85911199973455,117.85911200000001,11.119377554685403,0.1,7.391053007812509,3219.482131340912,35.12,25.70518961848887,3214.610273737128,4.205781434173072,2.3248467349021813,4.195800000000006,2.307000000000001,76.85525302460779,39.704024928318745,25.652404018659237,0.5166078227028433,0.6460907695119533,11.130738497489308,42.51105300781251,35.13398395493283,4.194630885381482,2.307039743322679,25.69570181463886,3216.955464515028
1683,168.29999999999472,42.50341525258774,35.13455824991779,7.3688570026689515,3216.938458802846,25.68853757615234,117.85911199976144,117.85911200000001,11.119377554681622,0.1,7.419681690638242,3219.482131340912,35.12,25.70518961848887,3214.610273737128,4.205781434173072,2.3248467349021813,4.195800000000006,2.307000000000001,76.8552530246031,39.70402492831893,25.65240401865051,0.5166078227028773,0.6460907695117306,11.113221306671427,42.53968169063824,35.11622354757671,4.196355812224087,2.305155898930151,25.616614714456986,3216.860117359482
1684,168.39999999999472,42.50341525258747,35.13455824991802,7.368857002668555,3216.9384588022003,25.688537576152413,117.85911199978561,117.85911200000001,11.119377554678223,0.1,7.425157992872535,3219.482131340912,35.12,25.70518961848887,3214.610273737128,4.208292434918851,2.3243634451637125,4.195800000000006,2.307000000000001,76.85525302459888,39.70402492831911,25.65240401864267,0.516607822702908,0.6460907695115302,11.12840324880586,42.54515799287253,35.119448759454606,4.196403269494333,2.3069340775158422,25.572701552215207,3216.973014113656
1685,168.4999999999947,42.503415252587246,35.13455824991823,7.368857002668199,3216.93845880162,25.68853757615248,117.85911199980731,117.85911200000001,11.119377554675168,0.1,7.347366489044084,3219.482131340912,35.12,25.70518961848887,3214.610273737128,4.208292434918851,2.3243634451637125,4.195800000000006,2.307000000000001,76.8552530245951,39.70402492831926,25.65240401863562,0.5166078227029353,0.6460907695113502,11.10889426609312,42.46736648904408,35.13187690121669,4.197977893624368,2.307152295238086,25.467131821693847,3217.0519593018444
1686,168.5999999999947,42.50341525258703,35.13455824991841,7.368857002667882,3216.9384588010985,25.68853757615254,117.85911199982682,117.85911200000001,11.119377554672424,0.1,7.382148168847152,3219.482131340912,35.12,25.70518961848887,3214.610273737128,4.208292434918851,2.3243634451637125,4.195800000000006,2.307000000000001,76.85525302459176,39.70402492831939,25.65240401862929,0.5166078227029595,0.6460907695111886,11.17244270123915,42.50214816884715,35.08829534044834,4.194289283608364,2.3074697060428853,25.76878506428462,3217.1915265704465
1687,168.6999999999947,42.50341525258685,35.13455824991858,7.3688570026675935,3216.9384588006296,25.688537576152598,117.85911199984436,117.85911200000001,11.119377554669956,0.1,7.359054293048359,3219.482131340912,35.12,25.761721545107125,3215.803036392618,4.208292434918851,2.3243634451637125,4.195800000000006,2.307000000000001,76.85525302458869,39.70402492831951,25.6524040186236,0.5166078227029817,0.6460907695110433,11.127895249872548,42.47905429304836,35.15670088082289,4.194912150900687,2.3072092893058063,25.62012020638984,3216.9717182302365
1688,168.7999999999947,42.50341525258666,35.13455824991873,7.368857002667334,3216.9384588002085,25.688537576152648,117.85911199986013,117.85911200000001,11.119377554667738,0.1,7.379004464388288,3219.482131340912,35.12,25.761721545107125,3215.803036392618,4.208292434918851,2.3243634451637125,4.195800000000006,2.307000000000001,76.85525302458595,39.70402492831963,25.65240401861848,0.5166078227030017,0.6460907695109124,11.23867010555375,42.499004464388285,35.101297061890676,4.195722083348499,2.3087059705514053,25.697799993653497,3216.9743707448815
1689,168.8999999999947,42.50341525258651,35.13455824991887,7.368857002667101,3216.93845879983,25.688537576152694,117.8591119998743,117.85911200000001,11.119377554665746,0.1,7.416514056471307,3219.482131340912,35.12,25.761721545107125,3215.803036392618,4.208292434918851,2.3243634451637125,4.195800000000006,2.307000000000001,76.85525302458348,39.70402492831973,25.652404018613886,0.5166078227030196,0.646090769510795,11.074847352200889,42.536514056471304,35.13287540107472,4.1954811928973035,2.307033779698854,25.672983408799503,3216.807338853999
1690,168.99999999999469,42.503415252586365,35.134558249918996,7.368857002666893,3216.93845879949,25.688537576152733,117.85911199988702,117.85911200000001,11.119377554663956,0.1,7.384789715761215,3219.482131340912,35.12,25.761721545107125,3215.803036392618,4.209170819061083,2.3239354756037063,4.195800000000006,2.307000000000001,76.85525302458126,39.70402492831982,25.652404018609754,0.5166078227030356,0.6460907695106897,11.1489087133906,42.50478971576121,35.12884132270449,4.195843447781386,2.30606295055111,25.69207286094966,3217.0327603164014
1691,169.09999999999468,42.50341525258625,35.1345582499191,7.368857002666704,3216.9384587991844,25.68853757615277,117.85911199989846,117.85911200000001,11.119377554662346,0.1,7.34539444297932,3219.482131340912,35.12,25.761721545107125,3215.803036392618,4.209170819061083,2.3239354756037063,4.195800000000006,2.307000000000001,76.85525302457927,39.7040249283199,25.652404018606042,0.5166078227030501,0.6460907695105947,11.213148614722861,42.46539444297932,35.154253084848136,4.195963078117036,2.308119081973879,25.75579468630742,3216.8435360506173
1692,169.19999999999467,42.50341525258614,35.1345582499192,7.3688570026665365,3216.93845879891,25.688537576152804,117.85911199990873,117.85911200000001,11.1193775546609,0.1,7.3657893188283765,3219.482131340912,35.12,25.761721545107125,3215.803036392618,4.209170819061083,2.3239354756037063,4.195800000000006,2.307000000000001,76.8552530245775,39.704024928319974,25.652404018602706,0.5166078227030629,0.6460907695105096,11.114919155042942,42.485789318828374,35.13864649241977,4.1948842380820475,2.306253423293617,25.650482457722543,3217.077660246109
1693,169.29999999999467,42.503415252586024,35.134558249919294,7.368857002666382,3216.938458798663,25.688537576152832,117.85911199991799,117.85911200000001,11.119377554659602,0.1,7.368925662885388,3219.482131340912,35.12,25.751212048643982,3215.84007387599,4.209170819061083,2.3239354756037063,4.195800000000006,2.307000000000001,76.85525302457584,39.704024928320045,25.65240401859971,0.516607822703075,0.646090769510433,11.117294398075357,42.488925662885386,35.18538218405295,4.19452637016975,2.309274605891367,25.784089116228095,3216.878517079484
1694,169.39999999999466,42.50341525258594,35.13455824991937,7.368857002666247,3216.938458798441,25.688537576152857,117.85911199992628,117.85911200000001,11.119377554658433,0.1,7.411280684781666,3219.482131340912,35.12,25.751212048643982,3215.84007387599,4.209170819061083,2.3239354756037063,4.195800000000006,2.307000000000001,76.85525302457442,39.704024928320095,25.652404018597014,0.5166078227030851,0.6460907695103643,11.068097104585922,42.53128068478166,35.1202253495524,4.1947335396852266,2.308275489181497,25.73141892958269,3216.882112881942
1695,169.49999999999466,42.50341525258585,35.13455824991944,7.368857002666124,3216.9384587982413,25.688537576152882,117.85911199993375,117.85911200000001,11.119377554657383,0.1,7.419974908196032,3219.482131340912,35.12,25.751212048643982,3215.84007387599,4.209170819061083,2.3239354756037063,4.195800000000006,2.307000000000001,76.85525302457313,39.70402492832015,25.65240401859459,0.5166078227030946,0.6460907695103023,11.14477870301007,42.53997490819603,35.14879189399379,4.194545940236642,2.3095303477995075,25.801506876620884,3216.883101929016
1696,169.59999999999465,42.50341525258578,35.13455824991951,7.368857002666013,3216.938458798062,25.688537576152903,117.85911199994045,117.85911200000001,11.11937755465644,0.1,7.397349019989562,3219.482131340912,35.12,25.751212048643982,3215.84007387599,4.2171798370008755,2.3233808543422096,4.195800000000006,2.307000000000001,76.85525302457195,39.704024928320194,25.652404018592417,0.5166078227031031,0.6460907695102468,11.094535236331694,42.51734901998956,35.184254791248584,4.196738353914197,2.3089659164541776,25.661878044744444,3216.742553421736
1697,169.69999999999465,42.50341525258571,35.13455824991957,7.368857002665916,3216.938458797901,25.688537576152925,117.85911199994648,117.85911200000001,11.119377554655593,0.1,7.369586615011471,3219.482131340912,35.12,25.751212048643982,3215.84007387599,4.2171798370008755,2.3233808543422096,4.195800000000006,2.307000000000001,76.85525302457093,39.70402492832024,25.652404018590463,0.5166078227031106,0.646090769510197,11.124531838374239,42.48958661501147,35.20000055391345,4.195996859498202,2.308944860156659,25.694984105093116,3216.960088296351
1698,169.79999999999464,42.503415252585654,35.13455824991962,7.368857002665823,3216.938458797756,25.688537576152942,117.8591119999519,117.85911200000001,11.11937755465483,0.1,7.392364995300021,3219.482131340912,35.12,25.751212048643982,3215.84007387599,4.2171798370008755,2.3233808543422096,4.195800000000006,2.307000000000001,76.85525302456995,39.70402492832028,25.652404018588705,0.5166078227031177,0.646090769510152,11.13229040627279,42.51236499530002,35.162167459380605,4.198261006986988,2.3066104514529795,25.61256982736208,3216.9137178859346
1699,169.89999999999463,42.5034152525856,35.13455824991967,7.368857002665744,3216.938458797626,25.68853757615296,117.85911199995678,117.85911200000001,11.119377554654145,0.1,7.394551709909734,3219.482131340912,35.12,25.7976187883745,3218.523478883585,4.2171798370008755,2.3233808543422096,4.195800000000006,2.307000000000001,76.85525302456911,39.704024928320315,25.65240401858712,0.5166078227031238,0.6460907695101115,11.164937706380996,42.51455170990973,35.17939280174828,4.195851387740522,2.3071927311128753,25.551176857569814,3217.006396121115
1700,169.99999999999463,42.50341525258554,35.13455824991972,7.368857002665671,3216.938458797509,25.688537576152974,117.85911199996117,117.85911200000001,11.119377554653529,0.1,7.38585974984273,3219.482131340912,35.12,25.7976187883745,3218.523478883585,4.2171798370008755,2.3233808543422096,4.195800000000006,2.307000000000001,76.85525302456834,39.70402492832035,25.6524040185857,0.5166078227031294,0.646090769510075,11.157798085801776,42.50585974984273,35.13030905526355,4.195398747119775,2.307363765108164,25.585760760999108,3216.864167844546
1701,170.09999999999462,42.5034152525855,35.13455824991976,7.368857002665605,3216.938458797404,25.688537576152985,117.8591119999651,117.85911200000001,11.119377554652976,0.1,7.404899415942815,3219.482131340912,35.12,25.7976187883745,3218.523478883585,4.2171798370008755,2.3233808543422096,4.195800000000006,2.307000000000001,76.85525302456763,39.70402492832038,25.652404018584424,0.5166078227031345,0.6460907695100425,11.058182555274565,42.52489941594281,35.13160202826704,4.19542223649687,2.3053971601929333,25.77659955519284,3217.0749172057963
1702,170.19999999999462,42.503415252585455,35.13455824991979,7.36885700266555,3216.9384587973095,25.688537576152996,117.85911199996863,117.85911200000001,11.119377554652479,0.1,7.3698477247860765,3219.482131340912,35.12,25.7976187883745,3218.523478883585,4.2245460733608375,2.323012978251246,4.195800000000006,2.307000000000001,76.85525302456705,39.7040249283204,25.652404018583276,0.5166078227031388,0.6460907695100132,11.046354734594965,42.489847724786074,35.17316205233718,4.196467997640708,2.306006181202258,25.69219727058463,3217.0214998676033
1703,170.2999999999946,42.50341525258543,35.13455824991982,7.3688570026654965,3216.9384587972245,25.688537576153003,117.8591119999718,117.85911200000001,11.119377554652031,0.1,7.358887931835596,3219.482131340912,35.12,25.7976187883745,3218.523478883585,4.2245460733608375,2.323012978251246,4.195800000000006,2.307000000000001,76.85525302456647,39.704024928320415,25.652404018582246,0.5166078227031429,0.6460907695099871,11.151006467152161,42.478887931835594,35.135886612578936,4.196485140688003,2.30539379073581,25.544840722811635,3216.9727428934984
1704,170.3999999999946,42.5034152525854,35.13455824991984,7.368857002665452,3216.938458797148,25.68853757615301,117.85911199997466,117.85911200000001,11.11937755465163,0.1,7.427136356364464,3219.482131340912,35.12,25.7976187883745,3218.523478883585,4.2245460733608375,2.323012978251246,4.195800000000006,2.307000000000001,76.855253024566,39.704024928320436,25.65240401858132,0.5166078227031463,0.6460907695099634,11.070926202356388,42.54713635636446,35.14746340249433,4.197268770335647,2.307748866032012,25.586234269313366,3217.0940672078355
1705,170.4999999999946,42.503415252585384,35.13455824991986,7.368857002665411,3216.9384587970794,25.688537576153017,117.85911199997722,117.85911200000001,11.119377554651267,0.1,7.3840926185678555,3219.482131340912,35.12,25.76928395509067,3218.4739067968762,4.2245460733608375,2.323012978251246,4.195800000000006,2.307000000000001,76.85525302456556,39.70402492832046,25.652404018580484,0.5166078227031495,0.646090769509942,11.147935340675527,42.50409261856785,35.17428497887049,4.194538677509857,2.307914521859681,25.76284296714439,3216.8342383259146
1706,170.5999999999946,42.503415252585356,35.13455824991988,7.368857002665376,3216.9384587970176,25.688537576153024,117.85911199997952,117.85911200000001,11.119377554650944,0.1,7.351880091316964,3219.482131340912,35.12,25.76928395509067,3218.4739067968762,4.2245460733608375,2.323012978251246,4.195800000000006,2.307000000000001,76.85525302456519,39.704024928320464,25.652404018579738,0.5166078227031521,0.6460907695099231,11.11345928666679,42.47188009131696,35.15799335041965,4.195599489272819,2.307073962228744,25.571927186109914,3216.8885528208407
1707,170.6999999999946,42.50341525258534,35.1345582499199,7.36885700266534,3216.938458796962,25.68853757615303,117.8591119999816,117.85911200000001,11.11937755465065,0.1,7.378608404403764,3219.482131340912,35.12,25.76928395509067,3218.4739067968762,4.2245460733608375,2.323012978251246,4.195800000000006,2.307000000000001,76.8552530245648,39.704024928320486,25.65240401857906,0.516607822703155,0.6460907695099056,11.046666906697334,42.49860840440376,35.12816750954245,4.195026118573336,2.308435091741811,25.646538834321078,3216.8412112144742
1708,170.79999999999458,42.50341525258531,35.13455824991991,7.368857002665308,3216.938458796912,25.68853757615304,117.85911199998347,117.85911200000001,11.119377554650388,0.1,7.4266395829724985,3219.482131340912,35.12,25.76928395509067,3218.4739067968762,4.22901132227549,2.322536726116364,4.195800000000006,2.307000000000001,76.85525302456448,39.70402492832049,25.652404018578455,0.5166078227031572,0.6460907695098903,11.14688287267244,42.546639582972496,35.14910391445984,4.197131105599516,2.3056305714710152,25.617143446936133,3216.963809372381
1709,170.89999999999458,42.5034152525853,35.13455824991994,7.3688570026652815,3216.9384587968675,25.688537576153045,117.85911199998516,117.85911200000001,11.119377554650152,0.1,7.414416603721904,3219.482131340912,35.12,25.76928395509067,3218.4739067968762,4.22901132227549,2.322536726116364,4.195800000000006,2.307000000000001,76.85525302456419,39.704024928320514,25.652404018577908,0.5166078227031594,0.6460907695098762,11.119141424845681,42.5344166037219,35.12793631599441,4.195289722359322,2.3081922365837593,25.61326598859048,3216.757078405631
1710,170.99999999999457,42.50341525258527,35.134558249919955,7.368857002665256,3216.9384587968275,25.688537576153053,117.85911199998667,117.85911200000001,11.11937755464994,0.1,7.374990638822112,3219.482131340912,35.12,25.76928395509067,3218.4739067968762,4.22901132227549,2.322536726116364,4.195800000000006,2.307000000000001,76.85525302456392,39.70402492832053,25.65240401857742,0.5166078227031614,0.6460907695098637,11.130915185778639,42.49499063882211,35.173524814932804,4.19448834592403,2.3055387489111734,25.80664963012009,3216.9216347052957
1711,171.09999999999457,42.50341525258524,35.134558249919976,7.36885700266523,3216.9384587967916,25.688537576153056,117.85911199998802,117.85911200000001,11.119377554649752,0.1,7.333985219237398,3219.482131340912,35.12,25.717072893044083,3216.044107934329,4.22901132227549,2.322536726116364,4.195800000000006,2.307000000000001,76.85525302456365,39.704024928320536,25.652404018576988,0.5166078227031633,0.6460907695098527,11.084870109269186,42.453985219237396,35.17557017334176,4.194806549650257,2.3074550509427048,25.605850810230862,3217.066248499447
1712,171.19999999999456,42.50341525258524,35.13455824991999,7.368857002665211,3216.9384587967593,25.68853757615306,117.85911199998922,117.85911200000001,11.119377554649581,0.1,7.356983203179325,3219.482131340912,35.12,25.717072893044083,3216.044107934329,4.22901132227549,2.322536726116364,4.195800000000006,2.307000000000001,76.85525302456345,39.70402492832055,25.652404018576593,0.5166078227031649,0.6460907695098425,11.091999270255762,42.47698320317932,35.10666807293852,4.194589362808773,2.307732097288454,25.827983848893613,3216.867157926183
1713,171.29999999999455,42.50341525258523,35.13455824991999,7.3688570026651945,3216.93845879673,25.688537576153063,117.8591119999903,117.85911200000001,11.119377554649429,0.1,7.36907606929384,3219.482131340912,35.12,25.717072893044083,3216.044107934329,4.22901132227549,2.322536726116364,4.195800000000006,2.307000000000001,76.85525302456327,39.70402492832055,25.65240401857624,0.5166078227031661,0.6460907695098337,11.15420677826446,42.48907606929384,35.135697744203114,4.1950897164105925,2.306830202184495,25.727911361824514,3216.9257025467195
1714,171.39999999999455,42.503415252585214,35.134558249920005,7.3688570026651785,3216.938458796704,25.688537576153067,117.85911199999128,117.85911200000001,11.119377554649292,0.1,7.365040462911736,3219.482131340912,35.12,25.717072893044083,3216.044107934329,4.231501256639944,2.3221075187549376,4.195800000000006,2.307000000000001,76.8552530245631,39.70402492832056,25.652404018575925,0.5166078227031673,0.6460907695098256,11.02758548643815,42.48504046291173,35.11635230259885,4.195977008933937,2.3071430077809434,25.755702801628,3217.0623770580423
1715,171.49999999999454,42.5034152525852,35.13455824992001,7.3688570026651625,3216.93845879668,25.68853757615307,117.85911199999218,117.85911200000001,11.119377554649166,0.1,7.396375823926277,3219.482131340912,35.12,25.717072893044083,3216.044107934329,4.231501256639944,2.3221075187549376,4.195800000000006,2.307000000000001,76.85525302456294,39.70402492832057,25.652404018575634,0.5166078227031685,0.646090769509818,11.130459716652833,42.516375823926275,35.099424664257285,4.195452069035058,2.3075991497924284,25.612851524333713,3217.0163879883926
1716,171.59999999999454,42.5034152525852,35.134558249920026,7.368857002665148,3216.938458796659,25.68853757615307,117.85911199999298,117.85911200000001,11.119377554649054,0.1,7.375552397673928,3219.482131340912,35.12,25.717072893044083,3216.044107934329,4.231501256639944,2.3221075187549376,4.195800000000006,2.307000000000001,76.85525302456278,39.70402492832057,25.652404018575375,0.5166078227031696,0.6460907695098115,11.110351435025603,42.495552397673926,35.12812587638358,4.1955956579789255,2.3069385780203535,25.735267980184275,3217.0888538627078
1717,171.69999999999453,42.5034152525852,35.134558249920026,7.368857002665139,3216.9384587966397,25.68853757615307,117.85911199999369,117.85911200000001,11.119377554648953,0.1,7.4316447004564665,3219.482131340912,35.12,25.726896347475627,3215.223651894793,4.231501256639944,2.3221075187549376,4.195800000000006,2.307000000000001,76.85525302456269,39.70402492832057,25.652404018575144,0.5166078227031703,0.6460907695098056,11.110843565935465,42.551644700456464,35.123966201468306,4.196897691383844,2.307309879327965,25.804146347303785,3217.2076999974793
1718,171.79999999999453,42.5034152525852,35.134558249920026,7.3688570026651306,3216.9384587966224,25.688537576153074,117.85911199999431,117.85911200000001,11.119377554648864,0.1,7.464701136662569,3219.482131340912,35.12,25.726896347475627,3215.223651894793,4.231501256639944,2.3221075187549376,4.195800000000006,2.307000000000001,76.8552530245626,39.70402492832057,25.652404018574938,0.5166078227031708,0.6460907695098005,11.122639889139181,42.58470113666257,35.20294463993576,4.196679495246727,2.3081176261054326,25.673352026751317,3216.9187103388244
1719,171.89999999999452,42.503415252585185,35.13455824992003,7.36885700266512,3216.938458796607,25.688537576153077,117.8591119999949,117.85911200000001,11.119377554648782,0.1,7.366526756512194,3219.482131340912,35.12,25.726896347475627,3215.223651894793,4.231501256639944,2.3221075187549376,4.195800000000006,2.307000000000001,76.85525302456249,39.70402492832058,25.65240401857475,0.5166078227031717,0.6460907695097956,11.191242028079621,42.48652675651219,35.116812564680544,4.195338085159266,2.3070927614762975,25.7714495805658,3217.086774425056
1720,171.99999999999451,42.50341525258517,35.13455824992004,7.368857002665109,3216.9384587965933,25.68853757615308,117.85911199999542,117.85911200000001,11.119377554648707,0.1,7.4283233786915375,3219.482131340912,35.12,25.726896347475627,3215.223651894793,4.237753441528641,2.321589870706773,4.195800000000006,2.307000000000001,76.85525302456239,39.704024928320585,25.65240401857458,0.5166078227031725,0.6460907695097912,11.095627916402066,42.548323378691535,35.18674225941498,4.195994411163618,2.306998370115817,25.780398526262626,3216.813017915873
1721,172.0999999999945,42.50341525258516,35.134558249920055,7.368857002665102,3216.938458796581,25.68853757615308,117.85911199999589,117.85911200000001,11.119377554648644,0.1,7.338097788180555,3219.482131340912,35.12,25.726896347475627,3215.223651894793,4.237753441528641,2.321589870706773,4.195800000000006,2.307000000000001,76.8552530245623,39.70402492832059,25.65240401857443,0.5166078227031732,0.6460907695097873,11.062599057300922,42.45809778818055,35.134620531456235,4.1955957273802795,2.307448526270265,25.705400714127247,3217.055287622216
1722,172.1999999999945,42.50341525258516,35.134558249920055,7.368857002665095,3216.9384587965696,25.68853757615308,117.8591119999963,117.85911200000001,11.119377554648585,0.1,7.304736044658007,3219.482131340912,35.12,25.726896347475627,3215.223651894793,4.237753441528641,2.321589870706773,4.195800000000006,2.307000000000001,76.85525302456223,39.70402492832059,25.652404018574295,0.5166078227031736,0.646090769509784,11.081705143854188,42.424736044658005,35.097427972252774,4.196355522690895,2.3069191294261278,25.662107631858945,3216.9407915774264
1723,172.2999999999945,42.50341525258516,35.134558249920055,7.368857002665091,3216.9384587965596,25.68853757615308,117.85911199999668,117.85911200000001,11.119377554648532,0.1,7.402584361965161,3219.482131340912,35.12,25.67643555581601,3213.3092117698584,4.237753441528641,2.321589870706773,4.195800000000006,2.307000000000001,76.85525302456217,39.7040249283206,25.65240401857417,0.5166078227031741,0.6460907695097806,11.063153774118899,42.52258436196516,35.085566746689686,4.196167553584398,2.3063420163421586,25.669043359576055,3216.9069619734037
1724,172.3999999999945,42.50341525258516,35.134558249920055,7.368857002665086,3216.9384587965505,25.68853757615308,117.85911199999701,117.85911200000001,11.119377554648484,0.1,7.331248557294771,3219.482131340912,35.12,25.67643555581601,3213.3092117698584,4.237753441528641,2.321589870706773,4.195800000000006,2.307000000000001,76.85525302456212,39.70402492832059,25.65240401857406,0.5166078227031744,0.6460907695097781,11.09368929809658,42.45124855729477,35.148616631682316,4.195708772848357,2.3081882809449312,25.69584313994635,3216.9908362199426
1725,172.4999999999945,42.50341525258516,35.134558249920055,7.368857002665081,3216.9384587965424,25.68853757615308,117.85911199999731,117.85911200000001,11.119377554648441,0.1,7.349999171763294,3219.482131340912,35.12,25.67643555581601,3213.3092117698584,4.237753441528641,2.321589870706773,4.195800000000006,2.307000000000001,76.85525302456206,39.70402492832059,25.652404018573964,0.5166078227031747,0.6460907695097756,11.131788699271313,42.46999917176329,35.12740818763294,4.194716786249135,2.3064792838362074,25.55247140329667,3216.996251818249
1726,172.59999999999448,42.50341525258516,35.134558249920055,7.368857002665077,3216.938458796535,25.68853757615308,117.85911199999758,117.85911200000001,11.119377554648402,0.1,7.369147063534321,3219.482131340912,35.12,25.67643555581601,3213.3092117698584,4.236228926803096,2.321184354904011,4.195800000000006,2.307000000000001,76.85525302456202,39.7040249283206,25.652404018573872,0.5166078227031752,0.6460907695097732,11.155271421358178,42.48914706353432,35.13114251609142,4.194987596233527,2.307878459089503,25.828270384812015,3216.9650585970526
1727,172.69999999999447,42.50341525258516,35.134558249920055,7.368857002665074,3216.9384587965287,25.68853757615308,117.85911199999782,117.85911200000001,11.119377554648368,0.1,7.389153793202318,3219.482131340912,35.12,25.67643555581601,3213.3092117698584,4.236228926803096,2.321184354904011,4.195800000000006,2.307000000000001,76.85525302456199,39.7040249283206,25.652404018573794,0.5166078227031753,0.6460907695097712,11.075936332450407,42.509153793202316,35.1341498070466,4.195573995203464,2.3071463638508383,25.734981288842732,3216.9795928817975
1728,172.79999999999447,42.50341525258516,35.134558249920055,7.368857002665071,3216.938458796523,25.688537576153085,117.85911199999804,117.85911200000001,11.119377554648338,0.1,7.383289213437941,3219.482131340912,35.12,25.67643555581601,3213.3092117698584,4.236228926803096,2.321184354904011,4.195800000000006,2.307000000000001,76.85525302456196,39.7040249283206,25.652404018573726,0.5166078227031755,0.6460907695097695,11.035217317770266,42.50328921343794,35.06469074941186,4.195899039439017,2.308277936099565,25.871555671980186,3217.0035922969755
1729,172.89999999999446,42.50341525258514,35.13455824992007,7.368857002665066,3216.9384587965174,25.688537576153088,117.85911199999825,117.85911200000001,11.11937755464831,0.1,7.425325370760639,3219.482131340912,35.12,25.764068052486433,3216.5991859544647,4.236228926803096,2.321184354904011,4.195800000000006,2.307000000000001,76.85525302456192,39.70402492832061,25.65240401857366,0.5166078227031758,0.6460907695097676,11.181878083753652,42.54532537076064,35.16682511929718,4.194776408501221,2.3077572615378044,25.757512874796443,3217.0011829714576
1730,172.99999999999446,42.50341525258514,35.13455824992007,7.3688570026650595,3216.938458796513,25.688537576153088,117.85911199999845,117.85911200000001,11.119377554648285,0.1,7.340453186755838,3219.482131340912,35.12,25.764068052486433,3216.5991859544647,4.236228926803096,2.321184354904011,4.195800000000006,2.307000000000001,76.85525302456185,39.70402492832061,25.652404018573602,0.5166078227031764,0.6460907695097662,11.102979413926555,42.460453186755835,35.10719478311067,4.195087066859083,2.305265556475231,25.733016093738705,3217.1300598680823
1731,173.09999999999445,42.50341525258514,35.13455824992007,7.368857002665058,3216.9384587965087,25.688537576153088,117.85911199999859,117.85911200000001,11.119377554648263,0.1,7.370698038763216,3219.482131340912,35.12,25.764068052486433,3216.5991859544647,4.236228926803096,2.321184354904011,4.195800000000006,2.307000000000001,76.85525302456183,39.70402492832061,25.652404018573552,0.5166078227031765,0.646090769509765,11.091679941610064,42.49069803876321,35.11412008756076,4.1950893527124435,2.3061912555346007,25.744834862041557,3216.9885073816363
1732,173.19999999999445,42.50341525258514,35.13455824992007,7.368857002665056,3216.938458796505,25.688537576153088,117.85911199999873,117.85911200000001,11.119377554648244,0.1,7.369748886042849,3219.482131340912,35.12,25.764068052486433,3216.5991859544647,4.234975019635691,2.3206951822582145,4.195800000000006,2.307000000000001,76.8552530245618,39.70402492832061,25.652404018573506,0.5166078227031766,0.6460907695097639,11.177721240797352,42.48974888604285,35.11118253204209,4.196892297731979,2.3071526134672142,25.740163846055907,3216.8304257960144
1733,173.29999999999444,42.50341525258514,35.13455824992007,7.368857002665054,3216.9384587965014,25.688537576153088,117.85911199999885,117.85911200000001,11.119377554648226,0.1,7.364482832981288,3219.482131340912,35.12,25.764068052486433,3216.5991859544647,4.234975019635691,2.3206951822582145,4.195800000000006,2.307000000000001,76.85525302456179,39.70402492832061,25.652404018573467,0.5166078227031767,0.6460907695097629,11.13841345720182,42.484482832981286,35.12244312946582,4.19511076705856,2.3055556565869835,25.788690638202024,3216.912445184204
1734,173.39999999999444,42.50341525258514,35.13455824992007,7.368857002665053,3216.9384587964983,25.688537576153088,117.85911199999897,117.85911200000001,11.119377554648208,0.1,7.395166860532747,3219.482131340912,35.12,25.764068052486433,3216.5991859544647,4.234975019635691,2.3206951822582145,4.195800000000006,2.307000000000001,76.85525302456178,39.70402492832061,25.652404018573424,0.5166078227031768,0.6460907695097617,11.073652617032083,42.515166860532744,35.17282152212586,4.1964073514645115,2.306426630644512,25.655432302096077,3216.9553009866213
1735,173.49999999999443,42.50341525258514,35.13455824992007,7.368857002665052,3216.9384587964955,25.688537576153088,117.85911199999907,117.85911200000001,11.119377554648194,0.1,7.3821760914988275,3219.482131340912,35.12,25.810603673950673,3220.3131773747045,4.234975019635691,2.3206951822582145,4.195800000000006,2.307000000000001,76.85525302456178,39.70402492832061,25.652404018573392,0.5166078227031768,0.646090769509761,11.176767918802785,42.502176091498825,35.12792821410356,4.195744479064989,2.3072871693991046,25.74769386364709,3216.934493200096
1736,173.59999999999442,42.50341525258514,35.13455824992007,7.368857002665051,3216.938458796493,25.688537576153088,117.85911199999917,117.85911200000001,11.119377554648182,0.1,7.387050949835846,3219.482131340912,35.12,25.810603673950673,3220.3131773747045,4.234975019635691,2.3206951822582145,4.195800000000006,2.307000000000001,76.85525302456175,39.70402492832061,25.652404018573364,0.5166078227031771,0.6460907695097602,11.217456922197936,42.50705094983584,35.151257526122386,4.195710220061799,2.3077298766952614,25.74018156492711,3217.0112892967404
1737,173.69999999999442,42.50341525258514,35.13455824992007,7.368857002665049,3216.9384587964905,25.688537576153088,117.85911199999926,117.85911200000001,11.119377554648167,0.1,7.389988324994896,3219.482131340912,35.12,25.810603673950673,3220.3131773747045,4.234975019635691,2.3206951822582145,4.195800000000006,2.307000000000001,76.85525302456172,39.70402492832061,25.652404018573332,0.5166078227031773,0.6460907695097594,11.116728005128142,42.50998832499489,35.090647640534456,4.195188746730266,2.3066878797646084,25.584356350674412,3216.896953219875
1738,173.7999999999944,42.50341525258514,35.13455824992007,7.368857002665047,3216.9384587964887,25.688537576153088,117.85911199999933,117.85911200000001,11.119377554648157,0.1,7.398110620915681,3219.482131340912,35.12,25.810603673950673,3220.3131773747045,4.236005623028415,2.3203070958053384,4.195800000000006,2.307000000000001,76.8552530245617,39.70402492832061,25.652404018573307,0.5166078227031773,0.6460907695097589,11.088835662807059,42.51811062091568,35.10021897305707,4.196705753231211,2.3069080375687867,25.624903866837503,3217.050031729292
1739,173.8999999999944,42.50341525258514,35.13455824992007,7.368857002665046,3216.938458796487,25.68853757615309,117.85911199999939,117.85911200000001,11.11937755464815,0.1,7.377536308371177,3219.482131340912,35.12,25.810603673950673,3220.3131773747045,4.236005623028415,2.3203070958053384,4.195800000000006,2.307000000000001,76.8552530245617,39.70402492832061,25.65240401857329,0.5166078227031773,0.6460907695097584,11.02636934269199,42.497536308371174,35.13307867032339,4.1953620880376725,2.305440307948004,25.70049928407919,3216.9951721331104
1740,173.9999999999944,42.50341525258513,35.13455824992008,7.3688570026650435,3216.938458796485,25.688537576153095,117.85911199999947,117.85911200000001,11.11937755464814,0.1,7.413270776226341,3219.482131340912,35.12,25.810603673950673,3220.3131773747045,4.236005623028415,2.3203070958053384,4.195800000000006,2.307000000000001,76.85525302456169,39.704024928320614,25.65240401857327,0.5166078227031775,0.6460907695097577,11.146283302897423,42.53327077622634,35.11882349137688,4.19599796785921,2.305922552113661,25.48553471333516,3216.89694835561
1741,174.0999999999944,42.503415252585114,35.13455824992009,7.36885700266504,3216.9384587964837,25.688537576153095,117.85911199999954,117.85911200000001,11.119377554648132,0.1,7.398494156535321,3219.482131340912,35.12,25.747782902434132,3219.4072372048345,4.236005623028415,2.3203070958053384,4.195800000000006,2.307000000000001,76.85525302456165,39.70402492832062,25.65240401857325,0.5166078227031778,0.6460907695097572,11.09042415184201,42.51849415653532,35.13080234921203,4.196315501947354,2.30512551272855,25.71846419837456,3216.9241559178085
1742,174.1999999999944,42.503415252585114,35.13455824992009,7.36885700266504,3216.9384587964823,25.688537576153095,117.85911199999958,117.85911200000001,11.119377554648125,0.1,7.395973623998188,3219.482131340912,35.12,25.747782902434132,3219.4072372048345,4.236005623028415,2.3203070958053384,4.195800000000006,2.307000000000001,76.85525302456165,39.704024928320614,25.652404018573232,0.5166078227031778,0.6460907695097569,11.110452295909063,42.515973623998185,35.177459980084826,4.19694761200091,2.306060018555733,25.728698644295132,3217.0499766700127
1743,174.29999999999438,42.503415252585114,35.13455824992009,7.36885700266504,3216.938458796481,25.688537576153095,117.85911199999963,117.85911200000001,11.11937755464812,0.1,7.39481116288335,3219.482131340912,35.12,25.747782902434132,3219.4072372048345,4.236005623028415,2.3203070958053384,4.195800000000006,2.307000000000001,76.85525302456165,39.704024928320614,25.652404018573222,0.5166078227031778,0.6460907695097565,11.151049725602537,42.51481116288335,35.17634258874361,4.195862657040006,2.3067739155747637,25.73797932960784,3217.0201678518806
1744,174.39999999999438,42.503415252585114,35.13455824992009,7.368857002665039,3216.93845879648,25.688537576153095,117.85911199999968,117.85911200000001,11.119377554648112,0.1,7.387215860504384,3219.482131340912,35.12,25.747782902434132,3219.4072372048345,4.245250484028982,2.319801511214637,4.195800000000006,2.307000000000001,76.85525302456163,39.70402492832062,25.652404018573204,0.516607822703178,0.646090769509756,11.065488382455447,42.50721586050438,35.19593696333426,4.197090477437566,2.3064767497500838,25.739171438794227,3216.877624065449
1745,174.49999999999437,42.503415252585114,35.13455824992009,7.368857002665038,3216.938458796479,25.688537576153095,117.85911199999971,117.85911200000001,11.119377554648107,0.1,7.429350386311967,3219.482131340912,35.12,25.747782902434132,3219.4072372048345,4.245250484028982,2.319801511214637,4.195800000000006,2.307000000000001,76.85525302456163,39.70402492832062,25.652404018573193,0.516607822703178,0.6460907695097557,11.14961737250381,42.549350386311964,35.12629513886903,4.195455837205214,2.3064697123661904,25.598258873220875,3216.862296741803
1746,174.59999999999437,42.503415252585114,35.13455824992009,7.368857002665038,3216.9384587964782,25.688537576153095,117.85911199999974,117.85911200000001,11.119377554648104,0.1,7.385738241411076,3219.482131340912,35.12,25.747782902434132,3219.4072372048345,4.245250484028982,2.319801511214637,4.195800000000006,2.307000000000001,76.85525302456163,39.70402492832062,25.652404018573183,0.516607822703178,0.6460907695097554,11.01734928277681,42.50573824141107,35.11453499984295,4.195396954582973,2.3052044329125905,25.672027015811462,3216.814112132067
1747,174.69999999999436,42.503415252585114,35.13455824992009,7.368857002665037,3216.9384587964773,25.688537576153095,117.85911199999977,117.85911200000001,11.1193775546481,0.1,7.430512931268666,3219.482131340912,35.12,25.74385413604835,3220.191689400804,4.245250484028982,2.319801511214637,4.195800000000006,2.307000000000001,76.85525302456162,39.70402492832062,25.652404018573176,0.5166078227031781,0.6460907695097553,11.14716889907327,42.55051293126866,35.16732489846765,4.196234363266466,2.3074185680212613,25.658936614055182,3216.931220994973
1748,174.79999999999436,42.503415252585114,35.13455824992009,7.368857002665036,3216.938458796477,25.688537576153095,117.8591119999998,117.85911200000001,11.119377554648095,0.1,7.351744022275248,3219.482131340912,35.12,25.74385413604835,3220.191689400804,4.245250484028982,2.319801511214637,4.195800000000006,2.307000000000001,76.8552530245616,39.70402492832062,25.652404018573165,0.5166078227031782,0.646090769509755,11.159269601468555,42.471744022275246,35.10043194400282,4.195733482514526,2.3070460336714547,25.54228479777841,3216.884935877262
1749,174.89999999999435,42.503415252585114,35.13455824992009,7.368857002665036,3216.9384587964764,25.688537576153095,117.85911199999981,117.85911200000001,11.119377554648093,0.1,7.34756506408884,3219.482131340912,35.12,25.74385413604835,3220.191689400804,4.245250484028982,2.319801511214637,4.195800000000006,2.307000000000001,76.8552530245616,39.70402492832062,25.652404018573158,0.5166078227031782,0.6460907695097549,11.075068927274224,42.46756506408884,35.10660490526445,4.195925508456723,2.307192077937151,25.697760288891725,3217.117032686587
1750,174.99999999999434,42.503415252585114,35.13455824992009,7.368857002665036,3216.938458796476,25.688537576153095,117.85911199999983,117.85911200000001,11.119377554648091,0.1,7.387324967323856,3219.482131340912,35.12,25.74385413604835,3220.191689400804,4.247503333287552,2.3193952779193308,4.195800000000006,2.307000000000001,76.8552530245616,39.70402492832062,25.652404018573154,0.5166078227031782,0.6460907695097547,11.103379110907312,42.507324967323854,35.18792002608653,4.194771193781981,2.3072946562948387,25.82000554476723,3217.047120038521
1751,175.09999999999434,42.503415252585114,35.13455824992009,7.368857002665036,3216.9384587964755,25.688537576153095,117.85911199999984,117.85911200000001,11.11937755464809,0.1,7.416244235321848,3219.482131340912,35.12,25.74385413604835,3220.191689400804,4.247503333287552,2.3193952779193308,4.195800000000006,2.307000000000001,76.8552530245616,39.70402492832062,25.65240401857315,0.5166078227031782,0.6460907695097546,11.210541067613844,42.536244235321846,35.16686821492755,4.195099417281553,2.308396203595176,25.81662127525991,3217.0387181364317
1752,175.19999999999433,42.503415252585114,35.13455824992009,7.3688570026650355,3216.938458796475,25.688537576153095,117.85911199999985,117.85911200000001,11.119377554648086,0.1,7.418672128012304,3219.482131340912,35.12,25.74385413604835,3220.191689400804,4.247503333287552,2.3193952779193308,4.195800000000006,2.307000000000001,76.8552530245616,39.70402492832062,25.652404018573144,0.5166078227031782,0.6460907695097544,11.088714023921149,42.5386721280123,35.133548556420656,4.19608936569934,2.3074197649908474,25.698748929563923,3216.953008797412
1753,175.29999999999433,42.503415252585114,35.13455824992009,7.368857002665036,3216.9384587964746,25.688537576153095,117.85911199999987,117.85911200000001,11.119377554648084,0.1,7.330542309759451,3219.482131340912,35.12,25.70605754755391,3218.209317488976,4.247503333287552,2.3193952779193308,4.195800000000006,2.307000000000001,76.8552530245616,39.70402492832062,25.65240401857314,0.5166078227031782,0.6460907695097544,11.07607396050349,42.45054230975945,35.142224410377686,4.195731233031403,2.3077674920549005,25.67424819839949,3216.910632505064
1754,175.39999999999432,42.503415252585114,35.13455824992009,7.3688570026650355,3216.938458796474,25.688537576153095,117.85911199999988,117.85911200000001,11.119377554648082,0.1,7.369358107012104,3219.482131340912,35.12,25.70605754755391,3218.209317488976,4.247503333287552,2.3193952779193308,4.195800000000006,2.307000000000001,76.8552530245616,39.704024928320614,25.652404018573137,0.5166078227031781,0.6460907695097544,11.156933575486889,42.4893581070121,35.184315630868646,4.195103783107546,2.306502869315904,25.619195919465422,3216.9881633335817
1755,175.49999999999432,42.503415252585114,35.13455824992009,7.368857002665035,3216.9384587964737,25.688537576153095,117.8591119999999,117.85911200000001,11.11937755464808,0.1,7.366852742036222,3219.482131340912,35.12,25.70605754755391,3218.209317488976,4.247503333287552,2.3193952779193308,4.195800000000006,2.307000000000001,76.85525302456159,39.704024928320614,25.65240401857313,0.5166078227031782,0.6460907695097542,11.10985590628786,42.48685274203622,35.160944008331136,4.1963758215483855,2.3071723765358936,25.66512003153871,3217.006134059288
1756,175.5999999999943,42.503415252585114,35.13455824992009,7.368857002665035,3216.9384587964732,25.688537576153095,117.85911199999991,117.85911200000001,11.119377554648079,0.1,7.384295692725324,3219.482131340912,35.12,25.70605754755391,3218.209317488976,4.250832680463718,2.3189402150386575,4.195800000000006,2.307000000000001,76.85525302456159,39.704024928320614,25.652404018573126,0.5166078227031782,0.6460907695097541,11.13057700340787,42.50429569272532,35.11549872218316,4.197174718432578,2.306318318162933,25.724902618551187,3217.0271426281624
1757,175.6999999999943,42.503415252585114,35.13455824992009,7.3688570026650355,3216.938458796473,25.688537576153095,117.85911199999993,117.85911200000001,11.119377554648075,0.1,7.4352825264192575,3219.482131340912,35.12,25.70605754755391,3218.209317488976,4.250832680463718,2.3189402150386575,4.195800000000006,2.307000000000001,76.8552530245616,39.704024928320614,25.65240401857312,0.5166078227031781,0.646090769509754,11.119124097529316,42.555282526419255,35.14467410061253,4.1948159341276225,2.3062425121922603,25.659308951326977,3217.0709476397037
1758,175.7999999999943,42.503415252585114,35.13455824992009,7.368857002665034,3216.9384587964723,25.688537576153095,117.85911199999995,117.85911200000001,11.119377554648073,0.1,7.38134637042733,3219.482131340912,35.12,25.70605754755391,3218.209317488976,4.250832680463718,2.3189402150386575,4.195800000000006,2.307000000000001,76.85525302456158,39.70402492832062,25.652404018573115,0.5166078227031784,0.6460907695097537,11.12023409675506,42.50134637042733,35.162288972491275,4.194473278011582,2.3070823012649107,25.62282000350012,3216.954003978414
1759,175.8999999999943,42.503415252585114,35.13455824992009,7.368857002665035,3216.9384587964723,25.688537576153095,117.85911199999997,117.85911200000001,11.119377554648072,0.1,7.358331017103843,3219.482131340912,35.12,25.78101245331973,3219.6644067994985,4.250832680463718,2.3189402150386575,4.195800000000006,2.307000000000001,76.85525302456159,39.70402492832062,25.65240401857311,0.5166078227031783,0.6460907695097536,11.165064403608698,42.47833101710384,35.179620855776044,4.194398815952112,2.3073813621504,25.514735598716644,3217.0068881610878
1760,175.9999999999943,42.503415252585114,35.13455824992009,7.368857002665035,3216.9384587964723,25.688537576153095,117.85911199999997,117.85911200000001,11.119377554648072,0.1,7.337785890929538,3219.482131340912,35.12,25.78101245331973,3219.6644067994985,4.250832680463718,2.3189402150386575,4.195800000000006,2.307000000000001,76.85525302456159,39.70402492832062,25.65240401857311,0.5166078227031783,0.6460907695097536,11.071494576866833,42.457785890929536,35.11689456979908,4.19574703861249,2.305047619211407,25.744439236732266,3217.0594259577297
1761,176.09999999999428,42.503415252585114,35.13455824992009,7.368857002665035,3216.9384587964723,25.688537576153095,117.85911199999997,117.85911200000001,11.119377554648072,0.1,7.385878520791273,3219.482131340912,35.12,25.78101245331973,3219.6644067994985,4.250832680463718,2.3189402150386575,4.195800000000006,2.307000000000001,76.85525302456159,39.70402492832062,25.65240401857311,0.5166078227031783,0.6460907695097536,11.070201427471355,42.50587852079127,35.12170913349817,4.195365253158506,2.3067681529493544,25.811523769895228,3216.9787612794803
1762,176.19999999999428,42.503415252585114,35.13455824992009,7.368857002665035,3216.9384587964723,25.688537576153095,117.85911199999997,117.85911200000001,11.119377554648072,0.1,7.344056003791337,3219.482131340912,35.12,25.78101245331973,3219.6644067994985,4.252981386868963,2.3184632065463244,4.195800000000006,2.307000000000001,76.85525302456159,39.70402492832062,25.65240401857311,0.5166078227031783,0.6460907695097536,11.189458071798812,42.464056003791335,35.090967318423765,4.194868213412418,2.305644582045803,25.71311590521488,3216.9267185666295
1763,176.29999999999427,42.503415252585114,35.13455824992009,7.368857002665035,3216.9384587964723,25.688537576153095,117.85911199999997,117.85911200000001,11.119377554648072,0.1,7.348302202291954,3219.482131340912,35.12,25.78101245331973,3219.6644067994985,4.252981386868963,2.3184632065463244,4.195800000000006,2.307000000000001,76.85525302456159,39.70402492832062,25.65240401857311,0.5166078227031783,0.6460907695097536,11.106912815189139,42.46830220229195,35.13174605411603,4.194563049473649,2.3074292799190217,25.712495325746787,3216.860210789504
1764,176.39999999999426,42.503415252585114,35.13455824992009,7.368857002665035,3216.9384587964723,25.688537576153095,117.85911199999997,117.85911200000001,11.119377554648072,0.1,7.3957611251650945,3219.482131340912,35.12,25.78101245331973,3219.6644067994985,4.252981386868963,2.3184632065463244,4.195800000000006,2.307000000000001,76.85525302456159,39.70402492832062,25.65240401857311,0.5166078227031783,0.6460907695097536,11.100433391332187,42.51576112516509,35.09559256903391,4.196379317459791,2.3064465457883228,25.632815859701452,3217.0449140159353
1765,176.49999999999426,42.503415252585114,35.13455824992009,7.368857002665035,3216.9384587964723,25.688537576153095,117.85911199999997,117.85911200000001,11.119377554648072,0.1,7.402411407784356,3219.482131340912,35.12,25.748163000362997,3219.8488974322054,4.252981386868963,2.3184632065463244,4.195800000000006,2.307000000000001,76.85525302456159,39.70402492832062,25.65240401857311,0.5166078227031783,0.6460907695097536,11.132060582778157,42.522411407784354,35.154737272720254,4.197295311300812,2.3061973603330466,25.832131652649856,3216.937328036491
1766,176.59999999999425,42.503415252585114,35.13455824992009,7.368857002665035,3216.9384587964723,25.688537576153095,117.85911199999997,117.85911200000001,11.119377554648072,0.1,7.371497373126331,3219.482131340912,35.12,25.748163000362997,3219.8488974322054,4.252981386868963,2.3184632065463244,4.195800000000006,2.307000000000001,76.85525302456159,39.70402492832062,25.65240401857311,0.5166078227031783,0.6460907695097536,11.043497424504258,42.49149737312633,35.17900001596834,4.19637104743757,2.3065066930663627,25.854124107685916,3216.884683489541
1767,176.69999999999425,42.503415252585114,35.13455824992009,7.368857002665035,3216.9384587964723,25.688537576153095,117.85911199999997,117.85911200000001,11.119377554648072,0.1,7.388731912052734,3219.482131340912,35.12,25.748163000362997,3219.8488974322054,4.252981386868963,2.3184632065463244,4.195800000000006,2.307000000000001,76.85525302456159,39.70402492832062,25.65240401857311,0.5166078227031783,0.6460907695097536,11.159557948927963,42.50873191205273,35.111265193439436,4.196868047730184,2.306308603247312,25.769416470479857,3216.9018305359327
1768,176.79999999999424,42.503415252585114,35.13455824992009,7.368857002665035,3216.9384587964723,25.688537576153095,117.85911199999997,117.85911200000001,11.119377554648072,0.1,7.391423473775788,3219.482131340912,35.12,25.748163000362997,3219.8488974322054,4.257381882915611,2.318046000162296,4.195800000000006,2.307000000000001,76.85525302456159,39.70402492832062,25.65240401857311,0.5166078227031783,0.6460907695097536,11.033714211786258,42.511423473775785,35.142654707350374,4.194405162919063,2.3077403037974227,25.77923977064347,3217.056738852431
1769,176.89999999999424,42.503415252585114,35.13455824992009,7.368857002665035,3216.9384587964723,25.688537576153095,117.85911199999997,117.85911200000001,11.119377554648072,0.1,7.4322405848493105,3219.482131340912,35.12,25.748163000362997,3219.8488974322054,4.257381882915611,2.318046000162296,4.195800000000006,2.307000000000001,76.85525302456159,39.70402492832062,25.65240401857311,0.5166078227031783,0.6460907695097536,11.135984602361633,42.55224058484931,35.133219696585144,4.195813553443242,2.307894262652259,25.80386044549134,3216.9635950129314
1770,176.99999999999423,42.503415252585114,35.13455824992009,7.368857002665035,3216.9384587964723,25.688537576153095,117.85911199999997,117.85911200000001,11.119377554648072,0.1,7.359445062195647,3219.482131340912,35.12,25.748163000362997,3219.8488974322054,4.257381882915611,2.318046000162296,4.195800000000006,2.307000000000001,76.85525302456159,39.70402492832062,25.65240401857311,0.5166078227031783,0.6460907695097536,11.107679428314665,42.479445062195644,35.11618021691984,4.197904496951798,2.3069830727549,25.585106388676117,3216.8659644976024
1771,177.09999999999422,42.503415252585114,35.13455824992009,7.368857002665035,3216.9384587964723,25.688537576153095,117.85911199999997,117.85911200000001,11.119377554648072,0.1,7.440040115420004,3219.482131340912,35.12,25.6346579774139,3215.498352137362,4.257381882915611,2.318046000162296,4.195800000000006,2.307000000000001,76.85525302456159,39.70402492832062,25.65240401857311,0.5166078227031783,0.6460907695097536,11.030351074057668,42.56004011542,35.24200704527645,4.1969619913566865,2.307131024681638,25.77293498281786,3216.909630760316
1772,177.19999999999422,42.503415252585114,35.13455824992009,7.368857002665035,3216.9384587964723,25.688537576153095,117.85911199999997,117.85911200000001,11.119377554648072,0.1,7.398941795836464,3219.482131340912,35.12,25.6346579774139,3215.498352137362,4.257381882915611,2.318046000162296,4.195800000000006,2.307000000000001,76.85525302456159,39.70402492832062,25.65240401857311,0.5166078227031783,0.6460907695097536,11.064498234122675,42.51894179583646,35.110521857443324,4.195196642874202,2.308428073927097,25.851327063559815,3216.7687434524573
1773,177.2999999999942,42.503415252585114,35.13455824992009,7.368857002665035,3216.9384587964723,25.688537576153095,117.85911199999997,117.85911200000001,11.119377554648072,0.1,7.3470070381341515,3219.482131340912,35.12,25.6346579774139,3215.498352137362,4.257381882915611,2.318046000162296,4.195800000000006,2.307000000000001,76.85525302456159,39.70402492832062,25.65240401857311,0.5166078227031783,0.6460907695097536,11.118621421268008,42.46700703813415,35.09903047371807,4.194593201814053,2.3072583967420597,25.684483433523148,3216.9958699138106
1774,177.3999999999942,42.503415252585114,35.13455824992009,7.368857002665035,3216.9384587964723,25.688537576153095,117.85911199999997,117.85911200000001,11.119377554648072,0.1,7.4173387158902315,3219.482131340912,35.12,25.6346579774139,3215.498352137362,4.261598749172056,2.31757121506069,4.195800000000006,2.307000000000001,76.85525302456159,39.70402492832062,25.65240401857311,0.5166078227031783,0.6460907695097536,11.159512533502044,42.53733871589023,35.15112881297785,4.196608810594264,2.307494334001598,25.745533999387156,3217.0118366253773
1775,177.4999999999942,42.503415252585114,35.13455824992009,7.368857002665035,3216.9384587964723,25.688537576153095,117.85911199999997,117.85911200000001,11.119377554648072,0.1,7.4434209383833405,3219.482131340912,35.12,25.6346579774139,3215.498352137362,4.261598749172056,2.31757121506069,4.195800000000006,2.307000000000001,76.85525302456159,39.70402492832062,25.65240401857311,0.5166078227031783,0.6460907695097536,11.028504913090613,42.56342093838334,35.12058005544393,4.19519103820189,2.30833852600382,25.633412921507087,3216.986053598353
1776,177.5999999999942,42.503415252585114,35.13455824992009,7.368857002665035,3216.9384587964723,25.688537576153095,117.85911199999997,117.85911200000001,11.119377554648072,0.1,7.374677426824341,3219.482131340912,35.12,25.6346579774139,3215.498352137362,4.261598749172056,2.31757121506069,4.195800000000006,2.307000000000001,76.85525302456159,39.70402492832062,25.65240401857311,0.5166078227031783,0.6460907695097536,11.23773474592735,42.49467742682434,35.12146624088647,4.196477488244767,2.3084098255317755,25.596760442905914,3217.002040085079
1777,177.6999999999942,42.503415252585114,35.13455824992009,7.368857002665035,3216.9384587964723,25.688537576153095,117.85911199999997,117.85911200000001,11.119377554648072,0.1,7.40495386188276,3219.482131340912,35.12,25.614439131706984,3214.082646994908,4.261598749172056,2.31757121506069,4.195800000000006,2.307000000000001,76.85525302456159,39.70402492832062,25.65240401857311,0.5166078227031783,0.6460907695097536,11.094344185132709,42.52495386188276,35.10311277333879,4.1950200451398505,2.307104538279581,25.827940024058517,3216.910617003699
1778,177.79999999999418,42.503415252585114,35.13455824992009,7.368857002665035,3216.9384587964723,25.688537576153095,117.85911199999997,117.85911200000001,11.119377554648072,0.1,7.441631187103148,3219.482131340912,35.12,25.614439131706984,3214.082646994908,4.261598749172056,2.31757121506069,4.195800000000006,2.307000000000001,76.85525302456159,39.70402492832062,25.65240401857311,0.5166078227031783,0.6460907695097536,11.118635559848798,42.561631187103146,35.1216871571412,4.194526708310849,2.3073373583646903,25.602307925720883,3216.9885619251513
1779,177.89999999999418,42.503415252585114,35.13455824992009,7.368857002665035,3216.9384587964723,25.688537576153095,117.85911199999997,117.85911200000001,11.119377554648072,0.1,7.409648623213322,3219.482131340912,35.12,25.614439131706984,3214.082646994908,4.261598749172056,2.31757121506069,4.195800000000006,2.307000000000001,76.85525302456159,39.70402492832062,25.65240401857311,0.5166078227031783,0.6460907695097536,11.071144557659734,42.52964862321332,35.07565337366104,4.195229567951135,2.3062708969169896,25.87693863085786,3216.9195106966336
1780,177.99999999999417,42.503415252585114,35.13455824992009,7.368857002665035,3216.9384587964723,25.688537576153095,117.85911199999997,117.85911200000001,11.119377554648072,0.1,7.393071890929477,3219.482131340912,35.12,25.614439131706984,3214.082646994908,4.258386483081506,2.3170400632820374,4.195800000000006,2.307000000000001,76.85525302456159,39.70402492832062,25.65240401857311,0.5166078227031783,0.6460907695097536,11.150650998354516,42.513071890929474,35.11077683807737,4.1946658196226405,2.306986121277311,25.670211680032384,3216.7726647001723
1781,178.09999999999417,42.503415252585114,35.13455824992009,7.368857002665035,3216.9384587964723,25.688537576153095,117.85911199999997,117.85911200000001,11.119377554648072,0.1,7.385650555592086,3219.482131340912,35.12,25.614439131706984,3214.082646994908,4.258386483081506,2.3170400632820374,4.195800000000006,2.307000000000001,76.85525302456159,39.70402492832062,25.65240401857311,0.5166078227031783,0.6460907695097536,11.057003961508686,42.505650555592084,35.1532209825691,4.196680101734783,2.3080503986939176,25.745197243247212,3217.14169861622
1782,178.19999999999416,42.503415252585114,35.13455824992009,7.368857002665035,3216.9384587964723,25.688537576153095,117.85911199999997,117.85911200000001,11.119377554648072,0.1,7.363790360749789,3219.482131340912,35.12,25.614439131706984,3214.082646994908,4.258386483081506,2.3170400632820374,4.195800000000006,2.307000000000001,76.85525302456159,39.70402492832062,25.65240401857311,0.5166078227031783,0.6460907695097536,11.108274485118528,42.483790360749786,35.178759883154356,4.196912730411818,2.306578590139881,25.881922800064423,3217.046381416458
1783,178.29999999999416,42.503415252585114,35.13455824992009,7.368857002665035,3216.9384587964723,25.688537576153095,117.85911199999997,117.85911200000001,11.119377554648072,0.1,7.379193845750237,3219.482131340912,35.12,25.618336477730157,3213.1348723960873,4.258386483081506,2.3170400632820374,4.195800000000006,2.307000000000001,76.85525302456159,39.70402492832062,25.65240401857311,0.5166078227031783,0.6460907695097536,11.095731897326496,42.499193845750234,35.12698429776726,4.19558124131888,2.3072214648902865,25.63946554163012,3216.8241765766948
1784,178.39999999999415,42.503415252585114,35.13455824992009,7.368857002665035,3216.9384587964723,25.688537576153095,117.85911199999997,117.85911200000001,11.119377554648072,0.1,7.388874301938756,3219.482131340912,35.12,25.618336477730157,3213.1348723960873,4.258386483081506,2.3170400632820374,4.195800000000006,2.307000000000001,76.85525302456159,39.70402492832062,25.65240401857311,0.5166078227031783,0.6460907695097536,11.19492124190661,42.508874301938754,35.12581695377523,4.19551869089101,2.307776120923756,25.742837273325843,3217.086924173587
1785,178.49999999999415,42.503415252585114,35.13455824992009,7.368857002665035,3216.9384587964723,25.688537576153095,117.85911199999997,117.85911200000001,11.119377554648072,0.1,7.33899394355101,3219.482131340912,35.12,25.618336477730157,3213.1348723960873,4.258386483081506,2.3170400632820374,4.195800000000006,2.307000000000001,76.85525302456159,39.70402492832062,25.65240401857311,0.5166078227031783,0.6460907695097536,11.130470560229526,42.45899394355101,35.16491079830063,4.1949174721554,2.307612570007447,25.632467556450617,3216.8226640224625
1786,178.59999999999414,42.503415252585114,35.13455824992009,7.368857002665035,3216.9384587964723,25.688537576153095,117.85911199999997,117.85911200000001,11.119377554648072,0.1,7.375253720437641,3219.482131340912,35.12,25.618336477730157,3213.1348723960873,4.262563402217743,2.316623131604256,4.195800000000006,2.307000000000001,76.85525302456159,39.70402492832062,25.65240401857311,0.5166078227031783,0.6460907695097536,11.160190000234037,42.49525372043764,35.11015728019267,4.195361075098291,2.3063260697394825,25.725368630930525,3216.8908970590046
1787,178.69999999999413,42.503415252585114,35.13455824992009,7.368857002665035,3216.9384587964723,25.688537576153095,117.85911199999997,117.85911200000001,11.119377554648072,0.1,7.3838650243665995,3219.482131340912,35.12,25.618336477730157,3213.1348723960873,4.262563402217743,2.316623131604256,4.195800000000006,2.307000000000001,76.85525302456159,39.70402492832062,25.65240401857311,0.5166078227031783,0.6460907695097536,11.150572920177975,42.5038650243666,35.16188310883712,4.1947127937686375,2.3067413447479903,25.57540380612738,3216.790044174473
1788,178.79999999999413,42.503415252585114,35.13455824992009,7.368857002665035,3216.9384587964723,25.688537576153095,117.85911199999997,117.85911200000001,11.119377554648072,0.1,7.40266448832962,3219.482131340912,35.12,25.618336477730157,3213.1348723960873,4.262563402217743,2.316623131604256,4.195800000000006,2.307000000000001,76.85525302456159,39.70402492832062,25.65240401857311,0.5166078227031783,0.6460907695097536,11.123919001316413,42.52266448832962,35.15281551978818,4.196034438879699,2.3056129205392004,25.794571442936856,3216.9336268299835
1789,178.89999999999412,42.503415252585114,35.13455824992009,7.368857002665035,3216.9384587964723,25.688537576153095,117.85911199999997,117.85911200000001,11.119377554648072,0.1,7.36578778644774,3219.482131340912,35.12,25.5593425571955,3208.3478990576805,4.262563402217743,2.316623131604256,4.195800000000006,2.307000000000001,76.85525302456159,39.70402492832062,25.65240401857311,0.5166078227031783,0.6460907695097536,11.044777440508275,42.48578778644774,35.14997336987257,4.194988252436711,2.3064572079295336,25.61909723969396,3217.0256353581212
1790,178.99999999999412,42.503415252585114,35.13455824992009,7.368857002665035,3216.9384587964723,25.688537576153095,117.85911199999997,117.85911200000001,11.119377554648072,0.1,7.4396494700617595,3219.482131340912,35.12,25.5593425571955,3208.3478990576805,4.262563402217743,2.316623131604256,4.195800000000006,2.307000000000001,76.85525302456159,39.70402492832062,25.65240401857311,0.5166078227031783,0.6460907695097536,11.061160918470048,42.55964947006176,35.1362177076004,4.195534048884832,2.306799284675445,25.663895856903615,3217.0214285594743
1791,179.0999999999941,42.503415252585114,35.13455824992009,7.368857002665035,3216.9384587964723,25.688537576153095,117.85911199999997,117.85911200000001,11.119377554648072,0.1,7.405794600249145,3219.482131340912,35.12,25.5593425571955,3208.3478990576805,4.262563402217743,2.316623131604256,4.195800000000006,2.307000000000001,76.85525302456159,39.70402492832062,25.65240401857311,0.5166078227031783,0.6460907695097536,11.201657851032712,42.52579460024914,35.08967303817219,4.1965989479981625,2.3079418578634225,25.72683307335109,3216.8878637151083
1792,179.1999999999941,42.503415252585114,35.13455824992009,7.368857002665035,3216.9384587964723,25.688537576153095,117.85911199999997,117.85911200000001,11.119377554648072,0.1,7.3835951709377525,3219.482131340912,35.12,25.5593425571955,3208.3478990576805,4.26515102103295,2.3162151356092897,4.195800000000006,2.307000000000001,76.85525302456159,39.70402492832062,25.65240401857311,0.5166078227031783,0.6460907695097536,11.087929514658478,42.50359517093775,35.11292424821455,4.195907479096842,2.306112365852376,25.52620733162387,3217.0493903181364
1793,179.2999999999941,42.503415252585114,35.13455824992009,7.368857002665035,3216.9384587964723,25.688537576153095,117.85911199999997,117.85911200000001,11.119377554648072,0.1,7.396281914519662,3219.482131340912,35.12,25.5593425571955,3208.3478990576805,4.26515102103295,2.3162151356092897,4.195800000000006,2.307000000000001,76.85525302456159,39.70402492832062,25.65240401857311,0.5166078227031783,0.6460907695097536,11.11616625513073,42.51628191451966,35.11587170587785,4.196120454457021,2.3078616478778136,25.620272153230786,3216.7542296389547
1794,179.3999999999941,42.503415252585114,35.13455824992009,7.368857002665035,3216.9384587964723,25.688537576153095,117.85911199999997,117.85911200000001,11.119377554648072,0.1,7.372090670480127,3219.482131340912,35.12,25.5593425571955,3208.3478990576805,4.26515102103295,2.3162151356092897,4.195800000000006,2.307000000000001,76.85525302456159,39.70402492832062,25.65240401857311,0.5166078227031783,0.6460907695097536,11.112175087596972,42.492090670480124,35.16604972293242,4.196657431891062,2.306323586846736,25.784001600661306,3216.839925050775
1795,179.4999999999941,42.503415252585114,35.13455824992009,7.368857002665035,3216.9384587964723,25.688537576153095,117.85911199999997,117.85911200000001,11.119377554648072,0.1,7.399073887846342,3219.482131340912,35.12,25.785937972298306,3217.743425241759,4.26515102103295,2.3162151356092897,4.195800000000006,2.307000000000001,76.85525302456159,39.70402492832062,25.65240401857311,0.5166078227031783,0.6460907695097536,11.221965102946765,42.51907388784634,35.09689456481736,4.196248694676064,2.3066445915374643,25.72618420649065,3217.0299375563827
1796,179.59999999999408,42.503415252585114,35.13455824992009,7.368857002665035,3216.9384587964723,25.688537576153095,117.85911199999997,117.85911200000001,11.119377554648072,0.1,7.335366266987911,3219.482131340912,35.12,25.785937972298306,3217.743425241759,4.26515102103295,2.3162151356092897,4.195800000000006,2.307000000000001,76.85525302456159,39.70402492832062,25.65240401857311,0.5166078227031783,0.6460907695097536,11.17060409904835,42.45536626698791,35.18193159863142,4.195350416798883,2.3065170301236892,25.732143131269762,3217.1514781629094
1797,179.69999999999408,42.503415252585114,35.13455824992009,7.368857002665035,3216.9384587964723,25.688537576153095,117.85911199999997,117.85911200000001,11.119377554648072,0.1,7.327561650713939,3219.482131340912,35.12,25.785937972298306,3217.743425241759,4.26515102103295,2.3162151356092897,4.195800000000006,2.307000000000001,76.85525302456159,39.70402492832062,25.65240401857311,0.5166078227031783,0.6460907695097536,11.208383508764134,42.447561650713936,35.13363812854954,4.1955528708447165,2.3072711220528914,25.67585055451548,3216.8406558420647
1798,179.79999999999407,42.503415252585114,35.13455824992009,7.368857002665035,3216.9384587964723,25.688537576153095,117.85911199999997,117.85911200000001,11.119377554648072,0.1,7.4227596500151805,3219.482131340912,35.12,25.785937972298306,3217.743425241759,4.270696348227583,2.3157433625034245,4.195800000000006,2.307000000000001,76.85525302456159,39.70402492832062,25.65240401857311,0.5166078227031783,0.6460907695097536,11.140050813026232,42.54275965001518,35.161691383613515,4.194976167694329,2.307965260103018,25.75816049788572,3217.004063161839
1799,179.89999999999407,42.503415252585114,35.13455824992009,7.368857002665035,3216.9384587964723,25.688537576153095,117.85911199999997,117.85911200000001,11.119377554648072,0.1,7.374713265143839,3219.482131340912,35.12,25.785937972298306,3217.743425241759,4.270696348227583,2.3157433625034245,4.195800000000006,2.307000000000001,76.85525302456159,39.70402492832062,25.65240401857311,0.5166078227031783,0.6460907695097536,11.133415399561025,42.49471326514384,35.09864394749784,4.19377262169868,2.306602013489563,25.623974416861508,3216.884771419412
1800,179.99999999999406,42.503415252585114,35.13455824992009,7.368857002665035,3216.9384587964723,25.688537576153095,117.85911199999997,117.85911200000001,11.119377554648072,0.1,7.35941280923258,3219.482131340912,35.12,25.785937972298306,3217.743425241759,4.270696348227583,2.3157433625034245,4.195800000000006,2.307000000000001,76.85525302456159,39.70402492832062,25.65240401857311,0.5166078227031783,0.6460907695097536,11.15981916085772,42.47941280923258,35.13486619171523,4.194284676274284,2.3069430252232483,25.710285678073003,3216.7639248043274
1801,180.09999999999405,42.503415252585114,35.13455824992009,7.368857002665035,3216.9384587964723,25.688537576153095,117.85911199999997,117.85911200000001,11.119377554648072,0.1,7.391307442757849,3219.482131340912,35.12,25.80656508434175,3224.0667217298587,4.270696348227583,2.3157433625034245,4.195800000000006,2.307000000000001,76.85525302456159,39.70402492832062,25.65240401857311,0.5166078227031783,0.6460907695097536,11.258871737365126,42.51130744275785,35.13754336129319,4.195708764465102,2.3073548105061095,25.627101854236432,3217.0334672695058
1802,180.19999999999405,42.503415252585114,35.13455824992009,7.368857002665035,3216.9384587964723,25.688537576153095,117.85911199999997,117.85911200000001,11.119377554648072,0.1,7.437247581525604,3219.482131340912,35.12,25.80656508434175,3224.0667217298587,4.270696348227583,2.3157433625034245,4.195800000000006,2.307000000000001,76.85525302456159,39.70402492832062,25.65240401857311,0.5166078227031783,0.6460907695097536,11.095894631041224,42.5572475815256,35.1670628517533,4.1953470037476945,2.3066363408852375,25.72023793579059,3216.943951576241
1803,180.29999999999404,42.503415252585114,35.13455824992009,7.368857002665035,3216.9384587964723,25.688537576153095,117.85911199999997,117.85911200000001,11.119377554648072,0.1,7.397028236316125,3219.482131340912,35.12,25.80656508434175,3224.0667217298587,4.270696348227583,2.3157433625034245,4.195800000000006,2.307000000000001,76.85525302456159,39.70402492832062,25.65240401857311,0.5166078227031783,0.6460907695097536,11.061061265383588,42.51702823631612,35.11777209458594,4.195845189171934,2.308318551785199,25.782894395874393,3216.856130469659
1804,180.39999999999404,42.503415252585114,35.13455824992009,7.368857002665035,3216.9384587964723,25.688537576153095,117.85911199999997,117.85911200000001,11.119377554648072,0.1,7.359026476315165,3219.482131340912,35.12,25.80656508434175,3224.0667217298587,4.27050943425404,2.3152888588923712,4.195800000000006,2.307000000000001,76.85525302456159,39.70402492832062,25.65240401857311,0.5166078227031783,0.6460907695097536,11.177602872821051,42.47902647631516,35.10978623549161,4.19599506227322,2.3081920345108458,25.431948221766337,3217.0273685232974
1805,180.49999999999403,42.503415252585114,35.13455824992009,7.368857002665035,3216.9384587964723,25.688537576153095,117.85911199999997,117.85911200000001,11.119377554648072,0.1,7.400000539426728,3219.482131340912,35.12,25.80656508434175,3224.0667217298587,4.27050943425404,2.3152888588923712,4.195800000000006,2.307000000000001,76.85525302456159,39.70402492832062,25.65240401857311,0.5166078227031783,0.6460907695097536,11.073110402811174,42.520000539426725,35.12709414324762,4.195969096151977,2.3059314373379505,25.80201979391678,3217.0013944505217
1806,180.59999999999403,42.503415252585114,35.13455824992009,7.368857002665035,3216.9384587964723,25.688537576153095,117.85911199999997,117.85911200000001,11.119377554648072,0.1,7.354257922640265,3219.482131340912,35.12,25.80656508434175,3224.0667217298587,4.27050943425404,2.3152888588923712,4.195800000000006,2.307000000000001,76.85525302456159,39.70402492832062,25.65240401857311,0.5166078227031783,0.6460907695097536,11.13413910150099,42.47425792264026,35.113418060301804,4.195699844836125,2.3070829468921126,25.87436515019027,3216.8848541933908
1807,180.69999999999402,42.503415252585114,35.13455824992009,7.368857002665035,3216.9384587964723,25.688537576153095,117.85911199999997,117.85911200000001,11.119377554648072,0.1,7.406464734868315,3219.482131340912,35.12,25.746489111348044,3225.019612290012,4.27050943425404,2.3152888588923712,4.195800000000006,2.307000000000001,76.85525302456159,39.70402492832062,25.65240401857311,0.5166078227031783,0.6460907695097536,11.16261027949099,42.52646473486831,35.16756322064032,4.196937018092622,2.3061535330343075,25.557819129098128,3217.0134676656735
1808,180.79999999999401,42.503415252585114,35.13455824992009,7.368857002665035,3216.9384587964723,25.688537576153095,117.85911199999997,117.85911200000001,11.119377554648072,0.1,7.31805038243494,3219.482131340912,35.12,25.746489111348044,3225.019612290012,4.27050943425404,2.3152888588923712,4.195800000000006,2.307000000000001,76.85525302456159,39.70402492832062,25.65240401857311,0.5166078227031783,0.6460907695097536,11.115368061944132,42.43805038243494,35.1405030354167,4.196431740407563,2.307563077166611,25.536348728848974,3217.0644635071485
1809,180.899999999994,42.503415252585114,35.13455824992009,7.368857002665035,3216.9384587964723,25.688537576153095,117.85911199999997,117.85911200000001,11.119377554648072,0.1,7.3601482425265985,3219.482131340912,35.12,25.746489111348044,3225.019612290012,4.27050943425404,2.3152888588923712,4.195800000000006,2.307000000000001,76.85525302456159,39.70402492832062,25.65240401857311,0.5166078227031783,0.6460907695097536,11.0794687603861,42.480148242526596,35.1306948718799,4.195593852580809,2.3061821075350486,25.83568211081936,3216.9270554136733
1810,180.999999999994,42.503415252585114,35.13455824992009,7.368857002665035,3216.9384587964723,25.688537576153095,117.85911199999997,117.85911200000001,11.119377554648072,0.1,7.379274347930057,3219.482131340912,35.12,25.746489111348044,3225.019612290012,4.277541446656471,2.31483393576069,4.195800000000006,2.307000000000001,76.85525302456159,39.70402492832062,25.65240401857311,0.5166078227031783,0.6460907695097536,11.067854868423506,42.499274347930054,35.1924566587098,4.197535480023828,2.306253167708119,25.608142531935417,3217.0101030598785
1811,181.099999999994,42.503415252585114,35.13455824992009,7.368857002665035,3216.9384587964723,25.688537576153095,117.85911199999997,117.85911200000001,11.119377554648072,0.1,7.37691702713343,3219.482131340912,35.12,25.746489111348044,3225.019612290012,4.277541446656471,2.31483393576069,4.195800000000006,2.307000000000001,76.85525302456159,39.70402492832062,25.65240401857311,0.5166078227031783,0.6460907695097536,11.154813795854654,42.49691702713343,35.17037803331953,4.195746371760314,2.3071866047424456,25.758784519753085,3217.003805492673
1812,181.199999999994,42.503415252585114,35.13455824992009,7.368857002665035,3216.9384587964723,25.688537576153095,117.85911199999997,117.85911200000001,11.119377554648072,0.1,7.370824545890208,3219.482131340912,35.12,25.746489111348044,3225.019612290012,4.277541446656471,2.31483393576069,4.195800000000006,2.307000000000001,76.85525302456159,39.70402492832062,25.65240401857311,0.5166078227031783,0.6460907695097536,11.035907795474246,42.490824545890206,35.12368332187621,4.19644329955029,2.3064321433396042,25.578077364146736,3216.9555684025813
1813,181.299999999994,42.503415252585114,35.13455824992009,7.368857002665035,3216.9384587964723,25.688537576153095,117.85911199999997,117.85911200000001,11.119377554648072,0.1,7.375742476626392,3219.482131340912,35.12,25.74564965972593,3225.24023921082,4.277541446656471,2.31483393576069,4.195800000000006,2.307000000000001,76.85525302456159,39.70402492832062,25.65240401857311,0.5166078227031783,0.6460907695097536,11.177669800697991,42.49574247662639,35.15746777755159,4.195250601909796,2.3053038638699346,25.624507121250492,3216.941056427737
1814,181.39999999999398,42.503415252585114,35.13455824992009,7.368857002665035,3216.9384587964723,25.688537576153095,117.85911199999997,117.85911200000001,11.119377554648072,0.1,7.352718431151253,3219.482131340912,35.12,25.74564965972593,3225.24023921082,4.277541446656471,2.31483393576069,4.195800000000006,2.307000000000001,76.85525302456159,39.70402492832062,25.65240401857311,0.5166078227031783,0.6460907695097536,11.063318387635976,42.47271843115125,35.15921195577615,4.196880839138916,2.3060524095485544,25.585268343049187,3216.9716117579483
1815,181.49999999999397,42.503415252585114,35.13455824992009,7.368857002665035,3216.9384587964723,25.688537576153095,117.85911199999997,117.85911200000001,11.119377554648072,0.1,7.350932348434121,3219.482131340912,35.12,25.74564965972593,3225.24023921082,4.277541446656471,2.31483393576069,4.195800000000006,2.307000000000001,76.85525302456159,39.70402492832062,25.65240401857311,0.5166078227031783,0.6460907695097536,11.115697485551186,42.47093234843412,35.135847593549386,4.196315527490673,2.309048771663061,25.613029324316557,3216.9052275268127
1816,181.59999999999397,42.503415252585114,35.13455824992009,7.368857002665035,3216.9384587964723,25.688537576153095,117.85911199999997,117.85911200000001,11.119377554648072,0.1,7.389592835999338,3219.482131340912,35.12,25.74564965972593,3225.24023921082,4.282807589416507,2.3144042676501835,4.195800000000006,2.307000000000001,76.85525302456159,39.70402492832062,25.65240401857311,0.5166078227031783,0.6460907695097536,11.135344246801635,42.509592835999335,35.17070303431906,4.195144892412469,2.308165991969601,25.707574212916562,3217.081298062391
1817,181.69999999999396,42.503415252585114,35.13455824992009,7.368857002665035,3216.9384587964723,25.688537576153095,117.85911199999997,117.85911200000001,11.119377554648072,0.1,7.374479274998301,3219.482131340912,35.12,25.74564965972593,3225.24023921082,4.282807589416507,2.3144042676501835,4.195800000000006,2.307000000000001,76.85525302456159,39.70402492832062,25.65240401857311,0.5166078227031783,0.6460907695097536,11.107799102988638,42.4944792749983,35.14430036181822,4.19737387786783,2.3072079162180192,25.57643991589706,3216.940604924014
1818,181.79999999999396,42.503415252585114,35.13455824992009,7.368857002665035,3216.9384587964723,25.688537576153095,117.85911199999997,117.85911200000001,11.119377554648072,0.1,7.409078271987873,3219.482131340912,35.12,25.74564965972593,3225.24023921082,4.282807589416507,2.3144042676501835,4.195800000000006,2.307000000000001,76.85525302456159,39.70402492832062,25.65240401857311,0.5166078227031783,0.6460907695097536,11.158061839203638,42.52907827198787,35.139934452782676,4.1954588439330935,2.3059291379158995,25.80362196606182,3216.8335914103554
1819,181.89999999999395,42.503415252585114,35.13455824992009,7.368857002665035,3216.9384587964723,25.688537576153095,117.85911199999997,117.85911200000001,11.119377554648072,0.1,7.3461973082067615,3219.482131340912,35.12,25.74655852077799,3224.7177523747946,4.282807589416507,2.3144042676501835,4.195800000000006,2.307000000000001,76.85525302456159,39.70402492832062,25.65240401857311,0.5166078227031783,0.6460907695097536,11.155096319888807,42.46619730820676,35.160647256463605,4.196557211375977,2.308917860487396,25.65317018212198,3216.907748446182
1820,181.99999999999395,42.503415252585114,35.13455824992009,7.368857002665035,3216.9384587964723,25.688537576153095,117.85911199999997,117.85911200000001,11.119377554648072,0.1,7.372042910526865,3219.482131340912,35.12,25.74655852077799,3224.7177523747946,4.282807589416507,2.3144042676501835,4.195800000000006,2.307000000000001,76.85525302456159,39.70402492832062,25.65240401857311,0.5166078227031783,0.6460907695097536,10.989613407441473,42.49204291052686,35.178084445285606,4.195618692503524,2.3086413039449587,25.69363344416522,3216.8429160545725
1821,182.09999999999394,42.503415252585114,35.13455824992009,7.368857002665035,3216.9384587964723,25.688537576153095,117.85911199999997,117.85911200000001,11.119377554648072,0.1,7.388918985083933,3219.482131340912,35.12,25.74655852077799,3224.7177523747946,4.282807589416507,2.3144042676501835,4.195800000000006,2.307000000000001,76.85525302456159,39.70402492832062,25.65240401857311,0.5166078227031783,0.6460907695097536,11.17572439652885,42.50891898508393,35.11302924136533,4.196664422598683,2.3065292737768828,25.787764539050187,3216.9933377775124
1822,182.19999999999393,42.503415252585114,35.13455824992009,7.368857002665035,3216.9384587964723,25.688537576153095,117.85911199999997,117.85911200000001,11.119377554648072,0.1,7.40729469307432,3219.482131340912,35.12,25.74655852077799,3224.7177523747946,4.287254275515802,2.3138557026218676,4.195800000000006,2.307000000000001,76.85525302456159,39.70402492832062,25.65240401857311,0.5166078227031783,0.6460907695097536,11.13181002675499,42.52729469307432,35.15146507329005,4.194596510413447,2.307846311291629,25.633721949536223,3216.8092790102623
1823,182.29999999999393,42.503415252585114,35.13455824992009,7.368857002665035,3216.9384587964723,25.688537576153095,117.85911199999997,117.85911200000001,11.119377554648072,0.1,7.355292321194284,3219.482131340912,35.12,25.74655852077799,3224.7177523747946,4.287254275515802,2.3138557026218676,4.195800000000006,2.307000000000001,76.85525302456159,39.70402492832062,25.65240401857311,0.5166078227031783,0.6460907695097536,11.1111718544412,42.47529232119428,35.16956916987494,4.194936164009181,2.3066341600684717,25.79375181653209,3216.859106272936
1824,182.39999999999392,42.503415252585114,35.13455824992009,7.368857002665035,3216.9384587964723,25.688537576153095,117.85911199999997,117.85911200000001,11.119377554648072,0.1,7.385879531331014,3219.482131340912,35.12,25.74655852077799,3224.7177523747946,4.287254275515802,2.3138557026218676,4.195800000000006,2.307000000000001,76.85525302456159,39.70402492832062,25.65240401857311,0.5166078227031783,0.6460907695097536,11.1368319991631,42.50587953133101,35.14392387672513,4.195925229248383,2.3075581607783864,25.650913874791076,3216.919369036713
1825,182.49999999999392,42.503415252585114,35.13455824992009,7.368857002665035,3216.9384587964723,25.688537576153095,117.85911199999997,117.85911200000001,11.119377554648072,0.1,7.39891189120636,3219.482131340912,35.12,25.714663438590996,3222.817345892971,4.287254275515802,2.3138557026218676,4.195800000000006,2.307000000000001,76.85525302456159,39.70402492832062,25.65240401857311,0.5166078227031783,0.6460907695097536,11.089485583165299,42.51891189120636,35.17225156842829,4.195238367698774,2.307740122110022,25.65204480745545,3216.756541917197
1826,182.5999999999939,42.503415252585114,35.13455824992009,7.368857002665035,3216.9384587964723,25.688537576153095,117.85911199999997,117.85911200000001,11.119377554648072,0.1,7.395728445958056,3219.482131340912,35.12,25.714663438590996,3222.817345892971,4.287254275515802,2.3138557026218676,4.195800000000006,2.307000000000001,76.85525302456159,39.70402492832062,25.65240401857311,0.5166078227031783,0.6460907695097536,11.096571884124819,42.515728445958054,35.13568241674925,4.193888541287822,2.3075830024492348,25.869604001286127,3216.811176188275
1827,182.6999999999939,42.503415252585114,35.13455824992009,7.368857002665035,3216.9384587964723,25.688537576153095,117.85911199999997,117.85911200000001,11.119377554648072,0.1,7.3740896577495505,3219.482131340912,35.12,25.714663438590996,3222.817345892971,4.287254275515802,2.3138557026218676,4.195800000000006,2.307000000000001,76.85525302456159,39.70402492832062,25.65240401857311,0.5166078227031783,0.6460907695097536,11.105617913856879,42.49408965774955,35.14307867194191,4.197670262214606,2.307825552949861,25.653667080568756,3216.9497116569473
1828,182.7999999999939,42.503415252585114,35.13455824992009,7.368857002665035,3216.9384587964723,25.688537576153095,117.85911199999997,117.85911200000001,11.119377554648072,0.1,7.387817219553952,3219.482131340912,35.12,25.714663438590996,3222.817345892971,4.294798680723585,2.3134101473319673,4.195800000000006,2.307000000000001,76.85525302456159,39.70402492832062,25.65240401857311,0.5166078227031783,0.6460907695097536,11.08336803599055,42.50781721955395,35.17921977158167,4.195849130254087,2.306666822332329,25.553866959909342,3216.894348189032
1829,182.8999999999939,42.503415252585114,35.13455824992009,7.368857002665035,3216.9384587964723,25.688537576153095,117.85911199999997,117.85911200000001,11.119377554648072,0.1,7.438248161359944,3219.482131340912,35.12,25.714663438590996,3222.817345892971,4.294798680723585,2.3134101473319673,4.195800000000006,2.307000000000001,76.85525302456159,39.70402492832062,25.65240401857311,0.5166078227031783,0.6460907695097536,11.041286401981248,42.55824816135994,35.14223672329335,4.197057126483337,2.307409983262521,25.663104537298953,3217.118700600113
1830,182.9999999999939,42.503415252585114,35.13455824992009,7.368857002665035,3216.9384587964723,25.688537576153095,117.85911199999997,117.85911200000001,11.119377554648072,0.1,7.325118563399613,3219.482131340912,35.12,25.714663438590996,3222.817345892971,4.294798680723585,2.3134101473319673,4.195800000000006,2.307000000000001,76.85525302456159,39.70402492832062,25.65240401857311,0.5166078227031783,0.6460907695097536,11.141059836726766,42.44511856339961,35.174923058588526,4.195468191858232,2.308310384050624,25.59288886659089,3217.01078198343
1831,183.09999999999388,42.503415252585114,35.13455824992009,7.368857002665035,3216.9384587964723,25.688537576153095,117.85911199999997,117.85911200000001,11.119377554648072,0.1,7.362871614780488,3219.482131340912,35.12,25.731918269251427,3219.9374802309767,4.294798680723585,2.3134101473319673,4.195800000000006,2.307000000000001,76.85525302456159,39.70402492832062,25.65240401857311,0.5166078227031783,0.6460907695097536,11.100514124382268,42.482871614780485,35.114882691593024,4.1965358471407175,2.306891810132958,25.722272970649314,3217.0210804915264
1832,183.19999999999388,42.503415252585114,35.13455824992009,7.368857002665035,3216.9384587964723,25.688537576153095,117.85911199999997,117.85911200000001,11.119377554648072,0.1,7.368907072382619,3219.482131340912,35.12,25.731918269251427,3219.9374802309767,4.294798680723585,2.3134101473319673,4.195800000000006,2.307000000000001,76.85525302456159,39.70402492832062,25.65240401857311,0.5166078227031783,0.6460907695097536,11.07304476075154,42.48890707238262,35.132416370681796,4.196191238216653,2.3066042898259584,25.766369431224305,3217.204503442352
1833,183.29999999999387,42.503415252585114,35.13455824992009,7.368857002665035,3216.9384587964723,25.688537576153095,117.85911199999997,117.85911200000001,11.119377554648072,0.1,7.365518131348161,3219.482131340912,35.12,25.731918269251427,3219.9374802309767,4.294798680723585,2.3134101473319673,4.195800000000006,2.307000000000001,76.85525302456159,39.70402492832062,25.65240401857311,0.5166078227031783,0.6460907695097536,11.173830755993128,42.48551813134816,35.144628868872694,4.1957407464999275,2.3066638856100448,25.614079917741144,3217.1542172390327
1834,183.39999999999387,42.503415252585114,35.13455824992009,7.368857002665035,3216.9384587964723,25.688537576153095,117.85911199999997,117.85911200000001,11.119377554648072,0.1,7.46408406927349,3219.482131340912,35.12,25.731918269251427,3219.9374802309767,4.2969920185858514,2.3129642951027938,4.195800000000006,2.307000000000001,76.85525302456159,39.70402492832062,25.65240401857311,0.5166078227031783,0.6460907695097536,11.102174183558802,42.58408406927349,35.1316216603139,4.1959181209315854,2.3059643592193777,25.589001439221093,3216.8604768369896
1835,183.49999999999386,42.503415252585114,35.13455824992009,7.368857002665035,3216.9384587964723,25.688537576153095,117.85911199999997,117.85911200000001,11.119377554648072,0.1,7.414696790896471,3219.482131340912,35.12,25.731918269251427,3219.9374802309767,4.2969920185858514,2.3129642951027938,4.195800000000006,2.307000000000001,76.85525302456159,39.70402492832062,25.65240401857311,0.5166078227031783,0.6460907695097536,11.113186600293965,42.53469679089647,35.12067767743935,4.197084560476967,2.3073314754137195,25.83511555267226,3217.008675349531
1836,183.59999999999386,42.503415252585114,35.13455824992009,7.368857002665035,3216.9384587964723,25.688537576153095,117.85911199999997,117.85911200000001,11.119377554648072,0.1,7.430206953277228,3219.482131340912,35.12,25.731918269251427,3219.9374802309767,4.2969920185858514,2.3129642951027938,4.252500000000007,2.307000000000001,76.85525302456159,39.70402492832062,25.65240401857311,0.5166078227031783,0.6460907695097536,11.172892741848916,42.550206953277225,35.11956550988078,4.252710910088009,2.305865718778117,25.733873950698808,3216.934610291842
1837,183.69999999999385,42.503415252585114,35.13455824992009,7.465979539250866,3216.9384587964723,25.688537576153095,118.6749489079104,117.85911200000001,11.119377554648072,0.1,7.3708423839760755,3219.482131340912,35.12,25.79897832243106,3224.6401605286555,4.2969920185858514,2.3129642951027938,4.252500000000007,2.307000000000001,77.9405296042868,39.97886162426586,25.65240401857311,0.5129405949285081,0.6416491860039092,11.254270297226084,42.49084238397607,35.17080759085226,4.253927223263237,2.3072069764263627,25.69298340574459,3217.155573122555
1838,183.79999999999384,42.503415252585114,35.13455824992009,7.465979539250866,3219.146006335164,25.68120704329926,118.6749489079104,117.85911200000001,11.119377554648072,0.1,7.385944192250932,3219.482131340912,35.12,25.79897832243106,3224.6401605286555,4.2969920185858514,2.3129642951027938,4.252500000000007,2.307000000000001,77.91828833768234,40.006296167608475,25.65240401857311,0.5134391042347999,0.6412091714539386,11.151568099038624,42.50594419225093,35.11734783927021,4.252009350705429,2.3071622026099132,25.735098472840598,3219.099265308895
1839,183.89999999999384,42.52626892181023,35.11451355653877,7.47406435666282,3221.353553873856,25.673876510445425,118.58551519105407,117.85911200000001,11.129820432736466,0.1,7.414404591369809,3219.482131340912,35.12,25.79897832243106,3224.6401605286555,4.2969920185858514,2.3129642951027938,4.252500000000007,2.307000000000001,77.98633770406666,40.003561198597765,25.676495738323037,0.5129560173783074,0.6418552491077487,11.16956698956171,42.53440459136981,35.10783598385902,4.252055268154819,2.3084791045894,25.467381730117957,3221.2646218694417
1840,183.99999999999383,42.549122591035356,35.094474583967795,7.481739812467619,3223.3191055189964,25.66917360497631,118.49253041693338,117.85911200000001,11.14026331082486,0.1,7.448980932144316,3219.482131340912,35.12,25.79897832243106,3224.6401605286555,4.293775457500302,2.3148234072104246,4.252500000000007,2.307000000000001,78.05775548520556,39.996583339673904,25.700587458072963,0.512397302369968,0.642569572500952,10.96845053548743,42.568980932144314,35.05408417808031,4.250824640494465,2.30647727734431,25.84305289658733,3223.273201278255
1841,184.09999999999383,42.563784369125855,35.08162158772722,7.486604787766897,3225.0330525759455,25.667128792551345,118.41313916630557,117.85911200000001,11.149561419176722,0.1,7.441383909948364,3219.482131340912,35.12,25.79897832243106,3224.6401605286555,4.293775457500302,2.3148234072104246,4.252500000000007,2.307000000000001,78.10585478466787,39.99103848272588,25.722038194040707,0.5120107653002229,0.6431950549409048,11.113500065939737,42.56138390994836,35.09470707571091,4.2529709216812215,2.3059492392735845,25.714836049795533,3225.2768904959867
1842,184.19999999999382,42.570159276341926,35.07603386913545,7.489009808006045,3226.5321773342,25.666793522543333,118.3502109982248,117.85911200000001,11.157669303537974,0.1,7.4431133570483325,3219.482131340912,35.12,25.79897832243106,3224.6401605286555,4.293775457500302,2.3148234072104246,4.252500000000007,2.307000000000001,78.13168622305972,39.988365648105145,25.740743083262114,0.5118072779581585,0.6437058045777333,11.230862549763533,42.56311335704833,35.10769904599941,4.253371618088785,2.306536265618695,25.437665777142417,3226.4191342435875
1843,184.29999999999382,42.571204514118904,35.07511774226788,7.489926535023866,3227.861026733232,25.667179633422684,118.30024289522937,117.85911200000001,11.16476096376968,0.1,7.445486261653279,3219.482131340912,35.12,25.7524592803373,3227.4498941457186,4.293775457500302,2.3148234072104246,4.252500000000007,2.307000000000001,78.14309684206725,39.987944623850865,25.75710354341666,0.5117271549228378,0.6441217168249703,11.15654467345626,42.56548626165328,35.07408518575511,4.252894641813666,2.3054825325899957,25.690852115888582,3227.6188493279674
1844,184.3999999999938,42.570000774841446,35.07617279309949,7.49018993255687,3229.0546690072724,25.667644590579243,118.25840148281071,117.85911200000001,11.171047130671505,0.1,7.429603128176083,3219.482131340912,35.12,25.7524592803373,3227.4498941457186,4.293775457500302,2.3148234072104246,4.252500000000007,2.307000000000001,78.14745328250768,39.98858341046296,25.77160573045917,0.5117068020873548,0.6444740856640615,11.16298050105536,42.54960312817608,35.08071179980848,4.25117588981262,2.30773281418917,25.624756893049273,3228.9897665417916
1845,184.4999999999938,42.56855122441016,35.077443313029974,7.490326511497646,3230.135093913841,25.667919180185454,118.22122064548887,117.85911200000001,11.176693695708263,0.1,7.415171116955527,3219.482131340912,35.12,25.7524592803373,3227.4498941457186,4.293775457500302,2.3148234072104246,4.252500000000007,2.307000000000001,78.14981424468115,39.98938663139565,25.784632355998973,0.5117016210197494,0.6447868929241208,11.296355607922234,42.535171116955524,35.08379729892848,4.253233767103653,2.3067943145661083,25.707320227082562,3229.962094342243
1846,184.5999999999938,42.56769516385384,35.078193654407535,7.490566271959185,3231.1149123571317,25.667978158026358,118.18702592264485,117.85911200000001,11.181804682169577,0.1,7.4594690288504,3219.482131340912,35.12,25.7524592803373,3227.4498941457186,4.28908856935754,2.318765323376185,4.252500000000007,2.307000000000001,78.15267082317398,39.98994669918886,25.796423401765225,0.5116900840109353,0.6450727127948002,11.100598336458539,42.5794690288504,35.08842708355959,4.251950125805414,2.3082797943626807,25.537169065611646,3231.1595701274355
1847,184.6999999999938,42.56751129453703,35.07835481783447,7.490939038098247,3232.002204370791,25.667897792779975,118.15532884801672,117.85911200000001,11.186439746363078,0.1,7.399166405365364,3219.482131340912,35.12,25.7524592803373,3227.4498941457186,4.28908856935754,2.318765323376185,4.252500000000007,2.307000000000001,78.15658818555859,39.990200266467305,25.80711649485963,0.5116676814438595,0.6453360153962392,11.152220123258957,42.51916640536536,35.072711614729286,4.252596469823444,2.3076692592122163,25.63442579322192,3232.121339447795
1848,184.7999999999938,42.56776184122916,35.07813521106489,7.491387018072533,3232.8037282629048,25.66776325011527,118.12614145497818,117.85911200000001,11.19063711116046,0.1,7.41999159092547,3219.482131340912,35.12,25.7524592803373,3227.4498941457186,4.28908856935754,2.318765323376185,4.252500000000007,2.307000000000001,78.16118032986417,39.990236625796555,25.81679981544719,0.5116380850062074,0.6455775707711995,11.185030462725642,42.53999159092547,35.096044161805175,4.2526824195590285,2.3080237770800993,25.825438504008567,3232.675051609522
1849,184.89999999999378,42.56818129144064,35.07776756015102,7.491842990917009,3233.5262749022877,25.66763038104234,118.09954683698984,117.85911200000001,11.194428746966064,0.1,7.3974328879802655,3219.482131340912,35.12,25.776868721162604,3230.4485074052586,4.28908856935754,2.318765323376185,4.252500000000007,2.307000000000001,78.16586676038862,39.9901693172259,25.82554711925072,0.5116065486718474,0.6457973937141167,11.248058305414931,42.51743288798026,35.06818317163906,4.253710954319318,2.3069848233503674,25.70683826492593,3233.283111193248
1850,184.99999999999378,42.5685955240624,35.07740448438071,7.492263680531424,3234.1768599977477,25.667522504590348,118.07552396986713,117.85911200000001,11.197846778213865,0.1,7.45924045347396,3219.482131340912,35.12,25.776868721162604,3230.4485074052586,4.28908856935754,2.318765323376185,4.252500000000007,2.307000000000001,78.17023531047722,39.99007921676691,25.833432517339396,0.5115768048789153,0.6459960325987061,11.16845780136094,42.57924045347396,35.070408397150295,4.252480133921835,2.307593060910388,25.832125725899928,3234.1675790774334
1851,185.09999999999377,42.56893183968914,35.077109704403995,7.492632832987078,3234.7624423694097,25.667441544709504,118.05392973420568,117.85911200000001,11.200924392951006,0.1,7.450985482710649,3219.482131340912,35.12,25.776868721162604,3230.4485074052586,4.28908856935754,2.318765323376185,4.252500000000007,2.307000000000001,78.17411038135887,39.99000494143985,25.840532574537978,0.5115504960191491,0.6461747782321625,11.25509891118461,42.57098548271065,35.01471192028834,4.252744900865471,2.307513683042851,25.745986422883234,3234.8181103077563
1852,185.19999999999376,42.56918424021366,35.076888476660955,7.49295185375291,3235.289593575085,25.667380355552513,118.03454633281615,117.85911200000001,11.203694510110793,0.1,7.429914712142498,3219.482131340912,35.12,25.776868721162604,3230.4485074052586,4.279779609359853,2.3225974257048354,4.252500000000007,2.307000000000001,78.17748591888933,39.98995481780983,25.84692323482561,0.5115277672052564,0.6463353947905559,11.162109575461262,42.549914712142495,35.088034575678925,4.253115678762708,2.306887255661034,25.65887850605609,3235.378185633856
1853,185.29999999999376,42.56937500352949,35.07672127407278,7.493229454992753,3235.7642958419906,25.667330835730063,118.01713548205782,117.85911200000001,11.206188216669103,0.1,7.442022757340716,3219.482131340912,35.12,25.776868721162604,3230.4485074052586,4.279779609359853,2.3225974257048354,4.252500000000007,2.307000000000001,78.18043453119749,39.98992275863944,25.85267621585563,0.5115080646255767,0.6464797737142518,11.175580461906415,42.56202275734071,35.082849271001116,4.253062529621137,2.3084985266424662,25.478939160831043,3235.7462365650686
1854,185.39999999999375,42.56952938652796,35.07658595884651,7.49347487870763,3236.191886633103,25.667287381603913,118.00147411982493,117.85911200000001,11.208433811753554,0.1,7.423126457757057,3219.482131340912,35.12,25.776868721162604,3230.4485074052586,4.279779609359853,2.3225974257048354,4.252500000000007,2.307000000000001,78.18304234390489,39.9898997063587,25.85785680371546,0.5114907083105636,0.6466096937873506,11.176351319141528,42.543126457757054,35.1457885542724,4.25414907268883,2.3070849994647524,25.739768229652025,3236.2301313829994
1855,185.49999999999375,42.56966485911164,35.07646721863357,7.493695032366881,3236.577099834633,25.667247269191854,117.98736882685014,117.85911200000001,11.210456544412782,0.1,7.373193566244218,3219.482131340912,35.12,25.743833374773416,3229.960962681726,4.279779609359853,2.3225974257048354,4.252500000000007,2.307000000000001,78.18537818540433,39.989879061634156,25.862523247960297,0.511475163128385,0.6467267182303763,11.164342130198962,42.493193566244216,35.099041035024506,4.251310550798062,2.3078217668047287,25.66195993832235,3236.5600483724907
1856,185.59999999999374,42.569789913567476,35.07635760997225,7.493894192465822,3236.9241459656528,25.667209727466624,117.97465602182503,117.85911200000001,11.212278808455167,0.1,7.464638103580043,3219.482131340912,35.12,25.743833374773416,3229.960962681726,4.279779609359853,2.3225974257048354,4.252500000000007,2.307000000000001,78.18748745645216,39.98985776941791,25.86672721110608,0.5114610926932642,0.6468321883076954,11.28548981940191,42.58463810358004,35.06733147903106,4.2509220148167,2.3054976248261783,25.70848976513933,3236.974523231039
1857,185.69999999999374,42.56990695365006,35.0762550259637,7.494074801772791,3237.2367929156953,25.667174865408242,117.96319609876109,117.85911200000001,11.2139205218832,0.1,7.402452127781977,3219.482131340912,35.12,25.743833374773416,3229.960962681726,4.279779609359853,2.3225974257048354,4.252500000000007,2.307000000000001,78.18939776426062,39.989835352248555,25.87051464398455,0.5114483100741748,0.6469272607927828,11.163182896758578,42.522452127781975,35.07695681414517,4.250584273231075,2.307652250393059,25.760469458350688,3237.1069016731417
1858,185.79999999999373,42.57001563960327,35.07615976436799,7.494238388070446,3237.518430818822,25.667142948074815,117.95286696721115,117.85911200000001,11.215399508825396,0.1,7.4888710728164725,3219.482131340912,35.12,25.743833374773416,3229.960962681726,4.274760993488004,2.3263784254321127,4.252500000000007,2.307000000000001,78.191126975452,39.989812539408916,25.873926666860196,0.5114367075430908,0.6470129521453024,11.210681949104968,42.60887107281647,35.08439011323818,4.2544899495118225,2.308008302085245,25.559625311360932,3237.644557036533
1859,185.89999999999372,42.57011514508196,35.07607254943294,7.49438618888596,3237.7721194483756,25.66711407709385,117.94355934134623,117.85911200000001,11.216731806425276,0.1,7.454277971086128,3219.482131340912,35.12,25.743833374773416,3229.960962681726,4.274760993488004,2.3263784254321127,4.252500000000007,2.307000000000001,78.19268921793359,39.98979026862188,25.87700027742312,0.5114262045287243,0.6470901723565076,11.168630078267414,42.574277971086126,35.11139104363102,4.2526177836538634,2.3068878045921695,25.62753489825585,3237.75818207671
1860,185.99999999999372,42.57020515325222,35.07599365882781,7.494519435289938,3238.000622864598,25.667088143653473,117.93517404924866,117.85911200000001,11.217931889043843,0.1,7.441828510300148,3219.482131340912,35.12,25.743833374773416,3229.960962681726,4.274760993488004,2.3263784254321127,4.252500000000007,2.307000000000001,78.19409790626405,39.98976921211768,25.879768868024154,0.5114167217589212,0.647159745552672,11.159928924457299,42.561828510300145,35.07995978853299,4.250941552408896,2.3069119792847697,25.675327733201062,3237.962032224333
1861,186.0999999999937,42.57028600334594,35.0759227951941,7.494639405421648,3238.2064367815447,25.6670649011527,117.92762074149124,117.85911200000001,11.219012832161292,0.1,7.459035536342732,3219.482131340912,35.12,25.75821104118659,3231.4685903050954,4.274760993488004,2.3263784254321127,4.252500000000007,2.307000000000001,78.19536656054679,39.98974968505825,25.88226260379611,0.5114081747298176,0.6472224209362017,11.203203052232904,42.57903553634273,35.1210298475845,4.253276216044864,2.3056997448267684,25.654253375059245,3238.1341535073893
1862,186.1999999999937,42.57035846416635,35.07585928466639,7.494747376173408,3238.3918124395855,25.667044054568255,117.92081727118428,117.85911200000001,11.219986441837142,0.1,7.452305609809187,3219.482131340912,35.12,25.75821104118659,3231.4685903050954,4.274760993488004,2.3263784254321127,4.252500000000007,2.307000000000001,78.19650853923861,39.98973173690464,25.884508721318294,0.5114004766189528,0.6472788787785416,11.30714987533121,42.572305609809185,35.07633795902132,4.252392156969396,2.306442182667412,25.62424700383758,3238.4432229034974
1863,186.2999999999937,42.57042345547802,35.075802321069624,7.494844559604157,3238.558778800394,25.66702532138919,117.91468924901702,117.85911200000001,11.220863367639891,0.1,7.46975770959768,3193.9931545980417,35.12,25.75821104118659,3231.4685903050954,4.274760993488004,2.3263784254321127,4.252500000000007,2.307000000000001,78.19753651487252,39.989715280167594,25.886531789145238,0.5113935433574929,0.6473297348526845,11.166103304371783,42.58975770959768,35.0729018794819,4.250909111626296,2.308142158062184,25.567588298608932,3238.6410383885773
1864,186.3999999999937,42.57048185803707,35.07575113242342,7.49493206211233,3238.709163537938,25.667008457890816,117.90916954923664,117.85911200000001,11.221653207641172,0.1,7.480366961694756,3193.9931545980417,35.12,25.75821104118659,3231.4685903050954,4.271111542722377,2.339318987986018,4.252500000000007,2.307000000000001,78.19846209830507,39.989700186630394,25.888353950028193,0.5113872973148554,0.6473755449330263,11.106423559818163,42.60036696169475,35.110560618066096,4.251540329005185,2.306779057909139,25.772005373994347,3238.898553956911
1865,186.4999999999937,42.570534431679604,35.07570505273506,7.495010871706388,3238.8446126927124,25.66699326158448,117.90419772772361,117.85911200000001,11.222364607714331,0.1,7.424909698668571,3193.9931545980417,35.12,25.75821104118659,3231.4685903050954,4.271111542722377,2.339318987986018,4.252500000000007,2.307000000000001,78.19929570408924,39.98968633639903,25.88999514999697,0.5113816688032892,0.6474168097295533,11.200827743356193,42.54490969866857,35.0948672174031,4.251844248961298,2.308775839804091,25.606110866976,3238.771148039974
1866,186.59999999999368,42.570581807684235,35.07566352869257,7.495081864372697,3238.9666087513624,25.666979563026967,117.89971939561624,117.85911200000001,11.223005354509448,0.1,7.434858386715206,3193.9931545980417,35.12,25.75821104118659,3231.4685903050954,4.271111542722377,2.339318987986018,4.252500000000007,2.307000000000001,78.20004659664508,39.98967363172112,25.891473352853307,0.5113765959499664,0.6474539800273674,11.237138038108485,42.5548583867152,35.103112095540524,4.251207864896593,2.307796051341741,25.689442406117543,3238.9052611135958
1867,186.69999999999368,42.57062451430713,35.07562609728316,7.4951458185591875,3239.076487031416,25.66696721606763,117.89568560429866,117.85911200000001,11.2235824609796,0.1,7.381865934836135,3193.9931545980417,35.12,25.78141446452614,3233.387296566726,4.271111542722377,2.339318987986018,4.252500000000007,2.307000000000001,78.20072302227562,39.989661993144054,25.892804737479945,0.5113720237823495,0.647487461682449,11.22347495328224,42.50186593483613,35.0392394442037,4.25063132737059,2.307283251626642,25.623191749695035,3239.112214632457
1868,186.79999999999367,42.57066300718756,35.075592359142846,7.495203430230937,3239.1754504018736,25.666956090618946,117.89205227896414,117.85911200000001,11.22410224388939,0.1,7.424918663054342,3193.9931545980417,35.12,25.78141446452614,3233.387296566726,4.271111542722377,2.339318987986018,4.252500000000007,2.307000000000001,78.20133235525084,39.98965135112282,25.894003876652835,0.5113679031638354,0.6475176202286592,11.127338200227268,42.54491866305434,35.075470331390456,4.2527154815352874,2.308113246649728,25.7164939684824,3239.218291116384
1869,186.89999999999367,42.57069769188638,35.075561958801615,7.4952553251377285,3239.264582471097,25.666946068597152,117.88877971487973,117.85911200000001,11.224570393451197,0.1,7.4411246345571485,3193.9931545980417,35.12,25.78141446452614,3233.387296566726,4.271111542722377,2.339318987986018,4.252500000000007,2.307000000000001,78.20188122241795,39.98964163958367,25.895083897691922,0.511364189895216,0.6475447849990165,11.199318888310032,42.561124634557146,35.08358219648875,4.252298862721355,2.3079654615904066,25.76339972146338,3239.278624187795
1870,186.99999999999366,42.57072893654153,35.075534573590865,7.4953020678145155,3239.3448594116553,25.666937042129103,117.88583213461474,117.85911200000001,11.224992035710923,0.1,7.3956209091345,3193.9931545980417,35.12,25.78141446452614,3233.387296566726,4.260203773086573,2.3475995807243204,4.252500000000007,2.307000000000001,78.20237559823686,39.989632793024484,25.896056626385107,0.5113608440550506,0.6475692527714892,11.179718108105439,42.5156209091345,35.03534850592304,4.251719175361159,2.3057199536504434,25.704127460777993,3239.425335091871
1871,187.09999999999366,42.57075707745831,35.07550990874347,7.495344168131835,3239.4171605870865,25.666928912872283,117.88317729753965,117.85911200000001,11.22537178848583,0.1,7.385695111454304,3193.9931545980417,35.12,25.78141446452614,3233.387296566726,4.260203773086573,2.3475995807243204,4.252500000000007,2.307000000000001,78.20282087585082,39.989624746300954,25.89693271603682,0.5113578295313108,0.6475912909993558,11.215923049470916,42.5056951114543,35.09350809932449,4.252878150893246,2.3062983631737217,25.82548421911562,3239.2977419782837
1872,187.19999999999365,42.57078242122938,35.075487695535514,7.4953820864171,3239.482278122021,25.666921591632146,117.88078615210208,117.85911200000001,11.225713811634796,0.1,7.472402895357803,3193.9931545980417,35.12,25.78141446452614,3233.387296566726,4.260203773086573,2.3475995807243204,4.252500000000007,2.307000000000001,78.20322192310543,39.98961743567311,25.89772176344148,0.5113551136677404,0.6476111406942138,11.282558780571769,42.5924028953578,35.06295871359544,4.251915789246771,2.3077254743639366,25.622214135649475,3239.6645511725374
1873,187.29999999999364,42.57080524592763,35.07546769024052,7.495416237879661,3239.5409255314016,25.6669149978932,117.87863252335781,117.85911200000001,11.226021852330101,0.1,7.4823534488170225,3193.9931545980417,35.12,25.787324901628626,3236.6067082700897,4.260203773086573,2.3475995807243204,4.252500000000007,2.307000000000001,78.2035831305304,39.98961080002919,25.89843241332555,0.5113526669651711,0.6476290190177757,11.244904460749801,42.60235344881702,35.0714646279322,4.2530458798816575,2.3088110619734863,25.612850368726566,3239.4104155958476
1874,187.39999999999364,42.570825802568166,35.07544967284806,7.495446996705047,3239.593745504211,25.666909059185073,117.87669283063586,117.85911200000001,11.226299285878248,0.1,7.488280570034497,3193.9931545980417,35.12,25.787324901628626,3236.6067082700897,4.260203773086573,2.3475995807243204,4.252500000000007,2.307000000000001,78.20390845512404,39.98960478175916,25.89907245252113,0.511350462805916,0.6476451216225753,11.281814646450348,42.608280570034495,35.06214146247743,4.2522035426017215,2.307327770608902,25.663122023024016,3239.591794953407
1875,187.49999999999363,42.57084431708462,35.07543344533134,7.495474699923785,3239.641316923231,25.66690371034659,117.87494583198306,117.85911200000001,11.226549152541144,0.1,7.453128831019171,3193.9931545980417,35.12,25.787324901628626,3236.6067082700897,4.260203773086573,2.3475995807243204,4.252500000000007,2.307000000000001,78.20420146130947,39.98959932717217,25.89964889491243,0.5113484771909156,0.6476596247693363,11.278923267078811,42.57312883101917,35.101933764229514,4.2519897912064515,2.307340788562883,25.5917209350682,3239.585699136123
1876,187.59999999999363,42.57086099262348,35.075418829636305,7.49549965103731,3239.684161193309,25.6668988927778,117.873372392998,117.85911200000001,11.226774190743319,0.1,7.435255838002654,3193.9931545980417,35.12,25.787324901628626,3236.6067082700897,4.253502134194548,2.355881498590987,4.252500000000007,2.307000000000001,78.20446535914117,39.98959438656285,25.900168058044844,0.5113466884904487,0.647672687241552,11.210217860734778,42.55525583800265,35.069976937648235,4.251632725025989,2.3080961032799028,25.681307885884433,3239.702364050876
1877,187.69999999999362,42.570876011875924,35.07540566563773,7.495522123357567,3239.722747944115,25.66689455374327,117.8719552780514,117.85911200000001,11.226976867007982,0.1,7.4552969518801575,3193.9931545980417,35.12,25.787324901628626,3236.6067082700897,4.253502134194548,2.355881498590987,4.252500000000007,2.307000000000001,78.20470303947083,39.98958991407828,25.900635632187424,0.5113450772122371,0.647684452074592,11.288146737796751,42.575296951880155,35.07428659311327,4.251584742283489,2.3062186549734816,25.72622479874434,3239.623281347901
1878,187.79999999999362,42.57088953924999,35.07539380923531,7.495542363036122,3239.7575001679675,25.666890645753547,117.87067896199804,117.85911200000001,11.22715940293413,0.1,7.41503198113287,3193.9931545980417,35.12,25.787324901628626,3236.6067082700897,4.253502134194548,2.355881498590987,4.252500000000007,2.307000000000001,78.20491710588425,39.98958586750476,25.90105674256905,0.5113436257896868,0.6476950481154159,11.24857610441403,42.53503198113287,35.11210798121134,4.25374059749505,2.3071423778267137,25.710935197008823,3239.740426375456
1879,187.8999999999936,42.57090172279875,35.0753831306636,7.495560591786367,3239.7887988481834,25.66688712602571,117.86952946052463,117.85911200000001,11.227323799501196,0.1,7.469412694479743,3193.9931545980417,35.12,25.776340256809068,3239.0694128505684,4.253502134194548,2.355881498590987,4.252500000000007,2.307000000000001,78.20510990345218,39.98958220804044,25.90143600544927,0.5113423183908241,0.6477045914283506,11.245900655563807,42.58941269447974,35.08541774937887,4.252131653241472,2.308207255156094,25.660428085001644,3239.8064904254547
1880,187.9999999999936,42.57091269590225,35.07537351301788,7.4955770093217495,3239.8169871283626,25.66688395601148,117.86849417734474,117.85911200000001,11.227471858963606,0.1,7.422056165309442,3193.9931545980417,35.12,25.776340256809068,3239.0694128505684,4.253502134194548,2.355881498590987,4.252500000000007,2.307000000000001,78.20528354451639,39.9895789000783,25.901777578629048,0.5113411407467788,0.6477131865616702,11.282905476240886,42.54205616530944,35.08258191728804,4.253708361709975,2.306385132416626,25.60313108890047,3239.948795057434
1881,188.0999999999936,42.57092257873862,35.07536485096466,7.495591795541053,3239.8423740682083,25.66688110097956,117.86756176656817,117.85911200000001,11.227605204573733,0.1,7.456124956311321,3193.9931545980417,35.12,25.776340256809068,3239.0694128505684,4.253502134194548,2.355881498590987,4.252500000000007,2.307000000000001,78.20543993181634,39.98957591100236,25.90208520695161,0.5113400799978544,0.6477209276886867,11.332101868157102,42.57612495631132,35.1078030267351,4.251502051717489,2.3071643926476626,25.623079138929995,3239.8608576406095
1882,188.1999999999936,42.570931479586136,35.07535704960047,7.495605112491225,3239.865238026935,25.666878529641384,117.86672200871911,117.85911200000001,11.227725298348929,0.1,7.471053726566588,3193.9931545980417,35.12,25.776340256809068,3239.0694128505684,4.251591227698282,2.3641809131479725,4.252500000000007,2.307000000000001,78.20558077926451,39.98957321099239,25.90236226329099,0.5113391245551016,0.6477278996358709,11.228383116738385,42.591053726566585,35.13204139335636,4.253410335455962,2.30529568542994,25.723077360089476,3239.87726083179
1883,188.2999999999936,42.57093949599003,35.075350023429124,7.495617106134258,3239.8858297111974,25.666876213813122,117.8659656990332,117.85911200000001,11.227833457076846,0.1,7.451459521856059,3193.9931545980417,35.12,25.776340256809068,3239.0694128505684,4.251591227698282,2.3641809131479725,4.252500000000007,2.327000000000001,78.20570763064407,39.98957077283275,26.12716845461783,0.5113382639755473,0.6533495596398734,11.290418533728358,42.571459521856056,35.050026774075526,4.253905402198055,2.326954676519415,25.671979070275885,3239.907497445216
1884,188.39999999999358,42.57094671581622,35.07534369543821,7.49562790793984,3239.9043749207667,25.666874128109594,117.8652845468093,118.79143200000001,11.20395817458088,0.1,7.4850342483736085,3193.9931545980417,35.12,25.776340256809068,3239.0694128505684,4.251591227698282,2.3641809131479725,4.252500000000007,2.327000000000001,78.20582187645867,39.989568571724526,26.071610672249715,0.5113374888495621,0.6519602887310018,11.129248670081726,42.605034248373606,35.048858965134194,4.252614598517848,2.32886086785629,25.623197816852784,3239.971942866124
1885,188.49999999999358,42.57095321820553,35.07533799626263,7.495637636321598,3237.3983415323123,25.666872249667204,117.86467108472185,118.79143200000001,11.204045903320244,0.1,7.406152475349543,3193.9931545980417,35.12,25.811322201170597,3238.146190153208,4.251591227698282,2.3641809131479725,4.252500000000007,2.327000000000001,78.20592476912405,39.95842906772485,26.07181481702622,0.5109386428929559,0.6524734686851065,11.248624118794744,42.52615247534954,35.088007065714244,4.252417554466065,2.3274461559371096,25.760567082214546,3237.2753797790024
1886,188.59999999999357,42.570959074437525,35.0753328634276,7.494557117963579,3234.890648196008,25.666870557893645,117.9464916110651,118.79143200000001,11.192191027852157,0.1,7.47774190674464,3193.9931545980417,35.12,25.811322201170597,3238.146190153208,4.251591227698282,2.3641809131479725,4.252500000000007,2.327000000000001,78.19385575949,39.955194484480444,26.04422852181198,0.5109761386799406,0.6518358590878136,11.26455143819052,42.59774190674464,35.09760515328958,4.251617706181061,2.3288888768043776,25.694209545011777,3234.959120257926
1887,188.69999999999357,42.570964348710774,35.07532824066459,7.4934757137045835,3232.6043504594763,25.66695124999638,118.02829581265512,118.79143200000001,11.18032829994478,0.1,7.475618764573653,3193.9931545980417,35.12,25.811322201170597,3238.146190153208,4.251591227698282,2.3641809131479725,4.252500000000007,2.327000000000001,78.18202780334501,39.95464782862955,26.01662395397151,0.5110464508432728,0.6511538799080409,11.19505886711638,42.59561876457365,35.08284905814518,4.253108620088608,2.3282680928274924,25.574657814645583,3232.610365413209
1888,188.79999999999356,42.57071278301129,35.07554873178164,7.49242276911308,3230.5394041500786,25.66711431041732,118.10311827685659,118.79143200000001,11.1695128913894,0.1,7.3984370416281635,3193.9931545980417,35.12,25.811322201170597,3238.146190153208,4.241592351503503,2.3688819115282813,4.252500000000007,2.327000000000001,78.17076837973447,39.95443784720273,25.991456498263144,0.5111173738642794,0.6505273981744394,11.072974783180294,42.51843704162816,35.075699251919175,4.251388314350454,2.326808048189566,25.62085237182805,3230.4279251049957
1889,188.89999999999355,42.570204425842974,35.07599429638909,7.491398831766919,3228.67691760327,25.66732121459552,118.17097615711702,118.79143200000001,11.159744593225865,0.1,7.459191654168642,3193.9931545980417,35.12,25.811322201170597,3238.146190153208,4.241592351503503,2.3688819115282813,4.252500000000007,2.327000000000001,78.15996618354036,39.95434629100866,25.968725668436598,0.5111868420872298,0.649959968792697,11.058683138448446,42.57919165416864,35.06098212516143,4.252580916607543,2.3269389167921655,25.594843208694986,3228.6433380256663
1890,188.99999999999355,42.569559381377005,35.07655966867758,7.490427210046214,3226.9980455694813,25.667533403349857,118.23235785162828,118.79143200000001,11.150934037797862,0.1,7.449946754096814,3193.9931545980417,35.12,25.811322201170597,3238.146190153208,4.241592351503503,2.3688819115282813,4.252500000000007,2.327000000000001,78.14976400544933,39.95431326880111,25.948223505955635,0.511253153189498,0.6494473658296531,11.18684023898848,42.56994675409681,35.09251092098805,4.252874030368979,2.326961962904537,25.63776757106032,3226.959240458829
1891,189.09999999999354,42.56889786171649,35.077139485973056,7.489530988604554,3225.4852643405156,25.667727568534158,118.28774905239067,118.79143200000001,11.142992077016688,0.1,7.426100584393531,3193.9931545980417,35.12,25.789126938346282,3233.76065648596,4.241592351503503,2.3688819115282813,4.252500000000007,2.327000000000001,78.14034864234424,39.9542927238553,25.929742563217843,0.5113144926794463,0.6489851476643986,11.097901916657321,42.54610058439353,35.04600036267696,4.252534086691806,2.3277318293006557,25.759437035857385,3225.4226854154426
1892,189.19999999999354,42.56829253233792,35.077670057084354,7.488721401535114,3224.1223644269485,25.667895685380913,118.33764650651479,118.79143200000001,11.135835814389672,0.1,7.480064147631566,3193.9931545980417,35.12,25.789126938346282,3233.76065648596,4.241592351503503,2.3688819115282813,4.252500000000007,2.327000000000001,78.13182113972942,39.95425723797563,25.913089940084777,0.5113698446439924,0.6485689318597809,11.111213414707056,42.600064147631564,35.072726592565495,4.251601101296553,2.3259638348309157,25.786569835596097,3224.1941776279864
1893,189.29999999999353,42.567768411256466,35.078129452377176,7.48799786337858,3222.8944804718044,25.668039173018702,118.3825573412046,118.79143200000001,11.129388570380378,0.1,7.436289933915901,3193.9931545980417,35.12,25.789126938346282,3233.76065648596,4.241592351503503,2.3688819115282813,4.252500000000007,2.327000000000001,78.12417932656412,39.95419838377689,25.89808720327515,0.5114191115757615,0.6481943888477782,11.047016540978962,42.5562899339159,35.08608652874008,4.253029482896572,2.327086551234026,25.67973035171497,3222.870170594476
1894,189.39999999999353,42.5673210741969,35.07852154839115,7.487352721038448,3221.788119337728,25.668163038239967,118.42297662938371,118.79143200000001,11.123580023916249,0.1,7.471915775525424,3193.9931545980417,35.12,25.789126938346282,3233.76065648596,4.233672496507582,2.3718837655120786,4.252500000000007,2.327000000000001,78.11735302949717,39.95411968919035,25.88457071565312,0.511462794625205,0.6478573653233619,11.122551351182718,42.59191577552542,35.08669877762822,4.25251303502333,2.327502631603637,25.83859678007525,3221.8373059977926
1895,189.49999999999352,42.56693491198308,35.07886002572069,7.486776019835274,3220.791127489682,25.66827223894922,118.45936571566781,118.79143200000001,11.118346345255928,0.1,7.4500905158727235,3193.9931545980417,35.12,25.789126938346282,3233.76065648596,4.233672496507582,2.3718837655120786,4.252500000000007,2.327000000000001,78.11124621632187,39.95402909654086,25.872391945410552,0.5115016214936818,0.6475540147126372,11.103670614535218,42.57009051587272,35.108221493381166,4.252979900159811,2.325734490684506,25.700745348183666,3220.5366046700415
1896,189.5999999999935,42.566594467851914,35.079158431777536,7.486258442255011,3219.892599730577,25.66837027369328,118.49214077773276,118.79143200000001,11.113630041692002,0.1,7.398312466795197,3193.9931545980417,35.12,25.789126938346282,3233.76065648596,4.233672496507582,2.3718837655120786,4.252500000000007,2.327000000000001,78.10576551851989,39.953934131575245,25.861417107017296,0.511536297817882,0.6472808665562484,11.12219070359983,42.518312466795194,35.073463048580365,4.252968856493995,2.3275156421954644,25.753035274533097,3219.7011875757094
1897,189.6999999999935,42.56628883473384,35.07942632637001,7.4857924100222615,3219.082756985462,25.6684591551258,118.52167122210741,118.79143200000001,11.10937952582183,0.1,7.468659598779567,3193.9931545980417,35.12,25.75224518373816,3234.1428212299265,4.233672496507582,2.3718837655120786,4.252500000000007,2.327000000000001,78.10083245930707,39.95383998262298,25.851526156587408,0.5115674023505468,0.6470348323923544,11.193411669549167,42.588659598779564,35.09116853269833,4.253135960110322,2.3273075667573484,25.789825950410588,3219.1588912682037
1898,189.7999999999935,42.56601173797982,35.07966920905478,7.485372047630627,3218.3528197449446,25.668539923105357,118.54828388490428,118.79143200000001,11.105548537401521,0.1,7.462191610388956,3193.9931545980417,35.12,25.75224518373816,3234.1428212299265,4.233672496507582,2.3718837655120786,4.252500000000007,2.327000000000001,78.09638461042064,39.953749458334464,25.84261144653335,0.5115953786803508,0.646813172653124,11.162832032828856,42.58219161038895,35.06823464753303,4.253400039775822,2.3260793694456012,25.599595276584818,3218.182596422756
1899,189.8999999999935,42.565759935726746,35.07988992116517,7.484992707259982,3217.694892875232,25.6686131722735,118.57226917119057,118.79143200000001,11.102095544665783,0.1,7.482111208558244,3193.9931545980417,35.12,25.75224518373816,3234.1428212299265,4.233672496507582,2.3718837655120786,4.252500000000007,2.327000000000001,78.09237189435704,39.95366371713559,25.834576332437287,0.5116205686668693,0.6466134499038991,11.13641462532355,42.60211120855824,35.08914856227175,4.251727292122225,2.325446917102074,25.594350457794842,3217.750494490607
1900,189.9999999999935,42.56553157412014,35.080090087457265,7.4846504887182785,3217.1018670405097,25.66867938893364,118.59388679718649,118.79143200000001,11.098983199417917,0.1,7.424569780930902,3193.9931545980417,35.12,25.75224518373816,3234.1428212299265,4.225334605646927,2.3748853934454788,4.252500000000007,2.327000000000001,78.08875224994864,39.95358305004771,25.827333905045503,0.5116432507739805,0.6464334843934519,11.135065331297401,42.5445697809309,35.0492663989042,4.251990961415463,2.32634479772928,25.857136697822423,3217.005134325959
1901,190.09999999999349,42.56532513706048,35.08027103667046,7.484341922460414,3216.5673356629477,25.668739091208973,118.61337027317444,118.79143200000001,11.096177870705066,0.1,7.4685718401405765,3193.9931545980417,35.12,25.75224518373816,3234.1428212299265,4.225334605646927,2.3748853934454788,4.252500000000007,2.327000000000001,78.08548851983396,39.953507417122836,25.820805905130698,0.5116636672763406,0.6462713181988298,11.182793721944263,42.588571840140574,35.08918305873732,4.252558003987465,2.3242234363659118,25.76403203308429,3216.687375227172
1902,190.19999999999348,42.565139009246906,35.08043418452815,7.4840638193677815,3216.0855240128767,25.66879284437373,118.63093016265933,118.79143200000001,11.093649251994727,0.1,7.416338926755195,3193.9931545980417,35.12,25.75224518373816,3234.1428212299265,4.225334605646927,2.3748853934454788,4.252500000000007,2.327000000000001,78.08254681999611,39.9534367106295,25.814921809391738,0.5116820382759063,0.6461251880873555,11.059882652878391,42.53633892675519,35.06871348081218,4.252885155681811,2.3273012701951763,25.63930799802146,3216.1282822897106
1903,190.29999999999347,42.56497142838046,35.08058107563081,7.483813227127351,3215.6512271178217,25.66884122563466,118.64675649298346,118.79143200000001,11.091370025733424,0.1,7.432013869036169,3193.9931545980417,35.12,25.717647109752857,3231.223201852911,4.225334605646927,2.3748853934454788,4.252500000000007,2.327000000000001,78.07989594574511,39.95337083288727,25.809618049881685,0.5116985665637852,0.6459935047241802,11.12021489210812,42.552013869036166,35.05059980752049,4.252868432478457,2.3266752407804843,25.65716571030957,3215.5982269497545
1904,190.39999999999347,42.56482059496139,35.08071328721197,7.4835874314424276,3215.2597541943405,25.66888478543534,118.66102069105355,118.79143200000001,11.089315569623313,0.1,7.436152610848026,3193.9931545980417,35.12,25.717647109752857,3231.223201852911,4.225334605646927,2.3748853934454788,4.252500000000007,2.327000000000001,78.07750726770165,39.95330968800196,25.804837330513458,0.5117134381738832,0.6458748357026024,11.156734583001901,42.556152610848024,35.05011596874313,4.25255352630508,2.326062437446421,25.709447954307393,3215.4427051678413
1905,190.49999999999346,42.5646847929268,35.08083232339098,7.483383962928694,3214.9068783176904,25.66892402422051,118.67387728615554,118.79143200000001,11.087463693755106,0.1,7.448230372048087,3193.9931545980417,35.12,25.717647109752857,3231.223201852911,4.225334605646927,2.3748853934454788,4.252500000000007,2.327000000000001,78.07535473828533,39.95325315444789,25.80052801536814,0.5117268219705733,0.6457678906804072,11.03721132316274,42.568230372048085,35.05163297646489,4.252978186386044,2.3270436910238006,25.57108816103733,3214.9743518715895
1906,190.59999999999346,42.56456246209015,35.08093955167293,7.48320059381976,3214.5887906990833,25.668959385766826,118.68546548932312,118.79143200000001,11.085794402518744,0.1,7.455676245321577,3193.9931545980417,35.12,25.717647109752857,3231.223201852911,4.217608447634201,2.378091430367837,4.252500000000007,2.327000000000001,78.07341483479334,39.95320106862095,25.796643574661125,0.5117388697953538,0.6456715077811797,11.098178448106804,42.575676245321574,35.10074125310099,4.253916576885907,2.32664837251442,25.74174627334615,3214.731566068517
1907,190.69999999999345,42.564452218933354,35.08103618471985,7.483035323326684,3214.3020592365074,25.668991261022573,118.69591067486364,118.79143200000001,11.0842896783104,0.1,7.445145211908198,3193.9931545980417,35.12,25.717647109752857,3231.223201852911,4.217608447634201,2.378091430367837,4.252500000000007,2.347000000000001,78.07166640773316,39.95315322470808,26.01482787499452,0.5117497174461572,0.6511332842411613,11.073770892373826,42.565145211908195,35.10132683698672,4.253376382419313,2.3469484905091775,25.621426713194737,3214.1563486123737
1908,190.79999999999345,42.56435284463603,35.081123290840466,7.482886356409468,3214.0435910743627,25.6690199959976,118.70532575495733,119.72375200000002,11.058960593302857,0.1,7.396185550896789,3193.9931545980417,35.12,25.717647109752857,3231.223201852911,4.217608447634201,2.378091430367837,4.252500000000007,2.347000000000001,78.070090467889,39.95310938524332,25.955380512481813,0.5117594861975526,0.649646070402431,11.00965517467287,42.516185550896786,35.0635356701552,4.252781945635145,2.347234448662687,25.72750954257504,3214.0851117129832
1909,190.89999999999344,42.56426326047789,35.08120181554864,7.482752081062346,3211.287863393028,25.66904589956028,118.713812434494,119.72375200000002,11.057737900944163,0.1,7.460161602709313,3193.9931545980417,35.12,25.72374961594445,3226.2355809848355,4.217608447634201,2.378091430367837,4.252500000000007,2.347000000000001,78.0686699564892,39.921707451280945,25.95251085351596,0.5113665632260792,0.6500851920020579,11.101049550250252,42.58016160270931,35.1013440592883,4.252266356108947,2.3462936682729167,25.588420626571125,3211.2374526713625
1910,190.99999999999343,42.56418250353087,35.08127260286838,7.48154659926191,3208.5550995520657,25.669069249465153,118.80330750106076,119.72375200000002,11.044701838201867,0.1,7.420766058212088,3193.9931545980417,35.12,25.72374961594445,3226.2355809848355,4.217608447634201,2.378091430367837,4.252500000000007,2.347000000000001,78.05528076252334,39.9178048641689,25.92191521425979,0.5114042826341947,0.6493822819783327,11.020849524923543,42.540766058212085,35.073656181503814,4.251650849491663,2.346202600932217,25.643127430822542,3208.554296197622
1911,191.09999999999343,42.564109707867445,35.081336411804166,7.480351972567616,3206.0644976089147,25.669172147577765,118.89202334478051,119.72375200000002,11.03177440668098,0.1,7.447889706113202,3193.9931545980417,35.12,25.72374961594445,3226.2355809848355,4.217608447634201,2.378091430367837,4.252500000000007,2.347000000000001,78.04225460174378,39.91660445830928,25.89157453248027,0.5114742604760343,0.6486417089790945,11.138919652362054,42.5678897061132,35.087284671086294,4.252975905475544,2.3471509038884633,25.68452110948558,3205.922886079794
1912,191.19999999999342,42.56378891271157,35.0816176050357,7.479197478354119,3203.813949088878,25.669354902189195,118.97314380138762,119.72375200000002,11.019992530185377,0.1,7.484537695101601,3193.9931545980417,35.12,25.72374961594445,3226.2355809848355,4.213717765323507,2.3776994759374706,4.252500000000007,2.347000000000001,78.02991919867199,39.91580048110834,25.863922468345088,0.5115448137204746,0.6479620139545031,11.016102278328125,42.6045376951016,35.13195221186208,4.252181346477442,2.347345982012698,25.705429703246754,3204.023031392766
1913,191.29999999999342,42.56321915693498,35.0821170276626,7.478083050237993,3201.7829018718394,25.669579358369102,119.04674669608285,119.72375200000002,11.009346234504385,0.1,7.466771154763293,3193.9931545980417,35.12,25.72374961594445,3226.2355809848355,4.213717765323507,2.3776994759374706,4.252500000000007,2.347000000000001,78.018157736147,39.915174300656595,25.8389356123818,0.5116139044919191,0.6473461801206954,11.080613988663869,42.58677115476329,35.03808190551512,4.251996091122803,2.346640269288754,25.74850525390362,3201.8083464738797
1914,191.3999999999934,42.56251939234849,35.08273041510747,7.477030569190878,3199.9510144224573,25.66980722986863,119.11337174198958,119.72375200000002,10.99973829714061,0.1,7.415058626750046,3193.9931545980417,35.12,25.72374961594445,3226.2355809848355,4.213717765323507,2.3776994759374706,4.252500000000007,2.347000000000001,78.00709814516634,39.914662916610894,25.81638578338902,0.5116798838271384,0.6467895228709364,11.045670628700002,42.53505862675004,35.10369572476346,4.252287865134183,2.34566695664375,25.622916564929465,3199.824652556007
1915,191.4999999999934,42.56180898016156,35.083353141326924,7.476061601070339,3198.2994055982276,25.670015426663593,119.17354983699437,119.72375200000002,10.991072491775036,0.1,7.436040253581112,3193.9931545980417,35.12,25.63058859157911,3219.5811486841744,4.213717765323507,2.3776994759374706,4.252500000000007,2.347000000000001,77.99691109158034,39.914216692082626,25.79604713819602,0.5117409924761919,0.6462871947907453,10.967988330281269,42.55604025358111,35.11736920405003,4.252122180030903,2.347422685877702,25.773580002142413,3198.309720772486
1916,191.5999999999934,42.56115990583359,35.08392210543396,7.475186149458397,3196.810630796611,25.670196136921046,119.22781602229381,119.72375200000002,10.983259500526218,0.1,7.43101695393927,3193.9931545980417,35.12,25.63058859157911,3219.5811486841744,4.213717765323507,2.3776994759374706,4.252500000000007,2.347000000000001,77.98768459338378,39.913803692034016,25.777710047735045,0.5117962393695706,0.6458344648540664,10.991033943943892,42.55101695393927,35.04269671434624,4.2521569662143985,2.346755027026897,25.726491501271617,3196.652367479967
1917,191.6999999999934,42.560596523534954,35.08441595755664,7.474402745835942,3195.4686931662845,25.670350989699383,119.2767104589495,119.72375200000002,10.976216801113472,0.1,7.446156342524418,3193.9931545980417,35.12,25.63058859157911,3219.5811486841744,4.213717765323507,2.3776994759374706,4.252500000000007,2.347000000000001,77.97940725460141,39.913410401150145,25.761180832213327,0.5118455218675048,0.6454267017851973,10.923787440240964,42.566156342524415,35.087385231355064,4.251212154025533,2.34599698415725,25.544436774681998,3195.4255006280855
1918,191.7999999999934,42.56011375451321,35.084839148105985,7.47370311794851,3194.259057460826,25.67048517450777,119.32075800994926,119.72375200000002,10.969868719892068,0.1,7.381856465834197,3193.9931545980417,35.12,25.63058859157911,3219.5811486841744,4.201650792667153,2.3753806111637044,4.252500000000007,2.347000000000001,77.97200251128531,39.913035286708514,25.746281885586694,0.5118893192583028,0.6450594824633769,10.966499616317137,42.501856465834194,35.03024550497686,4.2538843248664655,2.3470926704598516,25.543201371200514,3194.079378286055
1919,191.89999999999338,42.55969541995458,35.08520585810679,7.473076849584192,3193.1686086441346,25.670603785987463,119.36044780301657,119.72375200000002,10.964146497388557,0.1,7.40128300853759,3193.9931545980417,35.12,25.63058859157911,3219.5811486841744,4.201650792667153,2.3753806111637044,4.252500000000007,2.347000000000001,77.96536955752418,39.912681650392116,25.73285182937095,0.5119283327573257,0.6447287119109959,11.037581458190266,42.52128300853759,35.05996351338364,4.252935395511793,2.348035589088664,25.62583707462473,3193.1209539021306
1920,191.99999999999338,42.55932563680548,35.0855300097787,7.472514240108692,3192.185555195497,25.670710413491495,119.39622226715666,119.72375200000002,10.958988092482318,0.1,7.434437893579641,3193.9931545980417,35.12,25.63058859157911,3219.5811486841744,4.201650792667153,2.3753806111637044,4.252500000000007,2.347000000000001,77.95941099533165,39.91235293799543,25.72074505305601,0.5119632438011295,0.6444306877375447,11.036033279651765,42.55443789357964,35.12059307946692,4.252640200307006,2.3468449306058736,25.690936836731886,3192.2431834918466
1921,192.09999999999337,42.55899321489892,35.08582141188772,7.472007361886126,3191.2993027489892,25.670807128931923,119.42847560433118,119.72375200000002,10.95433772498691,0.1,7.481280445247975,3193.9931545980417,35.12,25.46914400434809,3210.542376779945,4.201650792667153,2.3753806111637044,4.252500000000007,2.347000000000001,77.9540446094498,39.91205080666853,25.709830640544286,0.5119946117822126,0.6441621044501344,10.964467436402064,42.60128044524797,35.1332950772735,4.251163803673965,2.3475677633248297,25.673281027080808,3191.4576504277766
1922,192.19999999999337,42.55869169484184,35.08608572638326,7.4715500048764465,3190.5003235974305,25.67089501763648,119.45755794886482,119.72375200000002,10.950145277897004,0.1,7.453732978916413,3193.9931545980417,35.12,25.46914400434809,3210.542376779945,4.201650792667153,2.3753806111637044,4.252500000000007,2.347000000000001,77.94920436384339,39.91177501332206,25.699990967224277,0.5120228659041332,0.6439200200603942,11.003731043189237,42.57373297891641,35.04817272477852,4.253656786184294,2.3466854276333935,25.671556076452376,3190.401391571077
1923,192.29999999999336,42.55841769301652,35.08632591907671,7.471137197363503,3189.780037451143,25.670974718764594,119.48378147567132,119.72375200000002,10.946365680072423,0.1,7.439866718010002,3193.9931545980417,35.12,25.46914400434809,3210.542376779945,4.201650792667153,2.3753806111637044,4.252500000000007,2.347000000000001,77.94483669266627,39.91152406900205,25.691120251129988,0.5120483378055146,0.6437018091995997,11.046497392577814,42.55986671801,35.0874090257215,4.2520189383211155,2.34718784603731,25.763598166635454,3190.0168654490863
1924,192.39999999999336,42.558169216779504,35.08654373649953,7.4707647282967695,3189.1307087247715,25.671046767489845,119.50742614934028,119.72375200000002,10.942958342163454,0.1,7.397729232264481,3193.9931545980417,35.12,25.46914400434809,3210.542376779945,4.199532342904146,2.373323800172781,4.252500000000007,2.347000000000001,77.94089620631338,39.911295958299846,25.683123229057635,0.512071298906452,0.6435051183477454,10.90649548561314,42.51772923226448,35.11509854612626,4.252023788296082,2.349004623356869,25.777082691704916,3188.995663567525
1925,192.49999999999335,42.55794459767367,35.08674064104038,7.470428834430086,3188.5453593803754,25.671111734601638,119.52874424245505,119.72375200000002,10.939886670722661,0.1,7.36674947703488,3193.9931545980417,35.12,25.46914400434809,3210.542376779945,4.199532342904146,2.373323800172781,4.252500000000007,2.347000000000001,77.93734262208686,39.91108862505231,25.675914016186095,0.5120919867460532,0.6433278294511177,10.892806246475944,42.48674947703488,35.06357598124721,4.250427160005489,2.348210786461357,25.58816620331642,3188.6867491946637
1926,192.59999999999334,42.55774205620594,35.08691819246009,7.470126053494792,3188.0176939964977,25.67117023862116,119.54796364585305,119.72375200000002,10.937117655906215,0.1,7.451951381981125,3193.9931545980417,35.12,25.46914400434809,3210.542376779945,4.199532342904146,2.373323800172781,4.252500000000007,2.347000000000001,77.93413916165748,39.91090019414579,25.669415138411896,0.5121106183178501,0.6431680321301582,10.946077180100708,42.57195138198112,35.070976835886675,4.250989048897494,2.3460172899786333,25.60979271831136,3188.2624272647236
1927,192.69999999999334,42.55755966407469,35.087078081000904,7.469853182336482,3187.54203379436,25.671222907354398,119.56529033962767,119.72375200000002,10.934621517010575,0.1,7.425965210759891,3193.9931545980417,35.12,25.497782749812263,3202.385959018988,4.199532342904146,2.373323800172781,4.252500000000007,2.347000000000001,77.9312519670758,39.910729014643394,25.66355670042383,0.5121273944309888,0.643024002167632,10.92485340288143,42.54596521075989,35.1085336312785,4.252779215565881,2.3487246505480757,25.725979649523545,3187.6070778930684
1928,192.79999999999333,42.55739546403193,35.087222022309675,7.4696072782351095,3187.113257350269,25.671270337254935,119.58091039675752,119.72375200000002,10.9323713903812,0.1,7.462317977876509,3193.9931545980417,35.12,25.497782749812263,3202.385959018988,4.199532342904146,2.373323800172781,4.252500000000007,2.347000000000001,77.92864999235235,39.910573622164534,25.658275653224685,0.5121424999160286,0.6428941837853023,10.929370321277236,42.58231797787651,35.07985946740268,4.252378569007674,2.3467900701352424,25.661664778980455,3186.9509195602036
1929,192.89999999999333,42.557247596574015,35.08735164637407,7.469385664696508,3186.726746729576,25.671313069664826,119.59499176042388,119.72375200000002,10.930343048950569,0.1,7.388173974143328,3193.9931545980417,35.12,25.497782749812263,3202.385959018988,4.199532342904146,2.373323800172781,4.252500000000007,2.347000000000001,77.92630499620252,39.91043268679188,25.653515135886995,0.5121561029839254,0.6427771740088619,10.829177953708223,42.508173974143325,35.050758607258985,4.253717940688874,2.34642686524905,25.704198790289084,3187.0203479499523
1930,192.99999999999332,42.55711437401294,35.08746843258521,7.4691859263981435,3186.3783384298267,25.67135158456342,119.60768590255822,119.72375200000002,10.928514647423071,0.1,7.393262423554219,3193.9931545980417,35.12,25.497782749812263,3202.385959018988,4.189583843694646,2.3713491703580107,4.252500000000007,2.347000000000001,77.9241914668072,39.910304976001484,25.649223877501957,0.5121683552276803,0.6426717082950161,10.828780769913976,42.51326242355422,35.064888691367784,4.25302487069017,2.3480092233244565,25.702578629931757,3186.324277052292
1931,193.09999999999332,42.55699429996508,35.087573692649144,7.469005892610095,3186.064278811723,25.671386305189614,119.61912938641231,119.72375200000002,10.926866490209921,0.1,7.404652642594947,3193.9931545980417,35.12,25.497782749812263,3202.385959018988,4.189583843694646,2.3713491703580107,4.252500000000007,2.347000000000001,77.92228645085719,39.91018933721983,25.645355652522696,0.5121793925078132,0.6425766471773187,10.954131862356062,42.524652642594944,35.03967072228961,4.250994020189954,2.3452219921842796,25.591283369006202,3186.001744857293
1932,193.1999999999933,42.55688605494086,35.08766858321563,7.468843614150788,3185.7811837581926,25.6714176066762,119.62944532127949,119.72375200000002,10.925380820593814,0.1,7.434403610559251,3193.9931545980417,35.12,25.497782749812263,3202.385959018988,4.189583843694646,2.3713491703580107,4.252500000000007,2.347000000000001,77.92056932255086,39.91008469363335,25.641868785933692,0.5121893364052083,0.6424909639448649,10.875488103033097,42.55440361055925,35.08174994741588,4.252986871533785,2.3458679007632095,25.61474164753129,3185.8061496379687
1933,193.2999999999933,42.55678846942628,35.0877541294727,7.46869733910533,3185.5260022697444,25.671445824382705,119.63874469448282,119.72375200000002,10.924041629894802,0.1,7.430376068727767,3193.9931545980417,35.12,25.684128397277895,3193.97740461671,4.189583843694646,2.3713491703580107,4.252500000000007,2.347000000000001,77.9190215378333,39.909990045324314,25.63872570536311,0.512198295841615,0.642413733409759,10.963808486765313,42.550376068727765,35.09123058523741,4.250672856715522,2.3467061323507807,25.583634761860235,3185.595292482463
1934,193.3999999999933,42.55670049790449,35.08783124791773,7.468565490522273,3185.2959836640084,25.67147126024833,119.64712757537971,119.72375200000002,10.922834485256883,0.1,7.414522089545571,3193.9931545980417,35.12,25.684128397277895,3193.97740461671,4.189583843694646,2.3713491703580107,4.252500000000007,2.347000000000001,77.91762640469827,39.90990447039365,25.635892536897916,0.5122063685962996,0.6423441217684543,10.894524922776965,42.53452208954557,35.080331552373316,4.2523676494434195,2.346814238619319,25.66635528600428,3185.384920572447
1935,193.4999999999933,42.5566211990498,35.087900763718196,7.468446647235668,3185.088648033156,25.67149418714885,119.65468419639765,119.72375200000002,10.921746374484336,0.1,7.398756450870948,3193.9931545980417,35.12,25.684128397277895,3193.97740461671,4.189583843694646,2.3713491703580107,4.252500000000007,2.347000000000001,77.91636888231561,39.909827123874315,25.633338740914745,0.5122136426063933,0.6422813775001475,10.911660535164806,42.518756450870946,35.07615809627915,4.250208909011282,2.346209764881567,25.670956628596972,3185.308983383445
1936,193.5999999999933,42.55654972214475,35.08796342261749,7.468339527664821,3184.9017596264575,25.6715148518957,119.6614959222388,119.72375200000002,10.92076556628953,0.1,7.448988297588912,3193.9931545980417,35.12,25.684128397277895,3193.97740461671,4.185626508711198,2.3693919263263212,4.252500000000007,2.347000000000001,77.91523540927719,39.909757234363695,25.631036784081537,0.5122201970477744,0.6422248232072011,10.875974232129337,42.56898829758891,35.14191831082871,4.252623243714829,2.345898007868509,25.62874422852163,3184.896649041325
1937,193.69999999999328,42.556485297729964,35.08801989913033,7.4682429759458095,3184.7333028553826,25.67153347753408,119.66763612017893,119.72375200000002,10.919881484378232,0.1,7.477732667222682,3193.9931545980417,35.12,25.684128397277895,3193.97740461671,4.185626508711198,2.3693919263263212,4.252500000000007,2.347000000000001,77.914213755744,39.909694099204685,25.628961843835718,0.5122261032411748,0.6421738482918227,10.892691368545515,42.59773266722268,35.046634727792195,4.254051966316152,2.347913356095328,25.697360617225684,3184.8445314311452
1938,193.79999999999328,42.55642723043975,35.088070802822386,7.46815594975055,3184.5814606536146,25.67155026536344,119.67317094346339,119.72375200000002,10.919084593940918,0.1,7.44279743415634,3193.9931545980417,35.12,25.684128397277895,3193.97740461671,4.185626508711198,2.3693919263263212,4.252500000000007,2.347000000000001,77.91329289358787,39.90963707911701,25.627091541979343,0.5122314254337145,0.64212790237045,10.954102697999243,42.56279743415634,35.10529604566464,4.25361911723807,2.3472758874421036,25.694099370518323,3184.687321624195
1939,193.89999999999327,42.55637489270295,35.08811668383156,7.468077509347012,3184.444594956832,25.671565396862686,119.67816003786618,119.72375200000002,10.91836629928409,0.1,7.4245370704496025,3193.9931545980417,35.12,25.600114255846748,3187.9888408259826,4.185626508711198,2.3693919263263212,4.252500000000007,2.347000000000001,77.9124628800976,39.909585592893116,25.62540570441977,0.5122362214927214,0.6420864893416234,10.902016341710446,42.5445370704496,35.11281483557698,4.254520466549765,2.3470854170892155,25.712393261558976,3184.3651471118915
1940,193.99999999999326,42.55632771874089,35.08815803812892,7.468006807656,3184.3212290943457,25.67157903554889,119.68265717959666,119.72375200000002,10.917718851489226,0.1,7.486546315536835,3193.9931545980417,35.12,25.600114255846748,3187.9888408259826,4.185626508711198,2.3693919263263212,4.252500000000007,2.347000000000001,77.91171475260671,39.909539112448535,25.623886144445223,0.5122405435328102,0.64204916203737,10.953146841155693,42.60654631553683,35.091691412757456,4.251358772086957,2.3459721384763816,25.737801767272895,3184.1921998946036
1941,194.09999999999326,42.556285198772784,35.088195312598,7.467943081191026,3184.210031906826,25.67159132873641,119.68671085133326,119.72375200000002,10.917135265115826,0.1,7.391229306546791,3193.9931545980417,35.12,25.600114255846748,3187.9888408259826,4.185626508711198,2.3693919263263212,4.252500000000007,2.347000000000001,77.91104043267622,39.90949715829416,25.622516467226852,0.5122444384859729,0.6420155173992683,10.922358781907498,42.51122930654679,35.07999009396271,4.2502714245625155,2.3477184212091955,25.63367841452442,3184.139443279118
1942,194.19999999999325,42.556246873531364,35.08822890984211,7.467885641825457,3184.109803422705,25.671602409159085,119.6903647622371,119.72375200000002,10.916609243069782,0.1,7.425359575588729,3193.9931545980417,35.12,25.600114255846748,3187.9888408259826,4.178858954897017,2.367418741268577,4.252500000000007,2.347000000000001,77.9104326390964,39.90945929539351,25.621281893484788,0.5122479486189692,0.6419851921281752,10.954890451903516,42.545359575588726,35.09995303396769,4.252565292983655,2.346300931054939,25.53876922241049,3184.083994491127
1943,194.29999999999325,42.556212329205636,35.088259192617365,7.46783386934254,3184.0194619416657,25.671612396437055,119.69365831719556,119.72375200000002,10.916135108845122,0.1,7.458322797359941,3193.9931545980417,35.12,25.600114255846748,3187.9888408259826,4.178858954897017,2.367418741268577,4.252500000000007,2.347000000000001,77.90988480915692,39.90942512934486,25.62016910045951,0.5122511120007999,0.6419578587620733,10.92313434506261,42.57832279735994,35.108771286458136,4.253364752835043,2.3472229838565952,25.68219342729331,3184.1067633710463
1944,194.39999999999324,42.55618119286784,35.0882864878413,7.467787204716284,3183.9380323878404,25.67162139838958,119.69662704010412,119.72375200000002,10.91570774542201,0.1,7.39434649197635,3193.9931545980417,35.12,25.600114255846748,3187.9888408259826,4.178858954897017,2.367418741268577,4.252500000000007,2.347000000000001,77.9093910276084,39.90939430284227,25.619166078505465,0.512253962923414,0.6419332221406556,10.90154154523441,42.51434649197635,35.11863114797042,4.254296596027622,2.346285349203944,25.56588133572123,3183.870548562782
1945,194.49999999999324,42.55615312838066,35.08831109018056,7.4677451440620874,3183.864635808359,25.671629512207275,119.69930295560785,119.72375200000002,10.915322540171166,0.1,7.4444908050706715,3193.9931545980417,35.12,25.614128264397735,3186.673624819338,4.178858954897017,2.367418741268577,4.252500000000007,2.347000000000001,77.9089459626747,39.909366492389765,25.618262001781737,0.5122565322794881,0.6419110162188826,10.91136474729204,42.56449080507067,35.048613928295,4.253810543285717,2.3469342702269826,25.629770897039375,3183.789721713786
1946,194.59999999999323,42.556127832742604,35.088333265254434,7.467707233192474,3183.7984799048345,25.671636825501253,119.70171493335026,119.72375200000002,10.914975335176393,0.1,7.381139364271114,3193.9931545980417,35.12,25.614128264397735,3186.673624819338,4.178858954897017,2.367418741268577,4.252500000000007,2.347000000000001,77.90854480844732,39.90934140525732,25.617447111659004,0.5122588479014963,0.6418910011951331,10.879634205590373,42.50113936427111,35.07752438645628,4.252191143018857,2.3462478915599725,25.644675944820587,3183.8665660849624
1947,194.69999999999322,42.5561050328173,35.088353252501996,7.46767306271545,3183.738850496345,25.67164341724552,119.70388899840745,119.72375200000002,10.914662382443453,0.1,7.391529894702181,3193.9931545980417,35.12,25.614128264397735,3186.673624819338,4.178858954897017,2.367418741268577,4.252500000000007,2.347000000000001,77.90818323301409,39.909318776672244,25.616712611594792,0.5122609348662159,0.641872960922807,10.76852784692724,42.51152989470218,35.10191755061248,4.253173713030135,2.345669028050855,25.71406246763123,3183.7630610131932
1948,194.79999999999322,42.55608448239538,35.08837126775758,7.467642263618677,3183.6851038224063,25.67164935862609,119.70584861123164,119.72375200000002,10.9143803035154,0.1,7.438231009957441,3193.9931545980417,35.12,25.614128264397735,3186.673624819338,4.169648004030623,2.3654913823134356,4.252500000000007,2.347000000000001,77.90785733172888,39.90929836723877,25.616050572350655,0.5122628157684583,0.6418567005772938,10.966536277384728,42.55823100995744,35.028731519314434,4.250414456731803,2.3464840182752926,25.713874116857564,3183.7415375680953
1949,194.8999999999932,42.5560659595473,35.088387505571326,7.467614503289254,3183.6366596034372,25.671654713807236,119.70761492009919,119.72375200000002,10.914126053061555,0.1,7.421794640016543,3193.9931545980417,35.12,25.614128264397735,3186.673624819338,4.169648004030623,2.3654913823134356,4.252500000000007,2.347000000000001,77.90756358509334,39.90927996057631,25.615453846535477,0.5122645109673596,0.6418420445530276,10.918213832547288,42.54179464001654,35.094004265781805,4.252136208030633,2.3473602194291305,25.54419507302886,3183.474160741887
1950,194.9999999999932,42.556049264234574,35.08840214130323,7.4675894819252635,3183.5929947843156,25.6716595406232,119.7092069887592,119.72375200000002,10.913896886049784,0.1,7.403311216518354,3193.9931545980417,35.12,25.614128264397735,3186.673624819338,4.169648004030623,2.3654913823134356,4.252500000000007,2.347000000000001,77.90729882078676,39.90926336116314,25.614915991558853,0.5122660388080967,0.6418288345679031,10.873948245308247,42.52331121651835,35.10910678549046,4.253414542444924,2.3491915661044036,25.550925849809648,3183.6270219141948
1951,195.0999999999932,42.55603421615312,35.08841533301354,7.467566929300294,3183.5536378939205,25.671663891202414,119.7106420017123,119.72375200000002,10.913690328150194,0.1,7.423059420952207,3193.9931545980417,35.12,25.63371506405214,3185.1603660879914,4.169648004030623,2.3654913823134356,4.252500000000007,2.347000000000001,77.90706017943228,39.90924839237145,25.614431200168514,0.5122674158215461,0.6418169279545902,10.919870031583416,42.543059420952204,35.15663574672339,4.252428843678187,2.3464191160143284,25.896413244729413,3183.696190435329
1952,195.1999999999932,42.55602065278735,35.08842722316874,7.467546601846433,3183.5181639601333,25.67166781253045,119.7119354493094,119.72375200000002,10.913504149052741,0.1,7.44025348586657,3193.9931545980417,35.12,25.63371506405214,3185.1603660879914,4.169648004030623,2.3654913823134356,4.252500000000007,2.347000000000001,77.90684508373273,39.90923489467902,25.613994237826795,0.5122686569040931,0.641806196120333,10.90135852663175,42.56025348586657,35.07371640236777,4.252377587327052,2.345698135980006,25.812546376935213,3183.2858207471995
1953,195.2999999999932,42.55600842765507,35.08843794018003,7.46752828002467,3183.4861899256907,25.67167134695752,119.71310129464749,119.72375200000002,10.91333633841249,0.1,7.417903029462707,3193.9931545980417,35.12,25.63371506405214,3185.1603660879914,4.169648004030623,2.3654913823134356,4.252500000000007,2.347000000000001,77.90665121064794,39.90922272404292,25.613600386254124,0.5122697754795589,0.6417965231586298,10.939708548440162,42.537903029462704,35.09169024918061,4.253305846983174,2.3481084039411133,25.850423808832883,3183.623511384642
1954,195.39999999999318,42.55599740872523,35.08844759979021,7.46751176595455,3183.4573705156367,25.671674532655842,119.71415212404668,119.72375200000002,10.913185084164132,0.1,7.377006345718115,3193.9931545980417,35.12,25.63371506405214,3185.1603660879914,4.165988808657372,2.363554679847719,4.252500000000007,2.347000000000001,77.90647646631406,39.909211750422195,25.613245392533226,0.5122707836450352,0.6417878045978261,10.943338221649128,42.49700634571811,35.050802445331,4.25197961911004,2.3458057425086185,25.661050796495218,3183.55553174443
1955,195.49999999999318,42.55598747699216,35.0884563063238,7.467496881277631,3183.431394511944,25.67167740403182,119.71509928271921,119.72375200000002,10.913048752972845,0.1,7.443009350325298,3193.9931545980417,35.12,25.63371506405214,3185.1603660879914,4.165988808657372,2.363554679847719,4.252500000000007,2.347000000000001,77.90631896343685,39.90920185643649,25.612925423227278,0.5122716923022221,0.6417799462731292,10.86788557984739,42.563009350325295,35.13333042093193,4.2529726300627075,2.347024301057114,25.688586568356538,3183.357918454676
1956,195.59999999999317,42.55597852519041,35.08846415381336,7.467483465231733,3183.40798139524,25.671679992097516,119.71595299708426,119.72375200000002,10.912925872611252,0.1,7.396724824376335,3193.9931545980417,35.12,25.63371506405214,3185.1603660879914,4.165988808657372,2.363554679847719,4.252500000000007,2.347000000000001,77.90617700091488,39.909192936149395,25.612637023018618,0.5122725112757198,0.6417728633098696,10.910169298461101,42.51672482437633,35.060263297050575,4.252024938452567,2.347882856553157,25.523413850583577,3183.509820263651
1957,195.69999999999317,42.555970456636786,35.08847122701481,7.467471372915131,3183.3868783175,25.67168232480547,119.71672248504063,119.72375200000002,10.912815116073002,0.1,7.443190083516363,3193.9931545980417,35.12,25.565586989110297,3180.6854257856335,4.165988808657372,2.363554679847719,4.252500000000007,2.347000000000001,77.90604904547257,39.90918489396548,25.612377077423346,0.512273249419581,0.6417664792070483,10.848695498893633,42.56319008351636,35.12581241190757,4.2525977887797985,2.3454100016899977,25.80721498396918,3183.443817847261
1958,195.79999999999316,42.55596318418647,35.088477602322385,7.467460473721972,3183.3678573731218,25.67168442735048,119.71741605538037,119.72375200000002,10.912715287251983,0.1,7.421058136869206,3193.9931545980417,35.12,25.565586989110297,3180.6854257856335,4.165988808657372,2.363554679847719,4.252500000000007,2.347000000000001,77.90593371510492,39.90917764363113,25.612142779180413,0.5122739147132932,0.6417607250112732,10.81738666059866,42.541058136869204,35.10385203326456,4.25245847886867,2.3459645990705265,25.686170316184462,3183.290307609406
1959,195.89999999999316,42.55595662929214,35.088483348593485,7.46745064993201,3183.3507131390047,25.67168632244164,119.7180411974114,119.72375200000002,10.91262530803306,0.1,7.466472900198774,3193.9931545980417,35.12,25.565586989110297,3180.6854257856335,4.165988808657372,2.363554679847719,4.252500000000007,2.347000000000001,77.90582976415503,39.90917110732997,25.611931597953603,0.5122745143482501,0.6417555385721744,10.88032439205691,42.58647290019877,35.08752388076955,4.253405127816651,2.347023000908659,25.686294680514706,3183.20957281016
1960,195.99999999999315,42.55595072115595,35.08848852789207,7.4674417954394325,3183.3352604571314,25.671688030547546,119.71860466175156,119.72375200000002,10.912544206655326,0.1,7.351804564417684,3193.9931545980417,35.12,25.565586989110297,3180.6854257856335,4.1643986015718575,2.3615459507409273,4.252500000000007,2.347000000000001,77.90573606986344,39.909165214864224,25.61174125302006,0.5122750548056555,0.6417508638712627,10.9966057153797,42.47180456441768,35.10350674927815,4.252883502167822,2.3463762703704707,25.79768812983353,3183.2495610140295
1961,196.09999999999314,42.55594539596497,35.088493196158865,7.467433814607059,3183.3213324357694,25.671689570117326,119.71911253316274,119.72375200000002,10.912471107222533,0.1,7.453596564334532,3193.9931545980417,35.12,25.565586989110297,3180.6854257856335,4.1643986015718575,2.3615459507409273,4.252500000000007,2.347000000000001,77.90565162024399,39.909159902914254,25.611569688651294,0.5122755419267138,0.6417466504169906,10.837083051537109,42.57359656433453,35.082615218844026,4.252236730416667,2.347862249401813,25.776697256048926,3183.29182018094
1962,196.19999999999314,42.555940596202234,35.088497403815374,7.46742662123356,3183.3087786477536,25.671690957779866,119.71957029620829,119.72375200000002,10.912405220247713,0.1,7.463814994754074,3193.9931545980417,35.12,25.565586989110297,3180.6854257856335,4.1643986015718575,2.3615459507409273,4.252500000000007,2.347000000000001,77.90557550315567,39.909155114369014,25.61141505192139,0.512275980975873,0.6417428526994845,10.809053759210796,42.58381499475407,35.14194397401718,4.251633787475983,2.345269365787462,25.730483331548715,3183.1399280251253
1963,196.29999999999313,42.5559362700255,35.08850119630839,7.46742013762255,3183.2974635064265,25.67169220852339,119.71998289443977,119.72375200000002,10.912345834130088,0.1,7.447544713624502,3193.9931545980417,35.12,25.64836105207706,3177.0492318255483,4.1643986015718575,2.3615459507409273,4.252500000000007,2.347000000000001,77.90550689645234,39.909150797720834,25.611275672703325,0.5122763766978098,0.6417394296990643,10.852725190199275,42.5675447136245,35.12768341259851,4.251033218058117,2.3472509851637002,25.720826083288845,3183.4204303700963
1964,196.39999999999313,42.55593237070748,35.08850461460081,7.467414293743516,3183.287264801732,25.671693335857327,119.7203547837505,119.72375200000002,10.9122923074724,0.1,7.5047500693584155,3193.9931545980417,35.12,25.64836105207706,3177.0492318255483,4.1643986015718575,2.3615459507409273,4.252500000000007,2.347000000000001,77.9054450591041,39.90914690651854,25.611150045637732,0.5122767333687765,0.6417363444432472,10.932804769172419,42.62475006935841,35.097543128061986,4.253888055414595,2.348142569921222,25.696549952975865,3183.1386132888615
1965,196.49999999999312,42.5559288561312,35.08850769561395,7.467409026475487,3183.2780723806763,25.671694351958212,119.72068998046976,119.72375200000002,10.912244062155859,0.1,7.408852757269543,3193.9931545980417,35.12,25.64836105207706,3177.0492318255483,4.1643986015718575,2.3615459507409273,4.252500000000007,2.347000000000001,77.90538932319441,39.9091433988734,25.61103681387981,0.5122770548428724,0.6417335636074512,10.990319427346707,42.52885275726954,35.066438414554455,4.251350123743644,2.3456492147937484,25.665612883006776,3183.239436549266
1966,196.59999999999312,42.55592568833508,35.088510472626325,7.467404278925359,3183.269786957926,25.671695267801176,119.72099210471596,119.72375200000002,10.91220057709801,0.1,7.441007616603827,3193.9931545980417,35.12,25.64836105207706,3177.0492318255483,4.16097896510364,2.359603640955883,4.252500000000007,2.347000000000001,77.90533908670687,39.90914023701291,25.61093475444904,0.5122773445937376,0.6417310571550902,10.953226055863126,42.561007616603824,35.09664735946402,4.253407103375778,2.348654803946249,25.71852603994858,3183.225513619345
1967,196.6999999999931,42.555922833103054,35.08851297563305,7.467399999813441,3183.2623190437116,25.671696093278484,119.72126441947552,119.72375200000002,10.912161382626238,0.1,7.367697263857693,3193.9931545980417,35.12,25.64836105207706,3177.0492318255483,4.16097896510364,2.359603640955883,4.252500000000007,2.347000000000001,77.90529380702344,39.90913738687778,25.61084276502379,0.5122776057521246,0.6417287980131762,10.956486964291889,42.48769726385769,35.06820219242667,4.252267489890962,2.345507012837496,25.560519503783336,3183.1306083847935
1968,196.7999999999931,42.555920259595,35.08851523166974,7.4673961429196165,3183.2555879774764,25.671696837306367,119.72150986582884,119.72375200000002,10.912126055406167,0.1,7.452242604274517,3193.9931545980417,35.12,25.64836105207706,3177.0492318255483,4.16097896510364,2.359603640955883,4.252500000000007,2.347000000000001,77.90525299506403,39.9091348177582,25.610759852038285,0.5122778411397597,0.6417267617799214,10.883607350802281,42.572242604274514,35.08752658730262,4.25377836483156,2.3465761341312303,25.69261627579737,3183.3357252665596
1969,196.8999999999931,42.55591794001367,35.08851726510449,7.467392666584167,3183.249521056842,25.671697507921326,119.72173109470268,119.72375200000002,10.912094213870315,0.1,7.450913327307035,3193.9931545980417,35.12,25.623026338648437,3176.4799404330356,4.16097896510364,2.359603640955883,4.252500000000007,2.347000000000001,77.9052162100045,39.909132501965445,25.61068511995364,0.5122780532998554,0.6417249264611894,10.87035606617972,42.57091332730703,35.07344386633248,4.254083818643517,2.345151358431238,25.844383882326625,3183.445624491133
1970,196.9999999999931,42.55591584930448,35.088519097901134,7.467389533257817,3183.2440527524886,25.671698112366922,119.72193049549155,119.72375200000002,10.912065514097627,0.1,7.4956256002513655,3193.9931545980417,35.12,25.623026338648437,3176.4799404330356,4.16097896510364,2.359603640955883,4.252500000000007,2.347000000000001,77.90518305451545,39.90913041453547,25.61061776158714,0.5122782445246087,0.6417232722329472,10.873169227276193,42.61562560025136,35.133124324767216,4.252710442359472,2.346818768740345,25.51349709377978,3183.1128559556764
1971,197.0999999999931,42.555913964884894,35.08852074985636,7.467386709096184,3183.239124000485,25.67169865717202,119.72211022185641,119.72375200000002,10.912039646099448,0.1,7.467273205091182,3193.9931545980417,35.12,25.623026338648437,3176.4799404330356,4.16097896510364,2.359603640955883,4.252500000000007,2.347000000000001,77.90515317047088,39.909128532961425,25.610557049395414,0.5122784168799832,0.6417217812271533,10.86929603473546,42.58727320509118,35.0803927334762,4.253838132349669,2.3470686467033737,25.645713566434353,3183.1350100582104
1972,197.19999999999308,42.55591226640051,35.088522238813596,7.46738416359423,3183.234681564423,25.67169914822129,119.7222722149793,119.72375200000002,10.912016330471857,0.1,7.443075467271683,3193.9931545980417,35.12,25.623026338648437,3176.4799404330356,4.156669966943983,2.357613274784712,4.252500000000007,2.347000000000001,77.90512623508023,39.90912683695244,25.610502327617457,0.5122785722280441,0.6417204373387674,10.818255282005914,42.56307546727168,35.11516219158513,4.253841392824056,2.345780948914711,25.77700584911781,3183.064427326027
1973,197.29999999999308,42.55591073550531,35.0885235808557,7.467381869256797,3183.2306774604795,25.67169959081878,119.7224182245241,119.72375200000002,10.911995315378231,0.1,7.446453869628641,3193.9931545980417,35.12,25.623026338648437,3176.4799404330356,4.156669966943983,2.357613274784712,4.252500000000007,2.347000000000001,77.90510195740207,39.90912530821574,25.610453005192717,0.5122787122470843,0.6417192260518052,10.869144268311095,42.56645386962864,35.057208336965,4.253588005281204,2.3488565013175706,25.708582919754296,3183.3006132849414
1974,197.39999999999307,42.555909355663374,35.08852479047867,7.467379801301621,3183.2270684391906,25.671699989745196,119.72254982753024,119.72375200000002,10.911976373829475,0.1,7.4121041794082885,3193.9931545980417,35.12,25.623026338648437,3176.4799404330356,4.156669966943983,2.357613274784712,4.252500000000007,2.347000000000001,77.90508007520151,39.90912393026035,25.610408549377787,0.5122788384497674,0.6417181342825512,10.958885739916878,42.532104179408286,35.12718437122005,4.252423298030378,2.3465912045732114,25.6471818856672,3183.071189651654
1975,197.49999999999307,42.55590811197038,35.08852588074822,7.467377937391669,3183.2238155183545,25.671700349309543,119.72266844544265,119.72375200000002,10.91195930123254,0.1,7.443833342931718,3193.9931545980417,35.12,25.628832707609035,3176.747371457405,4.156669966943983,2.357613274784712,4.252500000000007,2.347000000000001,77.90506035211803,39.90912268821985,25.610368479992783,0.5122789521994746,0.6417171502382413,10.882392099556471,42.563833342931716,35.091302372827734,4.2529429951326865,2.346554073230207,25.589229097356007,3183.210623166807
1976,197.59999999999306,42.55590699099257,35.08852686344089,7.467376257393871,3183.2208835620127,25.671700673395655,119.72277535946198,119.72375200000002,10.911943913180812,0.1,7.3848774173505305,3193.9931545980417,35.12,25.628832707609035,3176.747371457405,4.156669966943983,2.357613274784712,4.252500000000007,2.347000000000001,77.90504257511242,39.90912156869258,25.610332364235376,0.51227905472504,0.64171626328969,10.952463088516362,42.50487741735053,35.11831593361008,4.252708537362837,2.347323621143462,25.846637076335753,3182.9743609943084
1977,197.69999999999305,42.555905980621716,35.088527749171234,7.4673747431616695,3183.2182409009674,25.67170096550416,119.72287172438055,119.72375200000002,10.911930043462446,0.1,7.457130609080679,3193.9931545980417,35.12,25.628832707609035,3176.747371457405,4.156669966943983,2.357613274784712,4.252500000000007,2.347000000000001,77.90502655216584,39.90912055959751,25.61029981200637,0.5122791471340304,0.6417154638564818,10.919129344638307,42.577130609080676,35.061804835361166,4.251441292410047,2.347198465655286,25.72359743503529,3183.0356811052898
1978,197.79999999999305,42.55590506994423,35.088528547506485,7.467373378339003,3183.215858990737,25.67170122879028,119.72295858105369,119.72375200000002,10.91191754226524,0.1,7.435968875824514,3193.9931545980417,35.12,25.628832707609035,3176.747371457405,4.149753455166193,2.355699274572637,4.252500000000007,2.347000000000001,77.90501211020566,39.90911965004428,25.610270471696527,0.5122792304247153,0.6417147433034923,10.940803356026946,42.55596887582451,35.074397974504045,4.253051102647,2.3480796446397476,25.662269235955566,3183.2009750523953
1979,197.89999999999304,42.55590424912343,35.088529267069895,7.467372148183658,3183.213712103259,25.67170146609791,119.72303686764052,119.72375200000002,10.911906274558557,0.1,7.442411641696637,3193.9931545980417,35.12,25.628832707609035,3176.747371457405,4.149753455166193,2.355699274572637,4.252500000000007,2.347000000000001,77.9049990932363,39.909118830215945,25.610244026388944,0.5122793054968516,0.6417140938476182,10.84650869139621,42.562411641696634,35.10311125177745,4.253410650407709,2.349212666634714,25.624785064572762,3183.1827344035764
1980,197.99999999999304,42.55590350929316,35.08852991563387,7.467371039408019,3183.2117770490036,25.67170167999035,119.72310742973606,119.72375200000002,10.911896118634932,0.1,7.356151724303416,3193.9931545980417,35.12,25.628832707609035,3176.747371457405,4.149753455166193,2.355699274572637,4.195800000000006,2.347000000000001,77.90498736065403,39.90911809126325,25.610220190436195,0.5122793731614079,0.641713508473711,10.961380746508745,42.47615172430341,35.09438132171929,4.196199648300442,2.3484961269276656,25.854397599452923,3183.1846584502964
1981,198.09999999999303,42.55590284246209,35.088530500203895,7.3633491840196355,3183.210032926513,25.67170187277797,118.90336371994803,119.72375200000002,10.91188696479551,0.1,7.458886052209593,3193.9931545980417,35.12,25.671334053104736,3177.414203257956,4.149753455166193,2.355699274572637,4.195800000000006,2.347000000000001,76.7433780851655,39.63583877829618,25.610198706375073,0.5164724275534307,0.6461374224884253,10.91248282366804,42.57888605220959,35.040317346592566,4.195737028014119,2.3471703137964406,25.688822346670506,3183.175798961958
1982,198.19999999999303,42.555902241427404,35.08853102709427,7.363348216323333,3180.9901699724833,25.679553244929412,118.9034222902278,119.72375200000002,10.911878714165244,0.1,7.427090917919195,3193.9931545980417,35.12,25.671334053104736,3177.414203257956,4.149753455166193,2.355699274572637,4.195800000000006,2.347000000000001,76.76683828756923,39.608217596140626,25.610179342145837,0.51595478568191,0.6465875239142612,10.821716989661162,42.54709091791919,35.040467700271606,4.194079215310306,2.345869046970212,25.532384945176823,3180.9152624056424
1983,198.29999999999302,42.531424803608076,35.109992182153334,7.357856176409487,3178.7704655019393,25.687404604987243,119.01348544811464,119.72375200000002,10.901377577589216,0.1,7.421318896291773,3193.9931545980417,35.12,25.671334053104736,3177.414203257956,4.149753455166193,2.355699274572637,4.195800000000006,2.347000000000001,76.72894225272157,39.61721669431945,25.5855331746019,0.5163268974024496,0.6458185432867751,10.95542372119133,42.54131889629177,35.11713674962717,4.194943108495182,2.3467044281143137,25.711285334230148,3178.7644015528917
1984,198.399999999993,42.50694740349178,35.131459866765226,7.351898951114855,3176.8485774833575,25.69220317425363,119.12216059786529,119.72375200000002,10.890877190724664,0.1,7.3980300604982006,3193.9931545980417,35.12,25.671334053104736,3177.414203257956,4.1453737090162806,2.351411282464576,4.195800000000006,2.347000000000001,76.67669836841245,39.62941800171254,25.560888766630796,0.5168378248539478,0.6449978338194675,10.90671849249666,42.5180300604982,35.12649603309278,4.1959570235922605,2.3473958075958214,25.73312940999138,3176.7102501881036
1985,198.499999999993,42.49198738394688,35.14458364910564,7.347848961142084,3175.220750148992,25.69398357361181,119.20680803229406,119.72375200000002,10.881785634630933,0.1,7.398938922208885,3193.9931545980417,35.12,25.671334053104736,3177.414203257956,4.1453737090162806,2.351411282464576,4.195800000000006,2.347000000000001,76.63674644736656,39.63725773947116,25.53955088447881,0.5172095577764863,0.644331932656539,10.881612157659614,42.51893892220888,35.15441182681695,4.195297145363958,2.347325168152997,25.766790845948783,3175.221482842222
1986,198.599999999993,42.48643681090783,35.14945355182741,7.345917459176215,3173.8219676564545,25.693949969196805,119.26874141415195,119.72375200000002,10.874085142522025,0.1,7.350176606139108,3193.9931545980417,35.12,25.671334053104736,3177.414203257956,4.1453737090162806,2.351411282464576,4.195800000000006,2.347000000000001,76.61505848219103,39.6403806010876,25.521477829499204,0.5173967283507576,0.6438252469452571,10.916371402901929,42.470176606139106,35.094068639033836,4.19501061347056,2.3458468662904792,25.856586916662483,3173.6459287048733
1987,198.699999999993,42.48654157603205,35.14936163099269,7.345308078049627,3172.5907687622534,25.693275641181625,119.31542247294199,119.72375200000002,10.867468154762657,0.1,7.320729016180955,3193.9931545980417,35.12,25.65817683064588,3173.648704512909,4.1453737090162806,2.351411282464576,4.195800000000006,2.347000000000001,76.60623708406607,39.64051216613418,25.505947759227965,0.5174580252862899,0.6434313374239976,10.866140552335027,42.44072901618095,35.19722195069269,4.195880863738018,2.34650705249601,25.677963073600313,3172.680961275504
1988,198.799999999993,42.48864386105217,35.14751711323802,7.345200710801581,3171.4858826830728,25.692662152817682,119.3537622005057,119.72375200000002,10.861643926867512,0.1,7.397850483723111,3193.9931545980417,35.12,25.65817683064588,3173.648704512909,4.1453737090162806,2.351411282464576,4.195800000000006,2.347000000000001,76.60320798034776,39.63944025005068,25.49227829635806,0.5174644939180617,0.6431038918700539,10.831376663078366,42.51785048372311,35.112539348341734,4.196052340719327,2.3481172024835195,25.465600802182614,3171.4454258138335
1989,198.89999999999299,42.4905564723756,35.145839054792724,7.345105860745052,3170.484738871981,25.69235466167737,119.38809733003497,119.72375200000002,10.856417226004126,0.1,7.3814544095348325,3193.9931545980417,35.12,25.65817683064588,3173.648704512909,4.1453737090162806,2.351411282464576,4.195800000000006,2.347000000000001,76.60123114841097,39.63832694541401,25.480011229431692,0.5174633142464352,0.642812479561013,10.897813935736908,42.50145440953483,35.11971899835881,4.197314704017826,2.3462884509403095,25.808984911797044,3170.5574957851477
1990,198.99999999999298,42.49151510675463,35.14499799750911,7.344853361913675,3169.5765014125727,25.692325343092186,119.42026878462289,119.72375200000002,10.851681281438973,0.1,7.3845047752332675,3193.9931545980417,35.12,25.65817683064588,3173.648704512909,4.151278227774313,2.345306826940739,4.195800000000006,2.347000000000001,76.59832182135726,39.63765015674594,25.46889596753728,0.5174741327778556,0.6425430333741093,10.925878787006457,42.504504775233265,35.18267628089156,4.196390689370963,2.3476212449987934,25.695780031079032,3169.457116750286
1991,199.09999999999297,42.4916065103758,35.14491780512386,7.344459510097013,3168.755315684587,25.692450918009246,119.45054813446929,119.72375200000002,10.847384833504025,0.1,7.369410077095303,3193.9931545980417,35.12,25.65817683064588,3173.648704512909,4.151278227774313,2.345306826940739,4.195800000000006,2.347000000000001,76.59429451693114,39.63742832160285,25.458812204233954,0.517498445172584,0.6422922293966941,10.845435980671924,42.4894100770953,35.18511178141666,4.196172247609932,2.34632959880823,25.644963572260465,3168.732109860066
1992,199.19999999999297,42.49121501801437,35.14526127909874,7.344003889823582,3168.0160619010603,25.69261917131991,119.47860444648441,119.72375200000002,10.84350018672067,0.1,7.330245292934173,3193.9931545980417,35.12,25.65817683064588,3173.648704512909,4.151278227774313,2.345306826940739,4.195800000000006,2.347000000000001,76.5897040658527,39.63748891009155,25.44969493823342,0.5175302528393475,0.64206123137518,10.86174627817492,42.45024529293417,35.12966350823197,4.194825444884095,2.347043551569679,25.85076586270123,3168.145937212414
1993,199.29999999999296,42.49069047149305,35.14572149014416,7.343557959209176,3167.3527248135465,25.692766340384185,119.50411701310593,119.72375200000002,10.840003121763996,0.1,7.36103600552876,3193.9931545980417,35.12,25.68501550994619,3173.5273498049255,4.151278227774313,2.345306826940739,4.195800000000006,2.347000000000001,76.58515899311932,39.637651509283664,25.441487326780106,0.517563089643058,0.6418515315121879,10.890505866911266,42.48103600552876,35.128510596540494,4.196100086364703,2.3463461391358575,25.747059387521077,3167.178021936394
1994,199.39999999999296,42.490231657218274,35.146124033454626,7.343160622102541,3166.7584213810496,25.692872840322472,119.52700291426106,119.72375200000002,10.836865183298343,0.1,7.425999409952574,3193.9931545980417,35.12,25.68501550994619,3173.5273498049255,4.151278227774313,2.345306826940739,4.195800000000006,2.347000000000001,76.58103573457585,39.63780360564604,25.43412258520122,0.5175929422400045,0.6416632676785946,10.870776350848791,42.54599940995257,35.11156394685014,4.196211223483716,2.3471818091611376,25.717423755069383,3166.644353868563
1995,199.49999999999295,42.489899633010666,35.14641533821741,7.342821408308755,3166.226044191747,25.692944317314666,119.54740230896897,119.72375200000002,10.834053810866129,0.1,7.3957230046651645,3193.9931545980417,35.12,25.68501550994619,3173.5273498049255,4.151278227774313,2.345306826940739,4.195800000000006,2.347000000000001,76.5774576535894,39.63790368055135,25.427524294102813,0.5176184336108396,0.6414951834745749,10.93237703558951,42.51572300466516,35.117502646816675,4.197478437597846,2.3481438967838186,25.918401240434655,3166.2334681155958
1996,199.59999999999295,42.48967679633981,35.146610846878794,7.342533283093072,3165.748865085715,25.692994350101326,119.56557532821589,119.72375200000002,10.831535382616007,0.1,7.340375422789478,3193.9931545980417,35.12,25.68501550994619,3173.5273498049255,4.1518812392742195,2.3393692642927166,4.195800000000006,2.347000000000001,76.57438661877883,39.637954542150304,25.42161354299978,0.5176398570384321,0.6413452418682928,10.923962124719266,42.460375422789475,35.12521209218292,4.195585600393334,2.3462509536408946,25.658875744271935,3165.788859014909
1997,199.69999999999294,42.489520814124106,35.146747700235046,7.342284260319718,3165.3208597833195,25.693034554243923,119.58180578057936,119.72375200000002,10.829278070760529,0.1,7.397475972967555,3193.9931545980417,35.12,25.68501550994619,3173.5273498049255,4.1518812392742195,2.3393692642927166,4.195800000000006,2.347000000000001,76.57172329875542,39.63797547449892,25.41631563207497,0.5176581349729554,0.6412112457263753,10.905383087866594,42.51747597296755,35.15028182912614,4.195840169312607,2.3459283154054735,25.72724757364541,3165.3437924394602
1998,199.79999999999293,42.48939547368916,35.1468576697546,7.342064001204712,3164.936771953668,25.69307145152108,119.59634609967272,119.72375200000002,10.827253377241696,0.1,7.34724517571162,3193.9931545980417,35.12,25.68501550994619,3173.5273498049255,4.1518812392742195,2.3393692642927166,4.195800000000006,2.347000000000001,76.56937158562712,39.63798482328451,25.41156367638627,0.5176741561599152,0.6410912106071238,10.824671872241902,42.46724517571162,35.132971869997576,4.194953213307567,2.3453477909200915,25.884636467282466,3165.005490813337
1999,199.89999999999293,42.48928044273788,35.14695859422826,7.341865860136256,3164.592028318077,25.693107212803678,119.60940081851034,119.72375200000002,10.825436436808939,0.1,7.367148857860137,3193.9931545980417,35.12,25.6219967062248,3168.011459766009,4.1518812392742195,2.3393692642927166,4.195800000000006,2.347000000000001,76.56726367779858,39.637993491986634,25.40729931719059,0.5176885210210281,0.6409834877824233,10.823558188867882,42.487148857860134,35.17695996522079,4.196123437871926,2.346299957281755,25.727173454401267,3164.529505342499
2000,199.99999999999292,42.48916895336326,35.147056411574276,7.341686341804048,3164.2826090373405,25.69314162950931,119.62113238877622,119.72375200000002,10.823805615413193,0.1,7.342422882718189,3193.9931545980417,35.12,25.6219967062248,3168.011459766009,4.1518812392742195,2.3393692642927166,4.195800000000006,2.347000000000001,76.56535989036757,39.638005278090176,25.403471779374772,0.5177015472120428,0.6408867348684796,10.748041308951999,42.46242288271819,35.142555379270284,4.194889043235712,2.34854292866319,25.611542903843986,3164.217023780274
2001,200.09999999999292,42.48906165584178,35.147150551245915,7.3415237497793715,3164.0049338451763,25.6931737978721,119.63167417162268,119.72375200000002,10.822341897069512,0.1,8.456651376577689,3193.9931545980417,34.0,25.6219967062248,3168.011459766009,4.1518812392742195,2.3393692642927166,4.195800000000006,2.347000000000001,76.56363857150501,39.638019774656854,25.400036432422155,0.517713375620697,0.6407998325048023,10.815534776165602,42.45665137657769,35.1264995784255,4.195573312752154,2.346395036206056,25.726627686108912,3164.123505465332
2002,200.1999999999929,42.488961367753944,35.14723854116181,7.341377037877471,3163.7557833330684,25.693203034312045,119.64114174961928,119.72375200000002,10.821028345207493,0.1,8.432955200315774,3193.9931545980417,34.0,25.6219967062248,3168.011459766009,4.258699455740134,2.3334782365392495,4.195800000000006,2.347000000000001,76.56208599291938,39.638035148748045,25.396953526201994,0.5177240749737912,0.6407218074986785,10.885598390141457,42.432955200315774,35.158275342836546,4.196459329629357,2.3482615023403954,25.79121047316014,3163.841873464927
2003,200.2999999999929,42.488870220228776,35.14731851150358,7.3412451808916295,3163.5322508437553,25.693229133460836,119.64963967137696,119.72375200000002,10.819849730306567,0.1,8.504501042866245,3193.9931545980417,34.0,25.6219967062248,3168.011459766009,4.258699455740134,2.3334782365392495,4.195800000000006,2.347000000000001,76.56069008575925,39.63804978514608,25.394187317029523,0.5177337056490169,0.640651784199174,10.853832169001002,42.504501042866245,35.144301000859585,4.195948382112912,2.3463208161586633,25.680353606690066,3163.563963533521
2004,200.3999999999929,42.48878885352251,35.14738990049963,7.341126986551991,3163.331712614788,25.693252269309976,119.65726422824602,119.72375200000002,10.818792302326523,0.1,8.54019095283649,3193.9931545980417,34.0,25.6219967062248,3168.011459766009,4.258699455740134,2.3334782365392495,4.195800000000006,2.347000000000001,76.55943804429252,39.63806284115508,25.39170553356036,0.5177423431219933,0.6405889620619115,10.842268612874316,42.54019095283649,35.19287103904303,4.196629913666217,2.3474038268691477,25.705139457186437,3163.2795714612166
2005,200.4999999999929,42.488716725199225,35.14745318404343,7.341021146676123,3163.1518054354665,25.69327279656575,119.66410400658624,119.72375200000002,10.8178436494706,0.1,8.486696097753772,3193.9931545980417,34.0,25.591941719122406,3164.0334313827143,4.258699455740134,2.3334782365392495,4.195800000000006,2.347000000000001,76.55831630558785,39.63807415678571,25.389479045307507,0.5177500769291683,0.6405326087458524,10.784677824502541,42.48669609775377,35.14079746615345,4.197236830698253,2.347973929496469,25.69736215297442,3163.2066673909358
2006,200.5999999999929,42.48865272942662,35.147509332343226,7.340926355760606,3162.990405798147,25.693291091811727,119.67023973055481,119.72375200000002,10.816992592490871,0.1,8.484389057038094,3193.9931545980417,34.0,25.591941719122406,3164.0334313827143,4.258699455740134,2.3334782365392495,4.195800000000006,2.347000000000001,76.55731140163894,39.63808394735588,25.387481614576085,0.5177570008879296,0.6404820588274069,10.811692888318058,42.48438905703809,35.155864976052534,4.196157748430935,2.345989415612418,25.829353966142047,3162.918093469631
2007,200.69999999999288,42.48859569216776,35.14755937545387,7.340841404095057,3162.8456086241554,25.693307473473524,119.67574423088199,119.72375200000002,10.816229086062814,0.1,8.482300206765785,3193.9931545980417,34.0,25.591941719122406,3164.0334313827143,4.258699455740134,2.3334782365392495,4.195800000000006,2.347000000000001,76.55641076159526,39.638092531460764,25.38568966498943,0.5177632041149103,0.6404367123579623,10.786977090752226,42.482300206765785,35.17592909746657,4.197784628858995,2.3481500601176593,25.744264761043016,3162.709874524187
2008,200.79999999999288,42.488544620698946,35.147604184354954,7.340765219567297,3162.715705905209,25.69332218492368,119.68068278435497,119.72375200000002,10.815544118147496,0.1,8.461570369766413,3193.9931545980417,34.0,25.591941719122406,3164.0334313827143,4.466630313994831,2.3276033272636836,4.195800000000006,2.347000000000001,76.55560312869324,39.63810017977969,25.384082045292182,0.5177687662279449,0.6403960313476675,10.79874787814172,42.46157036976641,35.13977018587567,4.196567841449756,2.3463081610974355,25.759364248167365,3162.8062893338633
2009,200.89999999999287,42.48849875628194,35.14764442473605,7.340696868622626,3162.5991662634387,25.693335409787686,119.68511374404923,119.72375200000002,10.814929608954134,0.1,8.550962321424471,3193.9931545980417,34.0,25.591941719122406,3164.0334313827143,4.466630313994831,2.3276033272636836,4.195800000000006,2.347000000000001,76.55487861662003,39.63810707091934,25.382639792215365,0.5177737563849252,0.6403595344954665,10.853187390455723,42.55096232142447,35.18680507832199,4.196076800674458,2.3456286551553798,25.716066587759865,3162.635402397286
2010,200.99999999999287,42.48845752644591,35.1476805988624,7.340635536902509,3162.4946162167366,25.693347294641324,119.68908928713411,119.72375200000002,10.814378314248069,0.1,8.49573462531442,3193.9931545980417,34.0,25.591941719122406,3164.0334313827143,4.466630313994831,2.3276033272636836,4.252500000000007,2.347000000000001,76.554228560779,39.63811330691488,25.38134590354023,0.5177782344896186,0.6403267912126495,10.870439384777484,42.49573462531442,35.14712884872568,4.252331258901419,2.3480627346227383,25.711950553202385,3162.440771193564
2011,201.09999999999286,42.48842047422622,35.14771310765849,7.440346352166038,3162.4008234675616,25.693357966407824,120.47250617680376,119.72375200000002,10.81388373672586,0.1,8.516931229831705,3193.9931545980417,34.0,25.628279007973603,3163.957885400623,4.466630313994831,2.3276033272636836,4.309200000000007,2.347000000000001,77.66866822230939,39.89637863812287,25.3801851300956,0.5136740406559863,0.6361526032300997,10.7994100052369,42.516931229831705,35.12312516446412,4.308993601141204,2.346548316098232,25.703082683595884,3162.4592031106135
2012,201.19999999999285,42.488387203926976,35.147742298294226,7.538838098062928,3164.4268539450522,25.68583749913908,121.2912873343029,119.72375200000002,10.813440046962425,0.1,8.461207786462268,3193.9931545980417,34.0,25.628279007973603,3163.957885400623,4.466630313994831,2.3276033272636836,4.365900000000007,2.347000000000001,78.74639539720937,40.19326480380858,25.37914379022082,0.510414027220768,0.6314277756261286,10.884453563676106,42.46120778646227,35.089882575957816,4.3666594966666334,2.3467502618898544,25.69397573038157,3164.1440109309187
2013,201.29999999999285,42.51183301268401,35.127174462752905,7.644565372754231,3168.668398713989,25.67087844061787,122.08070545912645,119.72375200000002,10.823024252470564,0.1,8.526334492954994,3193.9931545980417,34.0,25.628279007973603,3163.957885400623,4.466630313994831,2.3276033272636836,4.422600000000007,2.347000000000001,79.88115101257878,40.509085624782955,25.401637920548424,0.5071169495092033,0.6270602638586347,10.86656618002948,42.526334492954994,35.06997825954698,4.4229377561612635,2.3497870421903424,25.90296201146203,3168.670588031311
2014,201.39999999999284,42.55846937352973,35.08628061536789,7.756646837660766,3175.0460052638477,25.651261412782553,122.86145946457138,119.72375200000002,10.843089023059703,0.1,8.576242997325906,3193.9931545980417,34.0,25.628279007973603,3163.957885400623,4.665543191123593,2.326246031480783,4.422600000000007,2.347000000000001,81.07072266783167,40.850211545413444,25.448729937121133,0.5038836487592152,0.62297669888024,10.836649817896019,42.576242997325906,35.07663974824222,4.423636519935751,2.345919543753419,25.561751747990485,3175.1298774999855
2015,201.49999999999284,42.619627419509115,35.032689298321465,7.779375246686132,3183.536229625345,25.629791325914887,122.6391958541472,119.72375200000002,10.87325850594902,0.1,8.616396105356841,3193.9931545980417,34.0,25.628279007973603,3163.957885400623,4.665543191123593,2.326246031480783,4.422600000000007,2.347000000000001,81.25625984022825,40.88534890831074,25.51953771346236,0.503165528276866,0.6241731670357599,10.838393037508926,42.61639610535684,34.966259302827126,4.424071640606078,2.3465268757705466,25.792697440557934,3183.5744472633087
2016,201.59999999999283,42.68656256232775,34.974082607511214,7.795009183036671,3191.425037844259,25.615266718955947,122.33609931204327,119.72375200000002,10.913421798651097,0.1,8.681869086485044,3193.9931545980417,34.0,25.628279007973603,3163.957885400623,4.665543191123593,2.326246031480783,4.479300000000007,2.347000000000001,81.38441131232881,40.88536641775335,25.613800961434134,0.5023734368593963,0.6264784495195826,10.92963677798194,42.681869086485044,34.97840982260954,4.477945637142255,2.3465312012446105,25.45156148100738,3191.4416800639287
2017,201.69999999999283,42.73184447698294,34.934462755901514,7.886207576069852,3198.493706622287,25.609037647515514,123.05632039395176,119.72375200000002,10.950740072005996,0.1,8.754394285285919,3193.9931545980417,34.0,25.7052653635831,3180.096675744622,4.665543191123593,2.326246031480783,4.536000000000008,2.347000000000001,82.38054501042954,41.217157972398304,25.70138694899808,0.500326356995819,0.6235603863373939,10.999701107309361,42.75439428528592,34.90092029094332,4.53437326340314,2.346121468602658,25.7537097061645,3198.391614096991
2018,201.79999999999282,42.75126423010563,34.917478135412274,7.96299224715532,3207.5111990699297,25.602333324593644,123.85209995290977,119.72375200000002,10.984178648073955,0.1,8.688133279970081,3193.9931545980417,34.0,25.7052653635831,3180.096675744622,4.665543191123593,2.326246031480783,4.592700000000008,2.347000000000001,83.2141140209242,41.60065546356502,25.77986728702958,0.49992307138070985,0.6196985840669815,10.981470817200908,42.68813327997008,34.94363956402548,4.592849751928727,2.348921821173378,25.661308080359095,3207.4395341473155
2019,201.89999999999281,42.77216562724686,34.899202276653334,8.028204136109197,3218.681966503891,25.592581211656366,124.60343826503158,119.72375200000002,11.026836200241348,0.1,8.701129747190173,3193.9931545980417,34.0,25.7052653635831,3180.096675744622,4.665543191123593,2.326246031480783,4.592700000000008,2.347000000000001,83.90839256504167,41.998783434810015,25.879984561966452,0.500531378935124,0.6162079575980347,10.986366848908641,42.70112974719017,34.903234623858346,4.59125006411644,2.3464797531090427,25.57394603072724,3218.8220622842846
2020,201.9999999999928,42.80256881454012,34.872626741994296,8.029894345849094,3231.8857567461705,25.580864078656322,124.18017973774475,119.72375200000002,11.079679892357618,0.1,8.797633914829184,3193.9931545980417,34.0,25.7052653635831,3180.096675744622,4.826753325607002,2.3452819396013216,4.592700000000008,2.347000000000001,83.88878426833594,42.02782373675878,26.004008707363337,0.5009945501453917,0.6187331723440977,11.17029396900774,42.797633914829184,34.87892364671268,4.594090057985169,2.347956070476131,25.423935829764574,3231.8289668560815
2021,202.0999999999928,42.839098148381055,34.84070971117899,8.03025883535838,3243.944264995097,25.57331996532257,123.65519093013256,119.72375200000002,11.142140867438842,0.1,8.816898248151823,3193.9931545980417,34.0,25.7052653635831,3180.096675744622,4.826753325607002,2.3452819396013216,4.592700000000008,2.347000000000001,83.86809907608455,42.006292652469675,26.150604615878972,0.5008613896728703,0.6225401711174695,11.066066031735316,42.81689824815182,34.836691867397775,4.591959380479016,2.347130362993411,25.535466713432513,3244.0123897683206
2022,202.1999999999928,42.86261767611036,34.8201675642158,8.031848491032296,3254.582222471133,25.570914478306243,123.17930142660973,119.72375200000002,11.199184047422207,0.1,8.86128569094069,3193.9931545980417,34.0,25.7052653635831,3180.096675744622,4.826753325607002,2.3452819396013216,4.649400000000008,2.347000000000001,83.87789220226865,41.981852857049816,26.28448495929993,0.5005115383182498,0.6260915888776953,11.131905327435158,42.86128569094069,34.87857811012629,4.649749754842451,2.347577364119536,25.57141479910906,3254.55345951773
2023,202.2999999999928,42.87011702243247,34.81361884808222,8.088576146971654,3263.9324854435185,25.57171465849888,123.86256681335938,119.72375200000002,11.249507264061787,0.1,8.817573769143301,3193.9931545980417,34.0,25.84819690082834,3206.5369298475043,4.826753325607002,2.3452819396013216,4.706100000000008,2.347000000000001,84.51152620300498,42.336003649093584,26.402593548753025,0.5009494627679347,0.6236439737579791,11.28912636288841,42.8175737691433,34.86332996536769,4.70721651518564,2.345822796757475,25.55278408093168,3263.954364067156
2024,202.3999999999928,42.86762238066389,34.815797196343794,8.139973513518918,3275.131574827369,25.569293504352252,124.63357748736631,119.72375200000002,11.29373899842023,0.1,8.889867923638128,3193.9931545980417,34.0,25.84819690082834,3206.5369298475043,4.826753325607002,2.3452819396013216,4.762800000000008,2.347000000000001,85.07518828958284,42.74569972675961,26.50640542929229,0.5024461371893746,0.6200952516563621,11.303178008971765,42.88986792363813,34.73100787069889,4.764249978849202,2.3466924998944827,25.63306657787118,3275.0048281157156
2025,202.49999999999278,42.87517057083143,34.80920624369234,8.186645950166184,3288.416917847462,25.56264031915016,125.31488825494415,119.72375200000002,11.346716668475699,0.1,8.85423659797322,3193.9931545980417,34.0,25.84819690082834,3206.5369298475043,4.826753325607002,2.3452819396013216,4.762800000000008,2.347000000000001,85.57202747471331,43.15371236348241,26.630744020912474,0.5042969488625756,0.6171136285240658,11.429338094140583,42.85423659797322,34.748861801883535,4.76373530076999,2.3461516643091698,25.681243612819728,3288.321316332168
2026,202.59999999999278,42.895912541017466,34.791097917990626,8.190443821698064,3303.545798336218,25.553531613451636,124.75951803437822,119.72375200000002,11.409563431722999,0.1,8.944183692469885,3193.9931545980417,34.0,25.84819690082834,3206.5369298475043,4.970946418201206,2.380787930005588,4.762800000000008,2.347000000000001,85.58375122313834,43.16011943321591,26.77824537425389,0.5043027305578911,0.6204395568387937,11.276085728705727,42.944183692469885,34.81344522552266,4.762230400104815,2.34722092559861,25.53035011326407,3303.630477438502
2027,202.69999999999277,42.92430984190318,34.766313914664146,8.193895226834105,3317.1719199382583,25.547068565057586,124.09663927997165,119.72375200000002,11.481131111145015,0.1,8.914758344500918,3193.9931545980417,34.0,25.84819690082834,3206.5369298475043,4.970946418201206,2.380787930005588,4.762800000000008,2.347000000000001,85.6004598682033,43.107875331081786,26.94621471785736,0.503593968974627,0.625087980117371,11.468092052426643,42.91475834450092,34.7488640152415,4.765502936598778,2.3472641165580184,25.437864018393352,3317.029799654949
2028,202.79999999999276,42.94445904157648,34.748733874012515,8.198780466506737,3329.004378678821,25.544358988018494,123.51399341492296,119.72375200000002,11.545589938968066,0.1,8.904237786054146,3193.9931545980417,34.0,25.84819690082834,3206.5369298475043,4.970946418201206,2.380787930005588,4.8195000000000086,2.347000000000001,85.64566365889047,43.058524861433604,27.09749958675806,0.50275195522948,0.629317880116896,11.500793883418511,42.904237786054146,34.740842426929284,4.821494264176757,2.346672040940373,25.474879330911527,3329.0006414190902
2029,202.89999999999276,42.952906418953546,34.74136491726936,8.246996736954317,3339.260274220482,25.54412838274329,124.14202959319071,119.72375200000002,11.601563784127872,0.1,8.964099763011127,3193.9931545980417,34.0,25.419427117035433,3290.1846781153586,4.970946418201206,2.380787930005588,4.876200000000009,2.347000000000001,86.18064486805432,43.41079404076969,27.228870201348126,0.503718603025461,0.6272373220304576,11.558834068346366,42.96409976301113,34.73034046932766,4.877863371418692,2.3480080365001084,25.71306307264763,3339.2922249388894
2030,202.99999999999275,42.953625353959524,34.74073780001761,8.298692037784912,3351.2155531880485,25.541452322416564,124.87076203235137,119.72375200000002,11.65007964390063,0.1,8.980379573317983,3193.9931545980417,34.0,25.419427117035433,3290.1846781153586,4.970946418201206,2.380787930005588,4.876200000000009,2.347000000000001,86.74596779611393,43.821954385405334,27.34273692423479,0.505175692873744,0.6239506500271731,11.635981252233991,42.98037957331798,34.72886721806261,4.876998841100041,2.345032356700695,25.521851883095216,3351.193622120184
2031,203.09999999999275,42.96196823963413,34.73346082807856,8.306498385594093,3365.142686440259,25.534976043996245,124.39123535990872,119.72375200000002,11.706634494286783,0.1,9.000695527829151,3193.9931545980417,34.0,25.419427117035433,3290.1846781153586,4.970946418201206,2.380787930005588,4.876200000000009,2.347000000000001,86.81068157156307,43.83508792525718,27.47547115809109,0.5049503947175139,0.6267917428371371,11.649156447719056,43.00069552782915,34.7228006032933,4.875596601974318,2.347457369176801,25.719101850512445,3365.138423873988
2032,203.19999999999274,42.98215868523731,34.715853133436006,8.313317743710824,3377.772283487348,25.529089507075057,123.78046610468047,119.72375200000002,11.772517267873546,0.1,8.960031783792488,3193.9931545980417,34.0,25.419427117035433,3290.1846781153586,5.099238057211318,2.430565364887831,4.876200000000009,2.347000000000001,86.86639783257029,43.78356284399464,27.630098027699223,0.5040333654491441,0.6310609788917388,11.754827049957978,42.96003178379249,34.70905922983602,4.875507047014636,2.3457509431303913,25.712782198971606,3377.98698357948
2033,203.29999999999274,43.00051055274281,34.69985270073709,8.319957899105493,3388.7492191348183,25.525541160528125,123.22559371913727,119.72375200000002,11.832262002678418,0.1,8.987722995918759,3193.9931545980417,34.0,25.419427117035433,3290.1846781153586,5.099238057211318,2.430565364887831,4.876200000000009,2.367000000000001,86.9280523756934,43.7289417368673,28.006964160339823,0.5030475265668631,0.6404674581165891,11.876158479352199,42.98772299591876,34.67832479207837,4.876299891144888,2.366849540208469,25.371762702231283,3388.8497756168777
2034,203.39999999999273,43.011572877937525,34.69020957935792,8.327221082087545,3398.22474297177,25.524084447860613,122.76746331134615,120.65607200000002,11.860216074838203,0.1,8.992282225320956,3193.9931545980417,34.0,25.419427117035433,3290.1846781153586,5.099238057211318,2.430565364887831,4.876200000000009,2.387000000000001,87.00373291849435,43.688184490223506,28.3103357706388,0.5021414946776005,0.6480089777357092,11.825340135814852,42.992282225320956,34.657384214342926,4.874447497019824,2.3865396775230994,25.595523574069503,3398.2187465542047
2035,203.49999999999272,43.01611432534976,34.686251149767905,8.334818753519308,3403.937890596478,25.523642319020436,122.39696555219389,121.58839200000003,11.88106766778841,0.1,8.985062107171679,3193.9931545980417,34.0,25.55505178266498,3322.3637248262867,5.099238057211318,2.430565364887831,4.876200000000009,2.387000000000001,87.08657954826901,43.62956627539495,28.360108523010943,0.5009906980123455,0.6500204091876276,11.82782466223295,42.98506210717168,34.68754671529191,4.87618391015566,2.387295473422603,25.559499687913707,3404.0215076804857
2036,203.59999999999272,43.0174927062219,34.68504976611515,8.33975858273208,3406.1257844484107,25.52326828609093,122.18044280563417,121.58839200000003,11.908093905321296,0.1,8.962114230474953,3193.9931545980417,34.0,25.55505178266498,3322.3637248262867,5.099238057211318,2.430565364887831,4.932900000000009,2.387000000000001,87.14014736574794,43.58037813501133,28.424620152001946,0.5001182514885373,0.6522343625368031,11.893139321463135,42.96211423047495,34.66563024944985,4.933591146676033,2.3865630066567936,25.59082786407592,3406.2161467334145
2037,203.6999999999927,43.01865879128293,34.68403343372094,8.389951576124872,3407.727796181498,25.52271612219059,123.19966909843599,121.58839200000003,11.918443810981591,0.1,9.017919908721083,3193.9931545980417,34.0,25.55505178266498,3322.3637248262867,5.099238057211318,2.430565364887831,4.989600000000009,2.387000000000001,87.69551340813881,43.964592850143504,28.449325376813068,0.5013322933127757,0.6470963002838364,11.920131320029755,43.01791990872108,34.67578950995273,4.990735809691661,2.3853888876273692,25.53674538530632,3407.7176431394732
2038,203.7999999999927,43.02038021745862,34.68253310625656,8.445363290948979,3412.0877004200956,25.5185402565562,124.24827137017216,121.58839200000003,11.926022181517938,0.1,9.023942439090938,3193.9931545980417,34.0,25.55505178266498,3322.3637248262867,5.221552183143175,2.478393676816432,5.046300000000009,2.387000000000001,88.29625491791747,44.39552110040437,28.46741494728333,0.5028018588294104,0.6412226783621205,11.930964279822724,43.02394243909094,34.71076063989108,5.046656310369697,2.387392757192544,25.513177248510456,3412.0983643586615
2039,203.8999999999927,43.03339889616039,34.67118758802027,8.506941063197997,3419.284984705603,25.510425241075144,125.14675730187173,121.58839200000003,11.946646855570359,0.1,9.010080011162586,3193.9931545980417,34.0,25.55505178266498,3322.3637248262867,5.221552183143175,2.478393676816432,5.046300000000009,2.407000000000001,88.95149404853186,44.81088463490264,28.755578981357864,0.503767644537301,0.6417096920903119,11.938992048214978,43.010080011162586,34.69720619228831,5.046086408512607,2.40607067660645,25.549398969594566,3419.2279448332547
2040,203.9999999999927,43.05869826842414,34.64914500004115,8.506694903770118,3428.9134539348674,25.499501450761638,124.74863368151486,122.52071200000002,11.956721159481532,0.1,9.055181183206479,3193.9931545980417,34.0,25.55505178266498,3322.3637248262867,5.221552183143175,2.478393676816432,5.046300000000009,2.427000000000001,88.91067381159448,44.79411274655145,29.018962254061687,0.5038102943800886,0.6478298257240459,12.011011168263984,43.05518118320648,34.6026813545588,5.046731791136712,2.425481466244762,25.449246978209942,3428.8731825073055
2041,204.0999999999927,43.09275427710553,34.61948408665653,8.506466803621883,3434.941917438711,25.492169476384596,124.21652440927056,123.45303200000002,11.978296265768643,0.1,9.05043730221,3193.9931545980417,34.0,25.657024270042747,3353.8112446527484,5.221552183143175,2.478393676816432,5.046300000000009,2.447000000000001,88.88257959134897,44.68146341707213,29.31089096233588,0.5027021450378902,0.6559966644050566,11.916909424097472,43.05043730221,34.642876933492566,5.047984408837244,2.447363103803434,25.363844963835746,3434.9097792827756
2042,204.19999999999268,43.11561244042339,34.599583006534786,8.505932516226864,3437.007827637861,25.489663890430457,123.8766140202169,124.38535200000003,11.982841423549928,0.1,9.122528034701517,3193.9931545980417,34.0,25.657024270042747,3353.8112446527484,5.221552183143175,2.478393676816432,5.046300000000009,2.447000000000001,88.8679193914306,44.58599518294754,29.322012963426687,0.5017108028214612,0.6576507453318268,11.952476196009743,43.12252803470152,34.615795560352296,5.0442644085423085,2.4454062860010035,25.59053339842447,3437.144258311296
2043,204.29999999999268,43.12342385519402,34.592783440103894,8.505759268671508,3435.6312494710482,25.49042597706085,123.7604852710968,124.38535200000003,11.992614281426444,0.1,9.135576085937942,3193.9931545980417,34.0,25.657024270042747,3353.8112446527484,5.221552183143175,2.478393676816432,5.1030000000000095,2.447000000000001,88.8686553622287,44.526357135691676,29.34592714665052,0.5010355670872054,0.6590686738019099,12.05784469281413,43.13557608593794,34.6060991200651,5.1020503895169975,2.4462532129372083,25.5279550560029,3435.5243325548954
2044,204.39999999999267,43.12104797391511,34.594851491870145,8.571357897604214,3433.940442158918,25.49230393523281,124.94848287416956,124.38535200000003,11.986102331978831,0.1,9.056093955492322,3193.9931545980417,34.0,25.657024270042747,3353.8112446527484,5.330934071643524,2.5277448531901516,5.15970000000001,2.447000000000001,89.60262199690574,44.93164959276951,29.32999240635221,0.5014546292442329,0.6527690986683038,11.975946906005774,43.05609395549232,34.5960822145728,5.159106511168331,2.446253994564448,25.356319846213825,3434.0274805584254
2045,204.49999999999267,43.11519325151821,34.59994791487621,8.644939364063744,3435.464200355171,25.488895280021357,126.18206202608161,124.38535200000003,11.978103910960904,0.1,9.110276074578067,3193.9931545980417,34.0,25.657024270042747,3353.8112446527484,5.330934071643524,2.5277448531901516,5.15970000000001,2.467000000000001,90.40647248122707,45.395380951919556,29.549982348340563,0.5021253424233084,0.6509468965496374,12.035507131902841,43.11027607457807,34.60956574705022,5.159753319849599,2.4667134802070536,25.53082411756929,3435.458781734285
2046,204.59999999999266,43.12582007500542,34.59069774757949,8.64299996040204,3440.325861745287,25.479106343669585,126.06835646338216,125.31767200000003,11.961339408349016,0.1,9.137218669465604,3193.9931545980417,34.0,25.657024270042747,3353.8112446527484,5.330934071643524,2.5277448531901516,5.15970000000001,2.487000000000001,90.35025733614764,45.41865704025274,29.747851108564014,0.502695381057664,0.6549698526356621,11.92418660849922,43.137218669465604,34.5508356247589,5.158688017365356,2.486235598119268,25.535587250821067,3440.308707743384
2047,204.69999999999266,43.156338062975706,34.56414010163382,8.63788997225934,3442.3571153247776,25.470964046726728,125.72421347446019,126.24999200000002,11.960364969377174,0.1,9.184597039433953,3193.9931545980417,34.0,25.72862919111417,3379.23100804917,5.330934071643524,2.5277448531901516,5.15970000000001,2.487000000000001,90.26476739197967,45.32141571395175,29.745427678841043,0.502094194927031,0.656321679503145,11.894969201677362,43.18459703943395,34.55697772851389,5.158550686495648,2.487975687193783,25.497399097411968,3442.2779143284106
2048,204.79999999999265,43.18172248792476,34.542057604069235,8.631449966620428,3440.934427678879,25.467515343686603,125.51281284920005,126.24999200000002,11.969973882945489,0.1,9.145233128970105,3193.9931545980417,34.0,25.72862919111417,3379.23100804917,5.330934071643524,2.5277448531901516,5.21640000000001,2.487000000000001,90.18120236552421,45.22651008759073,29.76932504688544,0.5015070646793747,0.6582273314750757,11.946308128384555,43.145233128970105,34.56458020485896,5.217329815300554,2.485653028491804,25.447017900359718,3440.8794729354086
2049,204.89999999999264,43.19247416452265,34.53270660007798,8.705312824960803,3438.9397177017445,25.46813538227703,126.6532048488341,126.24999200000002,11.963243811051864,0.1,9.230119619215344,3193.9931545980417,34.0,25.72862919111417,3379.23100804917,5.330934071643524,2.5277448531901516,5.27310000000001,2.487000000000001,91.00168238050027,45.610975858882895,29.752587358085997,0.5012102487091641,0.652312010384044,11.962911584185152,43.230119619215344,34.542428314629596,5.27186822047639,2.4862724749426675,25.412426360151258,3438.8864515208084
2050,204.99999999999264,43.19054113221314,34.534387713615025,8.788624461562126,3440.0307587215634,25.464697755539852,127.8986698716103,126.24999200000002,11.953807768227048,0.1,9.184371370724072,3193.9931545980417,34.0,25.72862919111417,3379.23100804917,5.428927494725833,2.573711158964587,5.27310000000001,2.487000000000001,91.91223667716685,46.07411173327799,29.72911991958068,0.5012837615421003,0.6452456444886424,11.988974753091558,43.18437137072407,34.51907101541911,5.271422000224724,2.486277522075784,25.33025112952667,3439.875690671944
2051,205.09999999999263,43.20125827732896,34.52506777570244,8.785928435166362,3444.491864540974,25.45469921795253,127.79837973795571,126.24999200000002,11.958968974570155,0.1,9.201055489612415,3193.9931545980417,34.0,25.72862919111417,3379.23100804917,5.428927494725833,2.573711158964587,5.27310000000001,2.507000000000001,91.84629599256807,46.09768634411125,29.981135219247392,0.5019003308292513,0.6503826460062097,12.029116519320484,43.201055489612415,34.59887789306916,5.272944302176421,2.506993206613726,25.414417144627013,3444.6973273969234
2052,205.19999999999263,43.23242971811119,34.49796734447453,8.779378380833219,3448.68159842862,25.44641651081365,127.45875180447186,127.18231200000002,11.956099693961068,0.1,9.207184806348515,3193.9931545980417,34.0,25.72862919111417,3379.23100804917,5.428927494725833,2.573711158964587,5.27310000000001,2.527000000000001,91.74390768626715,46.03110265433648,30.21306392663963,0.5017347071344196,0.6563619419139274,12.012131096119186,43.207184806348515,34.49974508763666,5.273329840039789,2.5255814580883986,25.477069032663692,3448.6761382063755
2053,205.29999999999262,43.258251885887375,34.475525627861515,8.774399129589966,3449.429608237984,25.44302637832749,127.15895195861381,128.11463200000003,11.951946679275883,0.1,9.330468225196327,3193.9931545980417,34.0,25.738305185043338,3405.264750098101,5.428927494725833,2.573711158964587,5.27310000000001,2.527000000000001,91.67657708532785,45.93279195063917,30.20256925853017,0.5010308348214974,0.6575382853057746,11.986823456744172,43.33046822519633,34.50123495149893,5.2715701738657215,2.5285555317953423,25.349392609007865,3449.294574337183
2054,205.39999999999262,43.26882096292621,34.46634228427453,8.771318150313729,3446.843663544035,25.443654886300237,127.07214061340247,128.11463200000003,11.95548516490811,0.1,9.28355826790147,3193.9931545980417,34.0,25.738305185043338,3405.264750098101,5.428927494725833,2.573711158964587,5.32980000000001,2.527000000000001,91.64474213003881,45.86702258784589,30.211511011722806,0.5004872240544158,0.6586760881167034,11.995243990823264,43.28355826790147,34.491127101537096,5.328699573480454,2.5261802605170813,25.527833625543508,3446.865461942185
2055,205.4999999999926,43.26686152647038,34.46804472259077,8.858446614468562,3444.02281874984,25.446006794361477,128.34706584708826,128.11463200000003,11.943252266314113,0.1,9.250481150226015,3193.9931545980417,34.0,25.738305185043338,3405.264750098101,5.428927494725833,2.573711158964587,5.32980000000001,2.527000000000001,92.61762123472208,46.28929670719692,30.180598476975778,0.4997893067225872,0.651999503640836,12.042945797571006,43.250481150226015,34.447212655936475,5.330282581880162,2.527094265367824,25.520676504380123,3443.8994096356
2056,205.5999999999926,43.25952921789866,34.47441570447969,8.858183659877948,3444.6517542173005,25.44150610583998,128.4937608110556,128.11463200000003,11.929908164873146,0.1,9.238293606339127,3193.9931545980417,34.0,25.738305185043338,3405.264750098101,5.5204601578031784,2.620544273200528,5.32980000000001,2.527000000000001,92.59832968420078,46.35066615791018,30.14687793263445,0.5005561797495207,0.6504087304792618,11.836368247811828,43.23829360633913,34.51598104749283,5.329312165332839,2.527887482950129,25.36871928382692,3444.580611877648
2057,205.6999999999926,43.27356056443328,34.46222449904983,8.853662600310132,3445.67762699356,25.43599097899011,128.39071168034968,128.11463200000003,11.932883365314831,0.1,9.258463212184857,3193.9931545980417,34.0,25.738305185043338,3405.264750098101,5.5204601578031784,2.620544273200528,5.32980000000001,2.547000000000001,92.52823349780091,46.327286861774084,30.393053931456887,0.5006827117571107,0.656050806992866,11.9455774637348,43.25846321218486,34.53589177660657,5.33153645922673,2.546501777014719,25.331568964666946,3445.7210207697626
2058,205.7999999999926,43.290754523900446,34.44728838194226,8.848365457803798,3446.42466235434,25.43279629250666,128.25482971542618,129.04695200000003,11.913763598930881,0.1,9.269418116466547,3193.9931545980417,34.0,25.738305185043338,3405.264750098101,5.5204601578031784,2.620544273200528,5.32980000000001,2.567000000000001,92.45800963182351,46.28828979537236,30.582631158455584,0.500641209774001,0.6606990946015263,11.891678984087253,43.26941811646655,34.48012330113456,5.328281815652911,2.566526699902985,25.33864307255213,3446.4559222118555
2059,205.8999999999926,43.30071427848125,34.43863798384435,8.845444789171262,3444.2812834722386,25.432426506079842,128.17037263533777,129.97927200000004,11.893324782748321,0.1,9.241068636124538,3193.9931545980417,34.0,25.66525217848313,3419.2241041112907,5.5204601578031784,2.620544273200528,5.32980000000001,2.587000000000001,92.42435426226393,46.2290401293858,30.76803121296992,0.5001824518914786,0.6655563500097856,11.927257890688244,43.24106863612454,34.41882755944994,5.329725918083615,2.5862729750966893,25.52818638124092,3444.3828455502985
2060,205.99999999999258,43.30186712464548,34.43763676645613,8.842757267878131,3439.386639332604,25.4336818048139,128.24364089491053,130.91159200000004,11.859212764501333,0.1,9.27935923609892,3193.9931545980417,34.0,25.66525217848313,3419.2241041112907,5.5204601578031784,2.620544273200528,5.32980000000001,2.587000000000001,92.3991829256028,46.189733518009504,30.67978342176496,0.4998933113423759,0.6642121762794502,11.805084227147828,43.27935923609892,34.41878029752591,5.32856879301187,2.5875217172690177,25.48503948506839,3439.397983419988
2061,206.09999999999258,43.29795360531219,34.44103561700581,8.839068334468626,3432.167513992374,25.435302532603075,128.44815512023314,130.91159200000004,11.836058485311238,0.1,9.288920291468365,3193.9931545980417,34.0,25.66525217848313,3419.2241041112907,5.5204601578031784,2.620544273200528,5.3865000000000105,2.587000000000001,92.3642560396477,46.16628887628689,30.619883301500185,0.4998285143602504,0.6632519972214607,11.799882073379173,43.288920291468365,34.46378333299568,5.388144785521717,2.5882537906924057,25.313122642134164,3431.981856336493
2062,206.19999999999257,43.292900824356664,34.445424152460106,8.926376834552718,3425.501777289458,25.436649773711956,129.92618869509656,130.91159200000004,11.801908169401155,0.1,9.287888358880998,3193.9931545980417,34.0,25.66525217848313,3419.2241041112907,5.599528925996472,2.6588603234729487,5.443200000000011,2.587000000000001,93.33519358551004,46.60682447104013,30.531536434240802,0.4993488809592577,0.6550872491476446,11.803706941054445,43.287888358881,34.41710019311164,5.442299652508413,2.586973029495358,25.467752660040077,3425.3660994385173
2063,206.29999999999256,43.288700665475616,34.44907236554888,9.017092770296843,3422.835405347632,25.430694613819558,131.39221576313315,130.91159200000004,11.770375677104688,0.1,9.274196586885651,3193.9931545980417,34.0,25.66525217848313,3419.2241041112907,5.599528925996472,2.6588603234729487,5.443200000000011,2.607000000000001,94.31685482713591,47.09602676593768,30.685369390211935,0.4993383934637701,0.6515490052423107,11.766711607724037,43.27419658688565,34.45191909145867,5.444182580901809,2.6065603835474085,25.366607909910876,3423.0002213365565
2064,206.39999999999256,43.307266471956154,34.43294776525612,9.007324221703604,3424.1359101360936,25.41730010028884,131.38269310433245,131.84391200000005,11.733789622549052,0.1,9.321886802372468,3193.9931545980417,34.0,25.66525217848313,3419.2241041112907,5.599528925996472,2.6588603234729487,5.443200000000011,2.627000000000001,94.15917335957751,47.110506296069644,30.824665338436372,0.500328376037912,0.6543055416283655,11.806518322352504,43.32188680237247,34.43276024625793,5.442881560235992,2.628346820933007,25.41818171778167,3424.2238403953875
2065,206.49999999999255,43.34902520733951,34.39669365578085,8.992893304817626,3422.8879123707843,25.407261222271963,131.0886862570129,132.77623200000005,11.715969012161672,0.1,9.34708689530931,3193.9931545980417,34.0,25.55721854747378,3422.1436400353996,5.599528925996472,2.6588603234729487,5.443200000000011,2.627000000000001,93.9624942632315,46.987950903698966,30.777850594948724,0.5000713451908209,0.6550158073082911,11.776306684449676,43.34708689530931,34.404754901401894,5.442925380852762,2.6269936205315356,25.43628623050918,3422.767908863908
2066,206.59999999999255,43.38032241344493,34.369534561536376,8.97970061971481,3418.321635195481,25.404199736489915,130.95074724344127,132.77623200000005,11.710065316640154,0.1,9.36649533132664,3193.9931545980417,34.0,25.55721854747378,3422.1436400353996,5.599528925996472,2.6588603234729487,5.499900000000011,2.627000000000001,93.80538479384664,46.875889540893894,30.762341586813697,0.4997142716690696,0.6562508335970253,11.669332199697632,43.36649533132664,34.3969238986691,5.500052809876339,2.627059369881211,25.058558308070914,3418.4657568703174
2067,206.69999999999254,43.38986690151904,34.36125417910598,9.069614739638686,3413.382113163336,25.406546112366637,132.25776670121698,132.77623200000005,11.688464388450058,0.1,9.352122103221483,3193.9931545980417,34.0,25.55721854747378,3422.1436400353996,5.599528925996472,2.6588603234729487,5.499900000000011,2.627000000000001,94.80774715239521,47.27534542741658,30.705595948458313,0.49864432862670577,0.6495054805173585,11.717383223475446,43.35212210322148,34.3856257182883,5.49763305909617,2.6264512627703867,25.344590896223927,3413.343762881151
2068,206.79999999999254,43.38255184008578,34.367600318702806,9.067289893257717,3411.979214148682,25.403451396712455,132.4859134184606,132.77623200000005,11.66509781287579,0.1,9.402639066955714,3193.9931545980417,34.0,25.55721854747378,3422.1436400353996,5.671952924898056,2.6952969423882083,5.499900000000011,2.627000000000001,94.77050859703391,47.33743246811527,30.644211954424712,0.4994953933337529,0.6473568665783788,11.68790249252144,43.402639066955714,34.37962481687759,5.4996999133079765,2.626948869003766,25.560078225341773,3411.8520359516438
2069,206.89999999999253,43.39219992560925,34.359230300710976,9.062135785317777,3411.193650191107,25.399501045248922,132.48020870087552,132.77623200000005,11.658461351769706,0.1,9.44419941474436,3193.9931545980417,34.0,25.55721854747378,3422.1436400353996,5.671952924898056,2.6952969423882083,5.499900000000011,2.647000000000001,94.69882581310881,47.32449580271558,30.859947198134424,0.4997368805407577,0.6520924665902856,11.699196740369388,43.44419941474436,34.39190914048733,5.499446398699695,2.6470528235860105,25.443297107901945,3411.2311509637875
2070,206.99999999999253,43.40451554133196,34.34854759769281,9.056594220296425,3410.392650016879,25.397299666406365,132.43542197141718,133.70855200000005,11.630772522819845,0.1,9.40228440959536,3193.9931545980417,34.0,25.55721854747378,3422.1436400353996,5.671952924898056,2.6952969423882083,5.499900000000011,2.647000000000001,94.62939716733092,47.29738836075896,30.786654867904144,0.4998170735160038,0.6509165925416464,11.632827342782457,43.40228440959536,34.371053208599626,5.5013738678935695,2.645121417813805,25.466825881336835,3410.500365806272
2071,207.09999999999252,43.41137856001153,34.34259525927738,9.053127393332616,3406.9477273444895,25.397252396825348,132.42398679125517,133.70855200000005,11.626983364479363,0.1,9.394004464225667,3193.9931545980417,34.0,25.474349963855346,3418.5308678050546,5.671952924898056,2.6952969423882083,5.556600000000011,2.647000000000001,94.59092094030349,47.24553230582954,30.776624965776886,0.4994721674783808,0.6514187366236831,11.628222355340634,43.39400446422567,34.305968031886586,5.555831764204756,2.646752664807776,25.355598570905336,3406.871689267807
2072,207.1999999999925,43.41152592765731,34.342467452067545,9.149520389022268,3403.471862576227,25.398434060192038,133.74794641097674,133.70855200000005,11.610687041586575,0.1,9.47843916327713,3193.9931545980417,34.0,25.474349963855346,3418.5308678050546,5.671952924898056,2.6952969423882083,5.613300000000011,2.647000000000001,95.66028237485534,47.6692045001002,30.733488599079678,0.4983176227026299,0.6447241761505602,11.532656320216455,43.47843916327713,34.32925400766848,5.612503489427194,2.646913475005515,25.503622759778317,3403.3189099928486
2073,207.2999999999925,43.40784197394531,34.3456624977492,9.248696715246728,3403.578458679133,25.392361023792517,135.09996609699112,133.70855200000005,11.594244346065635,0.1,9.418762444083733,3193.9931545980417,34.0,25.474349963855346,3418.5308678050546,5.671952924898056,2.6952969423882083,5.613300000000011,2.647000000000001,96.73285790867048,48.15258691913782,30.689964784035748,0.4977893547257818,0.6373482038581461,11.58897586938614,43.41876244408373,34.37135745577225,5.61204189298652,2.6479960987863222,25.338937900103385,3403.5726378835398
2074,207.3999999999925,43.42677527222445,34.32924347284212,9.241311880467487,3407.3434425078017,25.378283233027044,134.9758104569142,133.70855200000005,11.594748602525724,0.1,9.47347871828169,3193.9931545980417,34.0,25.474349963855346,3418.5308678050546,5.732788470127589,2.732298883166921,5.613300000000011,2.647000000000001,96.59770446683456,48.1615517974069,30.691299550885606,0.49857863665841545,0.6372572810774356,11.619621549866322,43.47347871828169,34.31896724005721,5.6131786574793585,2.645537367954462,25.389743156705975,3407.3075053770485
2075,207.4999999999925,43.47066419271489,34.29119794212112,9.227770616709392,3410.772477478299,25.367431121404213,134.5566462083634,133.70855200000005,11.612558985513383,0.1,9.426109079537724,3744.3605227676344,34.0,25.474349963855346,3418.5308678050546,5.732788470127589,2.732298883166921,5.613300000000011,2.667000000000001,96.40697517828791,48.06030485230376,30.970694814364204,0.49851480936337433,0.6444131994073199,11.634098229246705,43.426109079537724,34.26365186933561,5.613085800996225,2.6681895697315228,25.379803590888642,3410.782954795589
2076,207.5999999999925,43.50449673591024,34.261884279247724,9.217847912887002,3413.0673090360506,25.36378524522303,134.21408668219152,134.64087200000003,11.604807458943622,0.1,9.524653329537948,3744.3605227676344,34.0,25.474349963855346,3418.5308678050546,5.732788470127589,2.732298883166921,5.613300000000011,2.687000000000001,96.28364174062555,47.97020461576131,31.182117642181524,0.498217596972352,0.6500309492516982,11.603836099873421,43.52465332953795,34.20859795461979,5.612929582356206,2.686176082651212,25.27733803890808,3413.154771872724
2077,207.69999999999249,43.51586311949268,34.25203887263919,9.215692645114709,3411.9124840106774,25.365654402559095,134.0563689758793,135.57319200000003,11.591690544875217,0.1,9.482607674726005,3744.3605227676344,34.0,25.426044964639956,3414.874891310044,5.732788470127589,2.732298883166921,5.613300000000011,2.687000000000001,96.2669563589068,47.89762201345384,31.14687249407972,0.49754997794757083,0.65028014303781,11.595649677682873,43.482607674726005,34.26899227726873,5.613924000377256,2.687479714708776,25.292095166666776,3411.8745628730007
2078,207.79999999999248,43.51003583458177,34.25708621066559,9.216819839009696,3407.808160093652,25.36928723897644,134.13641054741376,135.57319200000003,11.586227606142515,0.1,9.520453144733011,3744.3605227676344,34.0,25.426044964639956,3414.874891310044,5.732788470127589,2.732298883166921,5.6700000000000115,2.687000000000001,96.29318265909028,47.868568099587634,31.13219357770495,0.49711274233253044,0.650368181328013,11.580781857727484,43.52045314473301,34.27235537113967,5.670393675481976,2.6870549818473273,25.405380185074474,3407.9600380528514
2079,207.89999999999247,43.49871010376705,34.26689712477887,9.31829176593619,3403.9204181582954,25.37201421239136,135.53832392203466,135.57319200000003,11.566811963421557,0.1,9.47368310824988,3744.3605227676344,34.0,25.426044964639956,3414.874891310044,5.732788470127589,2.732298883166921,5.6700000000000115,2.687000000000001,97.42344013641136,48.31368086460626,31.08002374571374,0.49591433844830274,0.6432965402245393,11.525216154793842,43.47368310824988,34.22486005927696,5.668595601093433,2.686363409903738,25.391158768843543,3404.029694884915
2080,207.99999999999247,43.4902084914487,34.27426256946539,9.317776948429646,3403.826069718129,25.365487039490333,135.7397201897715,135.57319200000003,11.548420869069801,0.1,9.443336625821175,3744.3605227676344,34.0,25.426044964639956,3414.874891310044,5.777747557909505,2.5056848717132816,5.6700000000000115,2.687000000000001,97.39269672101683,48.38412898926432,31.030606875190568,0.49679422193084505,0.6413385447545367,11.594988689722609,43.443336625821175,34.28957298390684,5.668513738369285,2.6877299137842083,25.251994318149638,3403.755406164104
2081,208.09999999999246,43.51055760568494,34.256634260311884,9.309362445989361,3404.276673131493,25.357801123212344,135.6097674465162,135.57319200000003,11.547974550591391,0.1,9.478645038689834,3744.3605227676344,34.0,25.426044964639956,3414.874891310044,5.777747557909505,2.5056848717132816,5.6700000000000115,2.667000000000001,97.27037044789898,48.34420664447407,30.798448126427253,0.49700855894620777,0.637065954001908,11.65038156172593,43.478645038689834,34.27986155902675,5.66953089816761,2.6678884307206885,25.292562946980997,3404.0340549295966
2082,208.19999999999246,43.5345192182732,34.23588228152764,9.30003392400706,3404.3756414867494,25.353616737561588,135.43632649674294,134.64087200000003,11.574078837389244,0.1,9.549693973422016,3744.3605227676344,34.0,25.426044964639956,3414.874891310044,5.777747557909505,2.5056848717132816,5.6700000000000115,2.647000000000001,97.15143882775708,48.2837794639821,30.63658668256934,0.49699500127410334,0.6345109480384213,11.579408473391775,43.549693973422016,34.219402920707616,5.671847403529621,2.64608952826873,25.540257962792506,3404.205441310599
2083,208.29999999999245,43.547564458978,34.22458708156893,9.29481023096301,3406.5280368974004,25.353511296935995,135.34773074719536,133.70855200000005,11.5985197026847,0.1,9.54535121315358,3744.3605227676344,34.0,25.406384024750192,3420.440384483668,5.777747557909505,2.5056848717132816,5.6700000000000115,2.627000000000001,97.09342493733597,48.282701753483444,30.469311258952718,0.4972808589731495,0.6310606107860245,11.67284409350882,43.54535121315358,34.19832169602745,5.670290059369029,2.625381056178914,25.33218240859635,3406.4521017914017
2084,208.39999999999245,43.54789318067235,34.22430248251393,9.296883523630141,3410.9634393335505,25.35563727304494,135.26490864741749,132.77623200000005,11.632674373924104,0.1,9.565459048354072,3744.3605227676344,34.0,25.406384024750192,3420.440384483668,5.777747557909505,2.5056848717132816,5.6700000000000115,2.607000000000001,97.12443391113625,48.3159836289769,30.32638209282015,0.49746476435768455,0.6276676953469346,11.544051434192891,43.56545904835407,34.21965164008405,5.668605945452532,2.60621157576115,25.333204268345835,3410.7915962613665
2085,208.49999999999244,43.541265237555095,34.23004101922808,9.304143129375856,3417.697471533292,25.35765305462556,135.14174806617186,131.84391200000005,11.677628886899358,0.1,9.55660541378024,3744.3605227676344,34.0,25.406384024750192,3420.440384483668,5.777747557909505,2.5056848717132816,5.6700000000000115,2.587000000000001,97.21223147486519,48.36729134973557,30.21002593040865,0.49754326812507355,0.6245961906769835,11.787140300467206,43.55660541378024,34.21315914274073,5.67185125005997,2.5866310755169803,25.483900196084207,3417.6512998043677
2086,208.59999999999243,43.534980836899365,34.23548255799524,9.313639010986321,3426.6209828629444,25.358187515081617,134.93025149123227,130.91159200000004,11.733457145499933,0.1,9.512781097705215,3744.3605227676344,34.0,25.406384024750192,3420.440384483668,5.818451376993545,2.4526877687566384,5.6700000000000115,2.567000000000001,97.31902570368372,48.41768462358843,30.11978449249834,0.4975150981372363,0.6220822975459755,11.745226112942797,43.512781097705215,34.25798499739411,5.670748856979446,2.565526562602052,25.523804640884613,3426.728418690432
2087,208.69999999999243,43.53331460298155,34.23692538968369,9.323529122654248,3437.494947723682,25.35712021283901,134.6064760730457,129.97927200000004,11.799642808971749,0.1,9.503929727100825,3744.3605227676344,34.0,25.406384024750192,3420.440384483668,5.818451376993545,2.4526877687566384,5.726700000000012,2.567000000000001,97.42401893831642,48.45478164383234,30.28968309063049,0.49735970833343746,0.6251123637967311,11.706091078105645,43.503929727100825,34.21436331445528,5.726099033118252,2.5665687727601436,25.4070502567502,3437.34357909952
2088,208.79999999999242,43.5366420244531,34.234044126345864,9.433788375471988,3450.015554309917,25.355071769664224,135.3290491887866,129.97927200000004,11.851082466504765,0.1,9.543985854066506,3744.3605227676344,34.0,25.406384024750192,3420.440384483668,5.818451376993545,2.4526877687566384,5.726700000000012,2.547000000000001,98.63222523601816,48.8923262500881,30.18470704218765,0.49570336807359966,0.617371055077038,11.881395783239855,43.543985854066506,34.22794664519334,5.728601749177269,2.5464736458678345,25.263668262726974,3450.047956131207
2089,208.89999999999242,43.54302825089482,34.22851453839796,9.444011244674886,3464.491348860453,25.34516988552652,134.81433883690306,129.04695200000003,11.934284310411407,0.1,9.539585867890729,3744.3605227676344,34.0,25.364306719207978,3441.290982854257,5.818451376993545,2.4526877687566384,5.726700000000012,2.527000000000001,98.70641303874909,48.91073451186232,30.157936452409636,0.4955172922012826,0.6165913628856959,11.967956283112438,43.53958586789073,34.2302461094548,5.727943278010145,2.527705767493208,25.37522766108145,3464.305021294626
2090,208.9999999999924,43.573898364882524,34.201791592289645,9.446001893124294,3480.0971402791065,25.33539578007693,134.05970932336106,128.11463200000003,12.026735236928145,0.1,9.606799517177372,3744.3605227676344,34.0,25.364306719207978,3441.290982854257,5.818451376993545,2.4526877687566384,5.726700000000012,2.507000000000001,98.69028623690812,48.856039429911384,30.15102523897887,0.49504405441313065,0.6171401855492886,11.954718422185,43.60679951717737,34.151029724569156,5.725645225997841,2.5080705842840407,25.323054264486185,3480.124304428069
2091,209.0999999999924,43.60437011603217,34.175423728903034,9.449532628796922,3496.1837388201466,25.32981838653022,133.26703778669977,127.18231200000002,12.124531651742284,0.1,9.627537892954308,3744.3605227676344,34.0,25.364306719207978,3441.290982854257,5.818451376993545,2.4526877687566384,5.726700000000012,2.487000000000001,98.70746289742353,48.79166184920901,30.153710217883074,0.49430570310487204,0.6180094933243582,12.072164739901257,43.62753789295431,34.16769917729579,5.727991072986411,2.487855349756959,25.25742544667629,3496.1235605562283
2092,209.1999999999924,43.62175819815339,34.16038200409779,9.459208095672778,3512.6482077646174,25.328264595554536,132.544073938093,126.24999200000002,12.224602540865632,0.1,9.590653402354867,3744.3605227676344,34.0,25.364306719207978,3441.290982854257,5.851019042913722,2.4296701673253125,5.726700000000012,2.487000000000001,98.80800824117777,48.75549723136105,30.40258651913284,0.49343669707778226,0.6235724840393373,12.253309952088737,43.59065340235487,34.17614444521582,5.725358474038749,2.486716414460898,25.33543753461987,3512.5681382687517
2093,209.2999999999924,43.62660229689918,34.156192160495486,9.474598051188845,3529.679166962516,25.328428237454595,131.88833227923806,126.24999200000002,12.302488266524406,0.1,9.628748233545885,3744.3605227676344,34.0,25.364306719207978,3441.290982854257,5.851019042913722,2.4296701673253125,5.726700000000012,2.467000000000001,98.97820788532896,48.74950674227851,30.350238553515723,0.4925276763826354,0.6225752952530731,12.271948449348214,43.628748233545885,34.11259364215251,5.726090365551837,2.4669165169354614,25.53863136634766,3529.5516520017813
2094,209.3999999999924,43.62609212691156,34.1566334136394,9.492899803468488,3544.9357753422705,25.32811214555666,131.24410194599318,125.31767200000003,12.40702648558661,0.1,9.611240034085483,3744.3605227676344,34.0,25.364306719207978,3441.290982854257,5.851019042913722,2.4296701673253125,5.726700000000012,2.467000000000001,99.17861258896248,48.72106626839703,30.608134339942175,0.49124569296323434,0.6282320294742024,12.326494598598513,43.61124003408548,34.15240189896152,5.728413961929912,2.4660091322847824,25.368353895093744,3544.872338828433
2095,209.49999999999238,43.627077575012564,34.15578108838574,9.508793819383655,3560.9719165288907,25.32634287873297,130.65535630054504,125.31767200000003,12.479198386105029,0.1,9.580468807933002,3744.3605227676344,34.0,25.439502864055243,3485.042323657393,5.851019042913722,2.4296701673253125,5.783400000000012,2.467000000000001,99.34678498690187,48.72191892170143,30.78618241852112,0.49042270394683685,0.6318754084377518,12.444438123559864,43.580468807933,34.137327293108456,5.782103553236258,2.4660055777610514,25.284882494973342,3561.1184246804705
2096,209.59999999999238,43.6325934412621,34.15101054942142,9.61986985619312,3575.4149893118597,25.323512686695487,131.0958316648749,125.31767200000003,12.555057892858564,0.1,9.639889399444009,3744.3605227676344,34.0,25.439502864055243,3485.042323657393,5.851019042913722,2.4296701673253125,5.783400000000012,2.467000000000001,100.55924333109203,49.084453167614065,30.973327821682087,0.4881147823080087,0.6310211446364508,12.534004406677505,43.63988939944401,34.171806024692934,5.783389126866514,2.4670885973109455,25.181093964572938,3575.528229846193
2097,209.69999999999237,43.641416847958155,34.14338009184349,9.631597509399747,3591.049930588338,25.313075179901716,130.4782823170238,125.31767200000003,12.623381335797294,0.1,9.58230597742007,3744.3605227676344,34.0,25.439502864055243,3485.042323657393,5.851019042913722,2.4296701673253125,5.783400000000012,2.467000000000001,100.64692911261186,49.066862875871834,31.141881755411937,0.4875147538875418,0.6346825521369467,12.583625011814114,43.58230597742007,34.13669703948634,5.785446035624122,2.4675847812559333,25.134155694551996,3590.9125449932835
2098,209.79999999999237,43.67395681913841,34.11524698662245,9.635054908435333,3605.013864424909,25.302994394078397,129.65832025810198,125.31767200000003,12.697342952844156,0.1,9.705611820361028,3744.3605227676344,34.0,25.439502864055243,3485.042323657393,5.8721131199576675,2.4255669302324177,5.783400000000012,2.467000000000001,100.64490124305262,48.94811229797527,31.324345064666545,0.48634468009231707,0.639950012249242,12.69341868459137,43.70561182036103,34.08422722413947,5.784693970638759,2.4670442071277194,25.39111861017043,3604.826069016363
2099,209.89999999999236,43.7053846770212,34.088086392078985,9.637673699571604,3616.7590886058583,25.297232084866454,128.91595756217126,125.31767200000003,12.763399812836454,0.1,9.685518307363381,3744.3605227676344,34.0,25.439502864055243,3485.042323657393,5.8721131199576675,2.4255669302324177,5.783400000000012,2.467000000000001,100.6507985548504,48.82641946149686,31.487307338267545,0.4851071244595098,0.6448825796677052,12.838308935357116,43.68551830736338,34.106577066652314,5.784048120810227,2.4670635013452413,25.343960535048023,3616.9301408131028
2100,209.99999999999235,43.723349252220345,34.072565900012414,9.64351420155317,3626.495576817242,25.295694206516053,128.3467830228558,125.31767200000003,12.818960991969742,0.1,9.700664846009353,3744.3605227676344,34.0,25.439502864055243,3485.042323657393,5.8721131199576675,2.4255669302324177,5.783400000000012,2.467000000000001,100.70894524391808,48.74170953129069,31.624376767189368,0.4839859002915558,0.6488155026012677,12.842166425093627,43.70066484600935,34.084650792256696,5.78454786482061,2.4678318199664915,25.38365203948691,3626.4137462385147
2101,210.09999999999235,43.728143741765564,34.0684242990868,9.652363367268467,3634.69195346813,25.296242861334672,127.93573473067465,125.31767200000003,12.865019777847948,0.1,9.755412521699704,3744.3605227676344,34.0,25.59094411060454,3544.3569650008426,5.8721131199576675,2.4255669302324177,5.783400000000012,2.467000000000001,100.8085027727549,48.69541760391899,31.7380037919509,0.4830487137944052,0.651765717466537,12.922224533873083,43.755412521699704,34.07801670316949,5.784790648351756,2.465794302842633,25.081416560024664,3634.623343796862
2102,210.19999999999234,43.726433255503025,34.06990183134705,9.662051628114632,3641.7760874184373,25.296798076986633,127.62316420985267,125.31767200000003,12.90379301404403,0.1,9.745125427366354,3744.3605227676344,34.0,25.59094411060454,3544.3569650008426,5.8721131199576675,2.4255669302324177,5.783400000000012,2.467000000000001,100.91732401433292,48.67112283370679,31.833657365646634,0.48228709301481487,0.6540563585190291,12.809403638895112,43.745125427366354,34.11908565675968,5.78262820840149,2.4676377250577977,25.190695896242865,3641.743142736396
2103,210.29999999999234,43.72470231518648,34.07139706461323,9.67054448080735,3648.014446585552,25.29638142769079,127.3538699016872,125.31767200000003,12.937304748631071,0.1,9.676901149503223,3744.3605227676344,34.0,25.59094411060454,3544.3569650008426,5.8721131199576675,2.4255669302324177,5.783400000000012,2.467000000000001,101.00911481432409,48.65162083287294,31.916330814872865,0.48165574881340967,0.6560178318521226,12.96024835767225,43.67690114950322,34.0893207476009,5.783086800782267,2.4673605577926616,25.356943558413427,3648.1373721288974
2104,210.39999999999233,43.7260012610312,34.07027499683373,9.676963498138699,3653.524130717975,25.295080259619525,127.09950269488327,125.31767200000003,12.966815517079752,0.1,9.7863045297484,3744.3605227676344,34.0,25.59094411060454,3544.3569650008426,5.888122359755617,2.420873309916208,5.783400000000012,2.467000000000001,101.07454863666551,48.62778063379412,31.98913388063576,0.48110806617200214,0.6578366000607635,12.917877964522104,43.7863045297484,34.07010879214939,5.784234102197861,2.4669465150843872,25.256485628707267,3653.6474609559414
2105,210.49999999999233,43.730057782610174,34.066770972679784,9.68154464793478,3658.345530591793,25.293477333598403,126.85741324003465,125.31767200000003,12.992879263699926,0.1,9.777185948101192,3744.3605227676344,34.0,25.59094411060454,3544.3569650008426,5.888122359755617,2.420873309916208,5.783400000000012,2.467000000000001,101.1185475265766,48.59920791682608,32.05343314354773,0.4806161590093344,0.6595464106823467,12.960826577216286,43.77718594810119,34.027123350259636,5.78163901040142,2.4664327315998507,25.22745240594011,3658.292358131696
2106,210.59999999999232,43.73505506477362,34.062454567132384,9.685026848704455,3662.511868191506,25.29209928390946,126.63705609936244,125.31767200000003,13.015687058420177,0.1,9.818004435191938,3744.3605227676344,34.0,25.59094411060454,3544.3569650008426,5.888122359755617,2.420873309916208,5.840100000000012,2.467000000000001,101.15134901154343,48.570040341020274,32.10969997312259,0.48017194842826505,0.6611009533381846,12.957378290055669,43.81800443519194,34.05107225554576,5.8381234305876175,2.4668025508529783,25.06856310696356,3662.4793175252794
2107,210.69999999999231,43.73935127248387,34.05874393374112,9.778992638878051,3666.0819483054306,25.291161378270623,127.4559881097572,125.31767200000003,13.0353960589587,0.1,9.775991241969564,3744.3605227676344,34.0,25.59993513491186,3592.5529804293014,5.888122359755617,2.420873309916208,5.840100000000012,2.467000000000001,102.18135767064054,48.93178178040096,32.158322077451125,0.4788719086912307,0.6572072568657567,13.031021310450939,43.775991241969564,34.01655950731462,5.8376501589522425,2.466050645845564,25.3083771350579,3666.0930180922282
2108,210.7999999999923,43.74227528710351,34.056218578759754,9.781868004062979,3671.8679508989267,25.283735535615257,127.29613128911056,125.31767200000003,13.052284443350011,0.1,9.719082635731986,3744.3605227676344,34.0,25.59993513491186,3592.5529804293014,5.888122359755617,2.420873309916208,5.840100000000012,2.467000000000001,102.18297966835529,48.9475407988559,32.19998572174449,0.47901853085239693,0.6578468539219673,13.111039180358278,43.719082635731986,34.0057497242071,5.841120125099887,2.4672444404128946,25.26529525930401,3671.739664770183
2109,210.8999999999923,43.765426094165875,34.03622745465752,9.779925367373078,3677.2214019278395,25.276503971492982,126.93510169732343,125.31767200000003,13.079655323770016,0.1,9.791857660734365,3744.3605227676344,34.0,25.59993513491186,3592.5529804293014,5.888122359755617,2.420873309916208,5.840100000000012,2.467000000000001,102.13239422750483,48.87988009420624,32.26750968374064,0.4785933049344163,0.66013888785225,13.106939513825052,43.791857660734365,34.06218250750198,5.840203800030392,2.467119261407675,25.42524526741368,3676.977749256043
2110,210.9999999999923,43.78797121847349,34.01676499030253,9.777979143319484,3681.597954291079,25.272675262335955,126.60011764345238,125.31767200000003,13.104980004424572,0.1,9.735374246738608,3744.3605227676344,34.0,25.59993513491186,3592.5529804293014,5.894169414418751,2.4158026154849614,5.840100000000012,2.467000000000001,102.09552829185704,48.80890748577412,32.329985670915434,0.4780709625816887,0.6623788020729281,13.205593251737907,43.73537424673861,34.0544949680457,5.839539173884012,2.466494082602801,25.40820287079158,3681.639317334688
2111,211.0999999999923,43.79990760214143,34.00646295695141,9.778774792592206,3685.068083793997,25.272164061962098,126.36305674880713,125.31767200000003,13.125683432992126,0.1,9.696710469514251,3744.3605227676344,34.0,25.59993513491186,3592.5529804293014,5.894169414418751,2.4158026154849614,5.840100000000012,2.447000000000001,102.10220988354833,48.76343117984097,32.11854736053174,0.4775942776895586,0.6586605286670167,13.170215481452326,43.69671046951425,34.053479648848324,5.838153050488621,2.446426185739826,25.326891579257335,3685.0887866369962
2112,211.1999999999923,43.801501320426965,34.005087571426806,9.782135157940276,3687.89675764638,25.273271300716456,126.21598521357613,124.38535200000003,13.166071689799804,0.1,9.799520665687112,3744.3605227676344,34.0,25.59993513491186,3592.5529804293014,5.894169414418751,2.4158026154849614,5.840100000000012,2.447000000000001,102.14362597536774,48.74406380953046,32.21737742494013,0.4772110187402711,0.6609497630487053,13.147174018218122,43.79952066568711,33.957628440538386,5.840783782318623,2.44670220781647,25.363241306144246,3687.938852525233
2113,211.29999999999228,43.798049392886384,34.00806663441487,9.786504700942386,3692.8502107271293,25.27434900816264,126.1203491205929,124.38535200000003,13.179452826864587,0.1,9.84476471114725,3744.3605227676344,34.0,25.555863811612742,3631.122896887188,5.894169414418751,2.4158026154849614,5.840100000000012,2.447000000000001,102.19602094221884,48.77255126846765,32.25012106733766,0.47724511012071036,0.6612350641617543,13.136884748459075,43.84476471114725,34.046654035447716,5.839008671864794,2.447431688615857,25.26842416908843,3692.774342273469
2114,211.39999999999227,43.79468953215215,34.010966367770706,9.7932485119996,3697.544885099011,25.27461152205366,125.93911172306976,124.38535200000003,13.202885303734146,0.1,9.760216415084855,3744.3605227676344,34.0,25.555863811612742,3631.122896887188,5.894169414418751,2.4158026154849614,5.840100000000012,2.447000000000001,102.27122553882903,48.76437899728273,32.30746033823747,0.47681426266636945,0.6625217218502407,13.262740589914376,43.760216415084855,34.009202580510404,5.840718014536668,2.44630600102388,25.14061820627547,3697.684934862277
2115,211.49999999999227,43.793871118845516,34.01167271945443,9.798840874899351,3701.749154872937,25.273892575904664,125.75515112570413,124.38535200000003,13.225093619193263,0.1,9.820438386847954,3744.3605227676344,34.0,25.555863811612742,3631.122896887188,5.894169414418751,2.4158026154849614,5.840100000000012,2.447000000000001,102.32979846882263,48.74851458428373,32.361804086165925,0.47638630500319223,0.6638521063080598,13.163043093035657,43.820438386847954,34.01028188034863,5.838656871289909,2.447211719591601,25.402353944552974,3701.6076289718
2116,211.59999999999226,43.79611250535963,34.009738253299375,9.802842267953313,3705.455651427739,25.272636449182986,125.57518266696879,124.38535200000003,13.244982059161288,0.1,9.816761289993053,3744.3605227676344,34.0,25.555863811612742,3631.122896887188,5.893830230651013,2.4140579580217487,5.840100000000012,2.447000000000001,102.36870148925095,48.72749166326788,32.41047109876769,0.4759998999145693,0.6651372765653684,13.302969744466681,43.81676128999305,33.98297112838049,5.8380654725485535,2.446989696904202,25.31098956106966,3705.3915014462873
2117,211.69999999999226,43.800028606027126,34.00635852911763,9.805721734244912,3708.675176966311,25.27139349017692,125.4067797433802,124.38535200000003,13.262515766127247,0.1,9.803605094925807,3744.3605227676344,34.0,25.555863811612742,3631.122896887188,5.893830230651013,2.4140579580217487,5.840100000000012,2.447000000000001,102.39532032627106,48.70442617015952,32.45337607971339,0.4756508990349207,0.6663331986774764,13.285850099941316,43.80360509492581,34.06476136606478,5.838274867660891,2.4471833972303534,25.433403031374006,3708.5699361365237
2118,211.79999999999225,43.80390365502444,34.003014399229016,9.808075654855724,3711.439026307996,25.27048386535506,125.25830508609656,124.38535200000003,13.277745840276275,0.1,9.820610988565278,3744.3605227676344,34.0,25.555863811612742,3631.122896887188,5.893830230651013,2.4140579580217487,5.840100000000012,2.447000000000001,102.41751004376353,48.6830163008818,32.490644071156055,0.47533879978217886,0.6673917628757844,13.318982685564132,43.82061098856528,33.985646653364675,5.8410653659977205,2.4465413740317543,25.18688452403869,3711.401056317018
2119,211.89999999999225,43.806739501369066,34.00056719542754,9.810272449189155,3713.801122724474,25.269941456391454,125.13345799207409,124.38535200000003,13.290820322806784,0.1,9.792618544882146,3744.3605227676344,34.0,25.504349116334012,3659.0055271963356,5.893830230651013,2.4140579580217487,5.840100000000012,2.447000000000001,102.43945937964426,48.665445887953766,32.522637329908214,0.4750654306715726,0.6682901335125462,13.207682021491765,43.792618544882146,34.0164562162264,5.83998650886103,2.4480236954901424,25.31715691398979,3713.7496240425066
2120,211.99999999999224,43.80843051555401,33.9991079705791,9.812403152596097,3715.825399299205,25.269631989239556,125.03049754551195,124.38535200000003,13.301994299574204,0.1,9.8198210238059,3744.3605227676344,34.0,25.504349116334012,3659.0055271963356,5.893830230651013,2.4140579580217487,5.840100000000012,2.447000000000001,102.46162572570411,48.65190789450839,32.54998005105809,0.4748305285019823,0.6690381006565251,13.315102226171494,43.8198210238059,34.01020156189104,5.8400824627757055,2.447551016562604,25.32149292135967,3715.868461876993
2121,212.09999999999224,43.80939531034676,33.99827543539522,9.814395871182557,3717.5710784261037,25.269399473737277,124.94471248466989,124.38535200000003,13.311570208186179,0.1,9.802778316814532,3744.3605227676344,34.0,25.504349116334012,3659.0055271963356,5.893830230651013,2.4140579580217487,5.840100000000012,2.447000000000001,102.48258686139782,48.64136796307572,32.573412299431595,0.47463056361819356,0.6696648072101608,13.32982930980477,43.80277831681453,33.96662429849287,5.839025781303849,2.4469181161016054,25.31534808229298,3717.4575214015013
2122,212.19999999999223,43.810120200676664,33.99764992390119,9.816152828671441,3719.084634443491,25.269152210858394,124.8712909228771,124.38535200000003,13.319828202174595,0.1,9.81432653448941,3744.3605227676344,34.0,25.504349116334012,3659.0055271963356,5.897873906835482,2.4128058890361377,5.840100000000012,2.447000000000001,102.50089631568426,48.63257672070192,32.59361961072125,0.47446001419267947,0.67020137135458,13.291879750858245,43.81432653448941,34.037035119244855,5.839468888575532,2.4485156028200206,25.29455205439982,3719.2087198582194
2123,212.29999999999222,43.810891067427875,33.99698474543784,9.817630243058938,3720.3995213562434,25.268874262314128,124.80694822468814,124.38535200000003,13.32698812996437,0.1,9.795319167217833,3744.3605227676344,34.0,25.504349116334012,3659.0055271963356,5.897873906835482,2.4128058890361377,5.840100000000012,2.447000000000001,102.51600822783084,48.6247029557002,32.611139954022825,0.474313268691042,0.6706702143503762,13.277588113067425,43.79531916721783,33.983709033369436,5.839924600132375,2.4467587476445045,25.228595864492494,3720.4649642377963
2124,212.39999999999222,43.81175759980948,33.99623702517746,9.81884923101199,3721.540305377054,25.26859319134234,124.75009761441565,124.38535200000003,13.333208246853921,0.1,9.812020958589088,3744.3605227676344,34.0,25.504349116334012,3659.0055271963356,5.897873906835482,2.4128058890361377,5.840100000000012,2.447000000000001,102.52826658527896,48.617456970135215,32.62636058005156,0.47418588638380166,0.671083240739912,13.271457098318477,43.81202095858909,34.00026746067113,5.83933353360372,2.445768811317679,25.38798764416645,3721.4067520716644
2125,212.4999999999922,43.81263386667112,33.995480913516275,9.819866350430447,3722.527259111979,25.26834195382518,124.70017801845033,124.38535200000003,13.33860476414096,0.1,9.78417143392435,3744.3605227676344,34.0,25.49848245603799,3684.1117018839263,5.897873906835482,2.4128058890361377,5.840100000000012,2.447000000000001,102.53842686867318,48.61089057214571,32.63956585785294,0.4740748620456646,0.6714455438624607,13.33677192624259,43.78417143392435,33.945643442982266,5.8387370193704475,2.446391966500235,25.388110893275645,3722.390666644053
2126,212.5999999999922,43.813417124754636,33.994805064230356,9.820738865973265,3723.3791369755663,25.268137154315472,124.65688035013541,124.38535200000003,13.3432735820722,0.1,9.802261034652595,3744.3605227676344,34.0,25.49848245603799,3684.1117018839263,5.897873906835482,2.4128058890361377,5.840100000000012,2.447000000000001,102.54718599120673,48.60513262829205,32.650990455330685,0.4739782194750801,0.6717601349846994,13.388138245411369,43.802261034652595,33.9755732024085,5.839464714729705,2.447734731954548,25.27544832835008,3723.4354009808326
2127,212.6999999999922,43.814055607706095,33.99425414192012,9.821505253958973,3724.1138570344588,25.267976629088622,124.61970379170396,124.38535200000003,13.347303419038209,0.1,9.836584795378393,3744.3605227676344,34.0,25.49848245603799,3684.1117018839263,5.897873906835482,2.4128058890361377,5.840100000000012,2.447000000000001,102.55495816967768,48.60022526936084,32.66085146638651,0.4738944477842947,0.6720308658111709,13.414103156920362,43.83658479537839,33.99330179517884,5.840121224115717,2.445925975124163,25.288514602478745,3724.10556274655
2128,212.7999999999922,43.81455606115331,33.993822323066425,9.822183541102584,3724.7479822081887,25.267848032002743,124.5878940637407,124.38535200000003,13.350779037057585,0.1,9.799032188007196,3744.3605227676344,34.0,25.49848245603799,3684.1117018839263,5.895412158038204,2.4106110890717902,5.840100000000012,2.447000000000001,102.56189149498924,48.59609316095577,32.66935630367992,0.47382212294056586,0.6722630190759432,13.308658758171106,43.799032188007196,34.02824094569604,5.840950457956773,2.448017915108941,25.27846678883476,3724.8442717905023
2129,212.8999999999922,43.81495697542826,33.993476394083125,9.82277969110811,3725.296034435242,25.267738604994225,124.56059694839166,124.38535200000003,13.353778787579817,0.1,9.811760318848492,3744.3605227676344,34.0,25.49848245603799,3684.1117018839263,5.895412158038204,2.4106110890717902,5.840100000000012,2.447000000000001,102.56799977069555,48.592594561617226,32.67669669320782,0.47375979516274525,0.6724624809192387,13.345353235920674,43.81176031884849,34.04256274235046,5.840107126496371,2.4465044722829106,25.18545671887255,3725.3557598338803
2130,212.99999999999218,43.815298125070015,33.99318203441509,9.823296979124422,3725.7702242527644,25.267640551883865,124.53703504822721,124.38535200000003,13.356371367124709,0.1,9.803841083817424,3744.3605227676344,34.0,25.49848245603799,3684.1117018839263,5.895412158038204,2.4106110890717902,5.840100000000012,2.447000000000001,102.57328737294384,48.589586920265624,32.683040735354176,0.47370605120219916,0.6726346694197315,13.309608708363317,43.803841083817424,33.989386365922975,5.84097516996448,2.4491802075558593,25.307140979431015,3725.647996166094
2131,213.09999999999218,43.81560381544686,33.99291827172153,9.823741244333812,3726.180658662545,25.267551421780528,124.51660009715928,124.38535200000003,13.35861453805007,0.1,9.816976058601313,3744.3605227676344,34.0,25.448203885223883,3698.655510105972,5.895412158038204,2.4106110890717902,5.840100000000012,2.447000000000001,102.57780854919548,48.586965781137586,32.68852977460853,0.47365961964215364,0.6727839297859357,13.30162630987776,43.81697605860131,33.97557862652079,5.839940089671372,2.447683604031313,25.27769315062275,3726.2152316402935
2132,213.19999999999217,43.815881687457036,33.99267851278916,9.824121501445472,3726.535798778213,25.267471740500916,124.49884996685006,124.38535200000003,13.360556111868753,0.1,9.799565877169051,3744.3605227676344,34.0,25.448203885223883,3698.655510105972,5.895412158038204,2.4106110890717902,5.840100000000012,2.447000000000001,102.5816645297916,48.58466973178486,32.69328080574285,0.4736194324247388,0.6729135133824815,13.44623404071862,43.79956587716905,34.00785280981362,5.839832291598783,2.4480794774392693,25.305327348719278,3726.6327156699194
2133,213.29999999999217,43.81613010181435,33.99246417179777,9.824447987039402,3726.8429093721775,25.26740242780738,124.48345393179876,124.38535200000003,13.362236114164158,0.1,9.82562512806009,3744.3605227676344,34.0,25.448203885223883,3698.655510105972,5.895412158038204,2.4106110890717902,5.840100000000012,2.447000000000001,102.58497157167943,48.582665009436056,32.69739177135971,0.47358462224157055,0.673025898538275,13.330691575005568,43.82562512806009,33.980815275084574,5.841030492869206,2.4472903645088886,25.15922438628541,3726.83543538915
2134,213.39999999999216,43.81634619106772,33.99227772263782,9.824729983499042,3727.10836031707,25.267343400367395,124.47013521287455,124.38535200000003,13.363688911187197,0.1,9.859507055594293,3744.3605227676344,34.0,25.448203885223883,3698.655510105972,5.895766071711504,2.408018353795107,5.840100000000012,2.447000000000001,102.5878313692797,48.580927074289335,32.700946765675084,0.473554479374998,0.6731231521306543,13.369605374638345,43.85950705559429,34.02192112422349,5.840372571614415,2.4486200203173416,25.15621717108885,3727.0449278717033
2135,213.49999999999216,43.81653021501461,33.99211894091853,9.824974710832427,3727.337772557542,25.267293471091264,124.45863763290482,124.38535200000003,13.364944635835194,0.1,9.812675886096699,3744.3605227676344,34.0,25.448203885223883,3698.655510105972,5.895766071711504,2.408018353795107,5.840100000000012,2.447000000000001,102.59031846555824,48.579429540792624,32.70401952388873,0.4735284017770329,0.673207154407337,13.316435063402292,43.8126758860967,34.0211807945111,5.839618170669915,2.4455318853851846,25.33635924739062,3727.363935016213
2136,213.59999999999215,43.816685874525874,33.99198463322679,9.825187388693132,3727.536073856456,25.26725094448877,124.4487182588934,124.38535200000003,13.366029878176409,0.1,9.773533096141925,3744.3605227676344,34.0,25.448203885223883,3698.655510105972,5.895766071711504,2.408018353795107,5.840100000000012,2.447000000000001,102.59248335111579,48.5781420621988,32.70667511189769,0.4735058600340477,0.6732796628990154,13.37967012633761,43.773533096141925,33.97377889625543,5.8406387133449496,2.4459768090428806,25.24748507620771,3727.4635920931705
2137,213.69999999999214,43.816818455461814,33.99187023863084,9.825371917581656,3727.7075346318875,25.267214251466026,124.44015422765354,124.38535200000003,13.366967949159267,0.1,9.81033712992108,3744.3605227676344,34.0,25.413837078826084,3712.2585892241464,5.895766071711504,2.408018353795107,5.840100000000012,2.447000000000001,102.59436252919703,48.577033485254034,32.708970571592744,0.47348638158777623,0.6733422818320478,13.413559332890094,43.81033712992108,33.995851461422305,5.8403404195437,2.44951500270401,25.224396533296684,3727.764157438475
2138,213.79999999999214,43.816932849629524,33.99177153624964,9.825531577684313,3727.855822263396,25.26718227173833,124.43275094685394,124.38535200000003,13.367779050140513,0.1,9.86667976317593,3744.3605227676344,34.0,25.413837078826084,3712.2585892241464,5.895766071711504,2.408018353795107,5.840100000000012,2.447000000000001,102.59598750628335,48.57607577830616,32.710955335693846,0.4734695474843125,0.6733964160666597,13.340184105108937,43.86667976317593,34.02171081399685,5.840344232364176,2.4482328088771443,25.23306359982713,3728.019032195907
2139,213.89999999999213,43.81703254962858,33.99168551251138,9.825669424524296,3727.9840775892453,25.26715432524163,124.42634479995058,124.38535200000003,13.36848052978284,0.1,9.825731140826953,3744.3605227676344,34.0,25.413837078826084,3712.2585892241464,5.895766071711504,2.408018353795107,5.840100000000012,2.447000000000001,102.59738910626018,48.57524609932872,32.71267185637862,0.473454992592641,0.6734432552227602,13.416495405535086,43.82573114082695,33.97707301960448,5.84044738733055,2.4468075156490423,25.262825909055017,3727.9595712405826
2140,213.99999999999213,43.8171196756267,33.99161033803556,9.825788366781836,3728.094998722817,25.267129992356985,124.42079993583337,124.38535200000003,13.369087245927592,0.1,9.858108628350564,3744.3605227676344,34.0,25.413837078826084,3712.2585892241464,5.897222993403931,2.405380658369281,5.840100000000012,2.447000000000001,102.59859759604812,48.57452664644513,32.71415649078483,0.47344240354720124,0.6734837938596563,13.363475012920128,43.858108628350564,34.040445097423756,5.841228075803601,2.447139520697758,25.139898500166517,3728.1926314979646
2141,214.09999999999212,43.817195535827864,33.99154488403695,9.825891075244234,3728.190916182228,25.267108932027206,124.41600217208358,124.38535200000003,13.36961196209112,0.1,9.817069243676912,3744.3605227676344,34.0,25.413837078826084,3712.2585892241464,5.897222993403931,2.405380658369281,5.840100000000012,2.447000000000001,102.59964094649294,48.57390326522096,32.71544047123698,0.47343151318193105,0.6735188706702374,13.406932518617785,43.81706924367691,33.96142275204779,5.840665733329261,2.4473174360597443,25.4032561681157,3728.2024274975665
2142,214.19999999999212,43.81726119351198,33.99148823306531,9.825979879933818,3728.2738515229653,25.267090785548692,124.4118532205275,124.38535200000003,13.37006570286799,0.1,9.831615171237225,3744.3605227676344,34.0,25.413837078826084,3712.2585892241464,5.897222993403931,2.405380658369281,5.840100000000012,2.447000000000001,102.60054331113417,48.573363964340274,32.716550774917984,0.47342209306867394,0.6735492069055906,13.404003524918966,43.831615171237225,33.93293133042163,5.841054588495601,2.4485831207212208,25.246636963880402,3728.2135485450513
2143,214.2999999999921,43.8173177669734,33.991439420209446,9.82605673741028,3728.345560345624,25.267075167854262,124.40826687813224,124.38535200000003,13.370458031294607,0.1,9.824335306803285,3744.3605227676344,34.0,25.38614129566344,3721.214591394853,5.897222993403931,2.405380658369281,5.840100000000012,2.447000000000001,102.6013246314953,48.57289799324145,32.71751080257792,0.4734139463374056,0.6735754330970805,13.383037991809674,43.824335306803285,33.94184891048866,5.839006758504258,2.4466842815887935,25.345561038100737,3728.3694564312277
2144,214.3999999999921,43.817366456697556,33.991397409647604,9.826123271016435,3728.4075649967126,25.267061703435605,124.40516717330067,124.38535200000003,13.370797252298804,0.1,9.796321485620112,3744.3605227676344,34.0,25.38614129566344,3721.214591394853,5.897222993403931,2.405380658369281,5.840100000000012,2.447000000000001,102.60200122534846,48.57249554770799,32.71834087637519,0.4734069020839708,0.6735981033595273,13.36150457180223,43.79632148562011,33.957278427172355,5.842674458876597,2.4469182169613486,25.227212077837496,3728.370277480385
2145,214.4999999999921,43.81740843336917,33.99136119127557,9.826180845646999,3728.4611822535744,25.267050063049215,124.40248760269385,124.38535200000003,13.371090567392084,0.1,9.78458354376557,3744.3605227676344,34.0,25.38614129566344,3721.214591394853,5.897222993403931,2.405380658369281,5.840100000000012,2.447000000000001,102.60258675759567,48.572147835061735,32.71905861840844,0.4734008115196563,0.673617702258376,13.313825612878487,43.78458354376557,33.96732709788803,5.840844716098553,2.4462914933622555,25.2877432053851,3728.5381402276867
2146,214.5999999999921,43.817444723437774,33.991329879442056,9.826230637592463,3728.5075489442497,25.267039979032962,124.40017058065781,124.38535200000003,13.371344205634081,0.1,9.845794254729078,3744.3605227676344,34.0,25.38614129566344,3721.214591394853,5.886880202941551,2.402608101358492,5.840100000000012,2.447000000000001,102.60309307015663,48.571847194856296,32.71967927118661,0.4733955453140624,0.6736346497164222,13.336634112755089,43.84579425472908,33.96743844866298,5.841708084828605,2.4460338519357903,25.33912560445109,3728.5433667615675
2147,214.6999999999921,43.81747616136684,33.99130275414812,9.82627367984072,3728.5476460775626,25.267031239261588,124.39816664668655,124.38535200000003,13.371563544828188,0.1,9.806862077155792,3744.3605227676344,34.0,25.38614129566344,3721.214591394853,5.886880202941551,2.402608101358492,5.840100000000012,2.447000000000001,102.60353065536248,48.57158710522116,32.72021599419459,0.4733909914695768,0.6736493070179573,13.360854363069016,43.80686207715579,34.00222810718116,5.838421216430217,2.447361954042063,25.134579207654987,3728.5087763082524
2148,214.79999999999208,43.817503408478075,33.991279244787044,9.826310883526997,3728.582320828702,25.267023670969245,124.39643340847947,124.38535200000003,13.371753225669728,0.1,9.824422055014168,3744.3605227676344,34.0,25.38614129566344,3721.214591394853,5.886880202941551,2.402608101358492,5.840100000000012,2.447000000000001,102.60390882604025,48.57136205766459,32.72068014321384,0.47338705331406894,0.6736619842854602,13.317431815712554,43.82442205501417,34.0209932747651,5.839929388641595,2.4470114125775666,25.304005718196702,3728.6776671707653
2149,214.89999999999208,43.81752700338629,33.991258886627506,9.826343046425306,3728.6123056648585,25.26701712560265,124.3949344172471,124.38535200000003,13.371917255749509,0.1,9.816071701855783,3744.3605227676344,34.0,25.321850381774478,3724.799155527042,5.886880202941551,2.402608101358492,5.840100000000012,2.447000000000001,102.60423574734949,48.57116736788173,32.72108152481906,0.47338364750829925,0.6736729483355237,13.36213818144308,43.81607170185578,33.99401451299995,5.841148333810337,2.4453106022159274,25.04438168476921,3728.57546448322
2150,214.99999999999207,43.81754740922119,33.99124128006923,9.826370859234899,3728.638234427585,25.267011470124512,124.39363817325821,124.38535200000003,13.372059100028281,0.1,9.802225857595374,3744.3605227676344,34.0,25.321850381774478,3724.799155527042,5.886880202941551,2.402608101358492,5.840100000000012,2.447000000000001,102.6045184705725,48.57099899755799,32.72142861776921,0.4733807021519077,0.6736824297028429,13.381397320933887,43.802225857595374,33.98824476944163,5.8408244472463355,2.4471446479990364,25.34787499915665,3728.4427041929707
2151,215.09999999999206,43.81756504073982,33.99122606724961,9.826394915067459,3728.660655724297,25.267006584481937,124.39251735111768,124.38535200000003,13.372181756914891,0.1,9.832443389495104,3744.3605227676344,34.0,25.321850381774478,3724.799155527042,5.886880202941551,2.402608101358492,5.840100000000012,2.447000000000001,102.60476302711528,48.5708534267578,32.72172875917075,0.4733781551049635,0.6736906282388745,13.41142884235814,43.832443389495104,33.99767725705192,5.8402547635858255,2.4478608040471785,25.161785445783668,3728.51802225933
2152,215.19999999999206,43.81758027221912,33.99121292523369,9.82641572223974,3728.6800442234817,25.26700236217078,124.39154822626664,124.38535200000003,13.372287821615217,0.1,9.74124885027171,3744.3605227676344,34.0,25.321850381774478,3724.799155527042,5.887690599579098,2.3998164090328866,5.840100000000012,2.447000000000001,102.60497457140877,48.57072757745999,32.721988299492445,0.47337595258265763,0.6736977173608903,13.397712867636582,43.74124885027171,33.99564687423737,5.839363631716743,2.447498213813421,25.327833400756667,3728.710705359403
2153,215.29999999999205,43.81759343569638,33.9912015675321,9.826433717868785,3728.6968103980826,25.266998710944158,124.39071023230026,124.38535200000003,13.372379539564548,0.1,9.872319506566292,3744.3605227676344,34.0,25.321850381774478,3724.799155527042,5.887690599579098,2.3998164090328866,5.840100000000012,2.447000000000001,102.60515753321492,48.5706187678736,32.722212733314464,0.47337404800680233,0.6737038473752808,13.412756501883388,43.87231950656629,33.98047673825333,5.8410217874245385,2.4472920188608294,25.368713639176924,3728.6267052155154
2154,215.39999999999205,43.8176048187605,33.991191746006784,9.826449279832307,3728.7113090710545,25.26699555224748,124.38998558251077,124.38535200000003,13.372458852518992,0.1,9.840463067230118,3744.3605227676344,34.0,25.321850381774478,3724.799155527042,5.887690599579098,2.3998164090328866,5.840100000000012,2.447000000000001,102.60531574679204,48.57052467616456,32.72240681211399,0.4733724010559669,0.6737091483010507,13.449329705866866,43.84046306723012,33.949738201362315,5.839403829390207,2.4480665276250555,25.19688536580834,3728.8209710571623
2155,215.49999999999204,43.81761466631326,33.99118324935115,9.826462736030056,3728.723846936856,25.26699281944016,124.38935891997995,124.38535200000003,13.372527438980498,0.1,9.747261735056142,3744.3605227676344,34.0,25.26122027169823,3726.7010879332647,5.887690599579098,2.3998164090328866,5.840100000000012,2.447000000000001,102.60545254546719,48.570443301943065,32.72257464318529,0.47337097685349827,0.6737137324393376,13.37310195193573,43.74726173505614,33.99271602405991,5.839929009001669,2.4479566501559447,25.52244855051023,3728.699923715064
2156,215.59999999999204,43.817623186113366,33.9911758983066,9.826474371208036,3728.734689136141,25.266990455565978,124.38881699018468,124.38535200000003,13.372586749777554,0.1,9.851775896858001,3744.3605227676344,34.0,25.26122027169823,3726.7010879332647,5.887690599579098,2.3998164090328866,5.840100000000012,2.447000000000001,102.60557082758864,48.57037292417214,32.72271977670569,0.4733697452527842,0.6737176967488444,13.386289781991216,43.851775896858,34.01683151136555,5.841619784261727,2.447059114402094,25.254564351199793,3728.841230388075
2157,215.69999999999203,43.81763055572752,33.991169539664874,9.826484432224602,3728.744064944565,25.26698841138787,124.38834834458743,124.38535200000003,13.372638039166958,0.1,9.820071440583575,3744.3605227676344,34.0,25.26122027169823,3726.7010879332647,5.887690599579098,2.3998164090328866,5.840100000000012,2.447000000000001,102.6056731064262,48.57031205960842,32.72284528184156,0.4733686802018207,0.6737211249884931,13.336014018693044,43.820071440583575,33.94691575078998,5.838693040657696,2.4474798661850583,25.183527589607916,3728.7801784573753
2158,215.79999999999202,43.81763692865718,33.99116404098175,9.826493132570711,3728.752172659544,25.26698664400256,124.38794308363686,124.38535200000003,13.372682391744938,0.1,9.809237301541721,3744.3605227676344,34.0,25.26122027169823,3726.7010879332647,5.887209479499393,2.3970169973567117,5.840100000000012,2.447000000000001,102.60576155422834,48.570259426163666,32.722953812599876,0.47336775918274065,0.6737240895808925,13.40643795780889,43.80923730154172,34.0464656562081,5.840642411514785,2.4460105945113173,25.286961534489354,3728.744314438861
2159,215.89999999999202,43.81764243865763,33.99115928685049,9.826500656567893,3728.7591837916093,25.26698511597544,124.38759264061149,124.38535200000003,13.372720745564106,0.1,9.798270516591948,3744.3605227676344,34.0,25.26122027169823,3726.7010879332647,5.887209479499393,2.3970169973567117,5.840100000000012,2.447000000000001,102.60583804484956,48.57021391314095,32.72304766439538,0.47336696272497325,0.673726653189435,13.47952522404232,43.79827051659195,33.97302011186865,5.84011054574036,2.4484741454443135,25.28252086111944,3728.7483648945604
2160,215.999999999992,43.81764720243497,33.99115517657471,9.826507163304685,3728.7652466708673,25.26698379476588,124.38728960113745,124.38535200000003,13.372753911960814,0.1,9.854042278147006,3744.3605227676344,34.0,25.26122027169823,3726.7010879332647,5.887209479499393,2.3970169973567117,5.840100000000012,2.447000000000001,102.60590419468224,48.57017455777064,32.72312882256812,0.4733662739876512,0.6737288700423831,13.334780354071146,43.854042278147006,33.972667238865,5.839962975380236,2.4461432390547464,25.174903510252108,3728.70753132472
2161,216.099999999992,43.81765132143789,33.9911516226225,9.82651279020024,3728.770489565103,25.266982652234624,124.38702755047488,124.38535200000003,13.372782592615632,0.1,9.825044945205718,3744.3605227676344,34.0,25.243509203624363,3729.5909837750137,5.887209479499393,2.3970169973567117,5.840100000000012,2.447000000000001,102.60596139982424,48.57014052621968,32.723199004130464,0.47336567840299854,0.6737307870555873,13.407245002759248,43.82504494520572,34.054823003348574,5.839382254780071,2.4473147065051344,25.434097677503892,3728.632734300172
2162,216.199999999992,43.817654883393345,33.99114854930136,9.826517656090164,3728.775023384658,25.266981664134125,124.38680094155328,124.38535200000003,13.37280739430365,0.1,9.833852531545055,3744.3605227676344,34.0,25.243509203624363,3729.5909837750137,5.887209479499393,2.3970169973567117,5.840100000000012,2.447000000000001,102.60601086792563,48.57011109731398,32.723259693861046,0.4733651633707248,0.6737324448012371,13.449431449254323,43.833852531545055,34.02247373805852,5.83911338816287,2.4471521944332655,25.22696312992343,3728.9225271463606
2163,216.299999999992,43.817657963895456,33.991145891387184,9.826521863818176,3728.778944030229,25.266980809581902,124.38660497924913,124.38535200000003,13.37282884168997,0.1,9.832414316809732,3744.3605227676344,34.0,25.243509203624363,3729.5909837750137,5.887209479499393,2.3970169973567117,5.840100000000012,2.447000000000001,102.6060536445352,48.57008564794702,32.72331217561537,0.4733647179942376,0.6737338783547838,13.311868947565165,43.83241431680973,34.00528237917062,5.841139777426959,2.4466798460022847,25.078386487288892,3728.734773677146
2164,216.399999999992,43.81766062804746,33.99114359270765,9.826525502398406,3728.7823344275384,25.266980070561676,124.38643551866389,124.38535200000003,13.372847388436082,0.1,9.79969477076827,3744.3605227676344,34.0,25.243509203624363,3729.5909837750137,5.884778286790707,2.3942032225099115,5.840100000000012,2.447000000000001,102.60609063484047,48.570063639873055,32.72335755950311,0.47336433285160967,0.6737351180375895,13.34256288218563,43.79969477076827,33.968579713970236,5.839463013370008,2.4484864432604443,25.234718599612044,3728.733441341647
2165,216.49999999999199,43.81766293201693,33.99114160480034,9.826528648845368,3728.785266286757,25.266979431492175,124.38628897632643,124.38535200000003,13.372863426824903,0.1,9.786575470297542,3744.3605227676344,34.0,25.243509203624363,3729.5909837750137,5.884778286790707,2.3942032225099115,5.840100000000012,2.427000000000001,102.60612262202984,48.5700446079591,32.455939536904054,0.4733639997963529,0.6682295599865591,13.304884114712202,43.78657547029754,33.95270574817321,5.84013091831305,2.427308763927186,25.138343887577186,3728.876579734432
2166,216.59999999999198,43.81766492438,33.99113988575281,9.826531369756689,3728.7878016216546,25.266978878876458,124.38616225341234,123.45303200000002,13.396849988236715,0.1,9.822674975170855,3744.3605227676344,34.0,25.243509203624363,3729.5909837750137,5.884778286790707,2.3942032225099115,5.840100000000012,2.427000000000001,102.60615028326438,48.57002814999747,32.51415492145052,0.47336371178443387,0.6694283730089255,13.388461157513017,43.822674975170855,34.011122727008555,5.84049159067789,2.425253626397871,25.149963290119686,3728.831590059127
2167,216.69999999999197,43.817666647214764,33.9911383992593,9.826533722702209,3731.312729550541,25.266978401020808,124.38605266977822,123.45303200000002,13.39686198172396,0.1,9.807827083469888,3744.3605227676344,34.0,25.230246423050463,3731.5594019129267,5.884778286790707,2.3942032225099115,5.840100000000012,2.427000000000001,102.60617420380387,48.60287425557859,32.51418402964406,0.47368371964673406,0.6689765683129762,13.381193804741303,43.80782708346989,34.00160559180004,5.84082241835539,2.427616646294132,25.19388710827125,3731.193600097783
2168,216.79999999999197,43.81766813697753,33.99113711386462,9.829449636556614,3733.8373609605037,25.266977987802495,124.28529097209453,123.45303200000002,13.408806238452838,0.1,9.858974230230977,3744.3605227676344,34.0,25.230246423050463,3731.5594019129267,5.884778286790707,2.3942032225099115,5.840100000000012,2.427000000000001,102.63822112298337,48.5963608066344,32.54317274072505,0.4734723602468244,0.6696627525302725,13.340435292260649,43.85897423023098,33.99684153148731,5.840865593202498,2.4268539492580383,25.398838637901182,3733.9743795608224
2169,216.89999999999196,43.81766942522695,33.991136002339374,9.832369359194663,3736.089344448364,25.266757699160035,124.1845931686017,123.45303200000002,13.420749092488949,0.1,9.826994275682623,3744.3605227676344,34.0,25.230246423050463,3731.5594019129267,5.884778286790707,2.3942032225099115,5.840100000000012,2.427000000000001,102.66941645726155,48.58627340735706,32.572158047470694,0.4732302479539483,0.6703983607546763,13.432767249356077,43.82699427568262,34.00701845778175,5.839909770000075,2.4248109496615537,25.342684542124253,3736.129252553058
2170,216.99999999999196,43.81835619709868,33.990543445551786,9.834749500604108,3738.0688529034123,25.26631721928445,124.09148854738818,123.45303200000002,13.431402176333629,0.1,9.815959064093022,3744.3605227676344,34.0,25.230246423050463,3731.5594019129267,5.88583959313148,2.394935108968258,5.840100000000012,2.427000000000001,102.69378588017749,48.57557031195903,32.59801308196173,0.47301372615317466,0.6710783398447571,13.441440136605793,43.81595906409302,34.01733126787259,5.838061528017046,2.4273559415171904,25.470311881872902,3738.0807602995687
2171,217.09999999999195,43.81972943715881,33.98935860949189,9.836589405514763,3739.7964324797745,25.265793653193093,124.00596881458333,123.45303200000002,13.440766307845498,0.1,9.858732150460852,3744.3605227676344,34.0,25.230246423050463,3731.5594019129267,5.88583959313148,2.394935108968258,5.840100000000012,2.427000000000001,102.71187918309785,48.564527773969914,32.62073982914104,0.4728228921544416,0.6716988988540195,13.431749862203874,43.85873215046085,33.97543934599722,5.840345613039525,2.4260450630153736,25.02558020921669,3739.8086723145957
2172,217.19999999999195,43.82136170680522,33.987950308716734,9.838054259940165,3741.2926068894512,25.265324292622207,123.92928864112525,123.45303200000002,13.448938681299635,0.1,9.776304219509711,3744.3605227676344,34.0,25.230246423050463,3731.5594019129267,5.88583959313148,2.394935108968258,5.840100000000012,2.427000000000001,102.72607016773728,48.55391459342381,32.640574179514225,0.4726542591782405,0.6722542240483962,13.555824144998265,43.77630421950971,34.01966432689831,5.840638369903803,2.4273451432935724,25.37411158029182,3741.037137187493
2173,217.29999999999194,43.822824985321006,33.986687836073,9.839308868837639,3742.5812948192415,25.26497386261352,123.862687045442,123.45303200000002,13.456016384807887,0.1,9.840133958203246,3744.3605227676344,34.0,25.25060518265231,3735.389564746726,5.88583959313148,2.394935108968258,5.840100000000012,2.427000000000001,102.73843357875512,48.54453634164519,32.65775176592875,0.4725060977733607,0.6727379480172818,13.439826521469284,43.840133958203246,34.0092254858862,5.84120407755948,2.426661619333139,25.309751490638007,3742.5845985208853
2174,217.39999999999193,43.8239174859161,33.98574527474691,9.840446742747707,3743.6897675771047,25.264734470238977,123.80616324040524,123.45303200000002,13.462112566524889,0.1,9.813956091125448,3744.3605227676344,34.0,25.25060518265231,3735.389564746726,5.88583959313148,2.394935108968258,5.840100000000012,2.427000000000001,102.74996528362651,48.536754702915616,32.67254719895592,0.47237733432743145,0.6731506339667426,13.519861834861867,43.81395609112545,33.93697556240526,5.840058625237352,2.426548778518077,25.54025128316281,3743.7205446738885
2175,217.49999999999193,43.824663815582966,33.98510138194501,9.841490572159625,3744.6452943411346,25.26456279506399,123.75849504381804,123.45303200000002,13.467356234292753,0.1,9.834284601741203,3744.3605227676344,34.0,25.25060518265231,3735.389564746726,5.88583959313148,2.394935108968258,5.840100000000012,2.427000000000001,102.76073864886057,48.5304505332939,32.685273580628525,0.4722664625750237,0.6735003121020908,13.49960069944034,43.8342846017412,33.96356173029876,5.8388075727344155,2.4266989540104236,25.116251084923054,3744.6157660672598
2176,217.59999999999192,43.82519903010851,33.98463963160569,9.842426893531478,3745.471837224894,25.264417264651826,123.7179375810973,123.45303200000002,13.471876385878199,0.1,9.807958802907443,3744.3605227676344,34.0,25.25060518265231,3735.389564746726,5.880499911325261,2.3969411766400555,5.840100000000012,2.427000000000001,102.77043671761652,48.5252548489285,32.6962439885264,0.47217134030734814,0.6737985012199966,13.467046917833047,43.80795880290744,33.96723771142311,5.839977661821102,2.4280137463367524,25.048110880006693,3745.6429948391487
2177,217.69999999999192,43.82565273572148,33.98424820462533,9.843240469666291,3746.1886369404583,25.26427631143805,123.6829099797303,123.45303200000002,13.47578637486763,0.1,9.805129819466025,3744.3605227676344,34.0,25.25060518265231,3735.389564746726,5.880499911325261,2.3969411766400555,5.840100000000012,2.427000000000001,102.77880434906201,48.520800173202126,32.70573353180375,0.4720895566017055,0.6740559392066048,13.437856710674431,43.805129819466025,33.99398553634539,5.840460754150582,2.4257580732870734,25.24911892072545,3746.1080514675623
2178,217.7999999999919,43.82609217146074,33.98386909089091,9.843931308938373,3746.81065656648,25.264137740016018,123.65232140477703,123.45303200000002,13.479177220098473,0.1,9.794969496663484,3744.3605227676344,34.0,25.25060518265231,3735.389564746726,5.880499911325261,2.3969411766400555,5.840100000000012,2.427000000000001,102.78583273076754,48.516854709699885,32.713963113179005,0.4720188903541084,0.6742803775908944,13.577903043503314,43.794969496663484,33.9594623142287,5.841307089808321,2.4286948490403417,25.33713230585367,3746.847705053223
2179,217.8999999999919,43.82652418172607,33.98349638538628,9.844514439383063,3747.34990752551,25.264008807796806,123.62554172784144,123.45303200000002,13.48211970491897,0.1,9.891883877791976,3744.3605227676344,34.0,25.258333896321357,3739.8417188411822,5.880499911325261,2.3969411766400555,5.840100000000012,2.427000000000001,102.79171656790302,48.513328461808825,32.721104523838356,0.4719575670259527,0.6744765935736075,13.450792594072436,43.891883877791976,34.032983567006234,5.8396645321699525,2.4274043908690164,25.212451951782345,3747.266762591234
2180,217.9999999999919,43.82692614081269,33.983149607582334,9.845011204001771,3747.8166961954075,25.263896600207776,123.6021996390474,123.45303200000002,13.48467064976863,0.1,9.80883843443555,3744.3605227676344,34.0,25.258333896321357,3739.8417188411822,5.880499911325261,2.3969411766400555,5.840100000000012,2.427000000000001,102.79671926665125,48.5102104449353,32.727295666988475,0.47190426689689813,0.6746475714455565,13.430155754800381,43.80883843443555,34.012152518609845,5.8414003439006414,2.4266223075812436,25.41405036490113,3747.7240647055987
2181,218.0999999999919,43.82727595919225,33.982847814005446,9.845440803333199,3748.220324238266,25.263803410769242,123.58198925925844,123.45303200000002,13.486878809315522,0.1,9.836706749927785,3744.3605227676344,34.0,25.258333896321357,3739.8417188411822,5.880499911325261,2.3969411766400555,5.840100000000012,2.427000000000001,102.80106118826657,48.50750201064477,32.73265487020878,0.4718579891097591,0.6747957225879357,13.407586255661922,43.836706749927785,33.97267006732945,5.841110099847774,2.42741416035257,25.297771396561487,3748.178983089903
2182,218.1999999999919,43.82756648658582,33.9825971726727,9.845816364829435,3748.5692656474034,25.26372697821226,123.56457358852452,123.45303200000002,13.488788185385916,0.1,9.871793286432634,3744.3605227676344,34.0,25.258333896321357,3739.8417188411822,5.8828085915999075,2.398379511750063,5.840100000000012,2.427000000000001,102.80487741418955,48.50518131881644,32.73728892593163,0.4718178994892859,0.6749235449869758,13.52027004841498,43.871793286432634,34.03646985852922,5.839835886004951,2.426756338441362,25.240126032606035,3748.582911068789
2183,218.29999999999188,43.82780477272546,33.98239160116227,9.84614539506994,3748.8710825385265,25.263663045218035,123.54958115057178,123.45303200000002,13.490438864491006,0.1,9.842112554689535,3744.3605227676344,34.0,25.258333896321357,3739.8417188411822,5.8828085915999075,2.398379511750063,5.840100000000012,2.427000000000001,102.80823312670061,48.5032009801126,32.74129512411968,0.4717832366629371,0.675033698034576,13.443102613823596,43.842112554689535,33.972662773524284,5.841039337453063,2.427642535249801,25.21372843459112,3748.75453365662
2184,218.39999999999188,43.82800409022826,33.98221964870904,9.84643230713765,3749.132331861327,25.26360777907012,123.53664741803445,123.45303200000002,13.491866619474203,0.1,9.832833325023735,3744.3605227676344,34.0,25.258333896321357,3739.8417188411822,5.8828085915999075,2.398379511750063,5.840100000000012,2.427000000000001,102.81116123508292,48.50150315553926,32.744760285463904,0.47175328605265066,0.6751287724105143,13.58440883926967,43.832833325023735,34.000303088754514,5.83969620663762,2.427069270008607,25.151078351025628,3749.1978941805805
2185,218.49999999999187,43.828176387971,33.982071006722066,9.846680791917152,3749.3585842023144,25.26355888001571,123.52545441906378,123.45303200000002,13.493102468207182,0.1,9.829338175841784,3744.3605227676344,34.0,25.253437017738754,3744.906369546686,5.8828085915999075,2.398379511750063,5.840100000000012,2.427000000000001,102.81369294720209,48.500035391819075,32.747759690338846,0.47172739351678866,0.6752110472864252,13.505962564007778,43.829338175841784,34.01118379918952,5.841577685433685,2.4268012859461425,25.161877790632285,3749.3719232613535
2186,218.59999999999187,43.82832883566303,33.98193948972842,9.84689497246616,3749.55454975793,25.26351544965489,123.51574634951734,123.45303200000002,13.494172762537309,0.1,9.790944879475063,3744.3605227676344,34.0,25.253437017738754,3744.906369546686,5.8828085915999075,2.398379511750063,5.840100000000012,2.427000000000001,102.81586992134245,48.498758417970144,32.75035729467806,0.47170498537894295,0.6752823858382143,13.466344012155162,43.79094487947506,34.014825737805324,5.8389040037705815,2.427266163463665,25.0193924336815,3749.4847507494314
2187,218.69999999999186,43.828464234155916,33.98182268133366,9.847079412073386,3749.7242465521977,25.263477286402242,123.50732252574166,123.45303200000002,13.495099784207715,0.1,9.798134833061361,3744.3605227676344,34.0,25.253437017738754,3744.906369546686,5.8828085915999075,2.398379511750063,5.840100000000012,2.427000000000001,102.81774148838699,48.49764558311828,32.752607176272136,0.47168557567077046,0.6753442725407913,13.498822271736783,43.79813483306136,33.96546795056567,5.8404193841995395,2.426270352123135,25.1634029608457,3749.785001663622
2188,218.79999999999185,43.828583211912374,33.981720039287914,9.847238585305021,3749.871149585528,25.263444238031198,123.5000201862399,123.45303200000002,13.495902540616564,0.1,9.815224492950378,3744.3605227676344,34.0,25.253437017738754,3744.906369546686,5.880188653271207,2.399707862298805,5.840100000000012,2.427000000000001,102.81935620429357,48.49667805301685,32.75455546607641,0.47166875813400305,0.6753979196321228,13.45266890242871,43.81522449295038,33.99234761553327,5.839260287532939,2.4276102007300238,25.196583788793994,3749.9705904915295
2189,218.89999999999185,43.82868624351394,33.98163115410659,9.847376386552344,3749.9982934470963,25.26341590294971,123.49369892786619,123.45303200000002,13.496597470370512,0.1,9.836496465268468,3744.3605227676344,34.0,25.253437017738754,3744.906369546686,5.880188653271207,2.399707862298805,5.840100000000012,2.427000000000001,102.82075523369403,48.49584003960268,32.756242060589244,0.4716541901426411,0.6754443687095602,13.457170488795272,43.83649646526847,33.98433176538747,5.840384274142275,2.4246969075105578,25.44987164278889,3749.9246166407847
2190,218.99999999999184,43.828774580963994,33.981554945636496,9.847495942633225,3750.1083328136006,25.263391652354947,123.48823218301645,123.45303200000002,13.497198928695992,0.1,9.845044906274445,3744.3605227676344,34.0,25.253437017738754,3744.906369546686,5.880188653271207,2.399707862298805,5.840100000000012,2.427000000000001,102.82197038075034,48.495116246290024,32.75770179994519,0.4716415768605905,0.6754845505180374,13.519481689779905,43.845044906274445,33.98231087445213,5.841294262272697,2.4284061187668446,25.27371821224479,3749.949764361571
2191,219.09999999999184,43.82885018461822,33.98148972264418,9.847599705593588,3750.2035798864235,25.263370797465303,123.4835051367318,123.45303200000002,13.497719473630672,0.1,9.81541096136911,3744.3605227676344,34.0,25.262365211064605,3749.8249197019986,5.880188653271207,2.399707862298805,5.840100000000012,2.427000000000001,102.82302578971759,48.494491541297855,32.75896516250165,0.4716306602421279,0.6755193037667826,13.534460913533124,43.81541096136911,33.97198598696014,5.838412215878267,2.427227905658076,25.291284705095578,3750.1909711735507
2192,219.19999999999183,43.828915201822184,33.981433632593344,9.847689667443047,3750.286036192747,25.263352740037288,123.4794157127286,123.45303200000002,13.498170043121172,0.1,9.796441596260216,3744.3605227676344,34.0,25.262365211064605,3749.8249197019986,5.880188653271207,2.399707862298805,5.840100000000012,2.427000000000001,102.82394091747686,48.49395176164416,32.7600586946551,0.471621213201348,0.6755493727480952,13.491247684550766,43.796441596260216,33.95481253586394,5.838746598830275,2.4270795750097287,25.42719069551806,3750.127220519118
2193,219.29999999999183,43.82897149765975,33.98138506646366,9.847767551219096,3750.357427054733,25.26333703337589,123.47587553525686,123.45303200000002,13.498560105459338,0.1,9.814248452440033,3744.3605227676344,34.0,25.262365211064605,3749.8249197019986,5.880188653271207,2.399707862298805,5.840100000000012,2.427000000000001,102.82473288163216,48.49348454095373,32.76100537594983,0.4716130368826491,0.6755754032953127,13.50826950447311,43.81424845244003,34.00959445365195,5.840480950224783,2.4265630636471354,24.968222351290983,3750.443070687098
2194,219.39999999999182,43.82902046474733,33.981342822837156,9.847834913462204,3750.4192386613695,25.263323362951642,123.4728094583286,123.45303200000002,13.498897822339847,0.1,9.80773812388422,3744.3605227676344,34.0,25.262365211064605,3749.8249197019986,5.874557101937295,2.4009066877485625,5.840100000000012,2.427000000000001,102.82541750783793,48.49307960729058,32.761825014818825,0.471605958746476,0.6755979467613215,13.516254830562595,43.80773812388422,33.95079681071029,5.837725453640801,2.427775330087159,25.270280476556323,3750.4722042240214
2195,219.49999999999181,43.829063083661964,33.98130605576453,9.847893167389447,3750.4727538664692,25.26331149254216,123.47015380095074,123.45303200000002,13.499190224229837,0.1,9.8284517610386,3744.3605227676344,34.0,25.262365211064605,3749.8249197019986,5.874557101937295,2.4009066877485625,5.840100000000012,2.427000000000001,102.82600936530768,48.49272855547404,32.762534674205824,0.4715998301868839,0.6756174719417283,13.463643697627068,43.8284517610386,33.96462952287351,5.841559802587949,2.42763433772191,25.164921385884803,3750.3249537695124
2196,219.5999999999918,43.82910009085056,33.981274129909195,9.847943569314314,3750.5190832114404,25.263301217120475,123.46785412340458,123.45303200000002,13.499443379712533,0.1,9.7887333373778,3744.3605227676344,34.0,25.262365211064605,3749.8249197019986,5.874557101937295,2.4009066877485625,5.840100000000012,2.427000000000001,102.82652142586093,48.492424376716606,32.76314908256233,0.47159452351677755,0.6756343800846012,13.53433358042344,43.7887333373778,33.99202796609173,5.839521210660677,2.4273966334930552,25.39916131463616,3750.5152798749427
2197,219.6999999999918,43.82913212550521,33.98124649383792,9.847987206466744,3750.5591899309607,25.263292340374953,123.46586329451883,123.45303200000002,13.499662542241525,0.1,9.79108813456839,3744.3605227676344,34.0,25.251493707825997,3753.7006986180204,5.874557101937295,2.4009066877485625,5.840100000000012,2.427000000000001,102.8269648386001,48.492161024232736,32.76368099002019,0.47158992877352063,0.6756490182742602,13.53317097758871,43.79108813456839,33.95449444332848,5.839351891242927,2.426530546216513,25.29174517350654,3750.483697911985
2198,219.7999999999918,43.82915979964706,33.98122261955944,9.84802500307679,3750.593909728948,25.26328467379796,123.46414016394058,123.45303200000002,13.499852268430944,0.1,9.793872411864783,3744.3605227676344,34.0,25.251493707825997,3753.7006986180204,5.874557101937295,2.4009066877485625,5.840100000000012,2.427000000000001,102.82734899307455,48.49193314847261,32.76414145548191,0.4715859508518357,0.6756616890311354,13.50656646553862,43.79387241186478,33.94873439673818,5.840776104540259,2.427543614671041,25.40070333246437,3750.4798462415233
2199,219.8999999999918,43.82918370096749,33.981202000072955,9.848057742485244,3750.6239669618685,25.263278045168498,123.4626487623357,123.45303200000002,13.50001651160636,0.1,9.859524122109839,3744.3605227676344,34.0,25.251493707825997,3753.7006986180204,5.874557101937295,2.4009066877485625,5.840100000000012,2.427000000000001,102.82768179680214,48.49173599298934,32.76454007366865,0.47158250721643125,0.6756726564379044,13.53905123499782,43.85952412210984,33.97369822357459,5.839543578039245,2.42647156251623,25.171507905533105,3750.4737559897876
2200,219.9999999999918,43.8292043663827,33.98118417218223,9.848086094703282,3750.6499886578945,25.263272305765486,123.46135778380008,123.45303200000002,13.500158698360467,0.1,9.843243499601883,3744.3605227676344,34.0,25.251493707825997,3753.7006986180204,5.8710636294157945,2.40204049295218,5.840100000000012,2.427000000000001,102.82797000750232,48.49156537297593,32.76488516092087,0.47157952616820104,0.675682150264849,13.55897595443529,43.84324349960188,34.00038158702691,5.838749159305599,2.426431496981215,25.114133613781153,3750.581922895047
2201,220.09999999999178,43.82922225954553,33.981168735895544,9.848110640154106,3750.6725171355315,25.26326733178295,123.46024013558412,123.45303200000002,13.500281794871183,0.1,9.804851393793541,3744.3605227676344,34.0,25.251493707825997,3753.7006986180204,5.8710636294157945,2.40204049295218,5.840100000000012,2.427000000000001,102.82821949976993,48.49141766199058,32.765183916152374,0.4715769454911069,0.6756903694699562,13.452286698267415,43.80485139379354,33.93967331710284,5.84072730229065,2.426317149131606,25.17598675173911,3750.4987231840355
2202,220.19999999999177,43.82923776643348,33.98115535823171,9.848131885843944,3750.6920214038637,25.26326302079165,123.45927245764028,123.45303200000002,13.500388366594487,0.1,9.80076320479347,3744.3605227676344,34.0,25.251493707825997,3753.7006986180204,5.8710636294157945,2.40204049295218,5.840100000000012,2.427000000000001,102.8284354283884,48.49128975096814,32.76544256572483,0.4715747113038432,0.6756974857545558,13.490145526016565,43.80076320479347,33.99763594459914,5.838936973462622,2.4266409219944958,25.3220166716153,3750.652536962209
2203,220.29999999999177,43.82925120637995,33.981143763703315,9.848150275039167,3750.7089072627537,25.26325928635993,123.45843461725578,123.45303200000002,13.500480632193677,0.1,9.849047445079385,3744.3605227676344,34.0,25.26700483081811,3756.7857203976923,5.8710636294157945,2.40204049295218,5.840100000000012,2.427000000000001,102.82862231278472,48.49117898055391,32.76566649433406,0.47157277701390526,0.6757036472030069,13.521709985648416,43.849047445079385,33.94089197381703,5.840833496481767,2.428504463268511,25.11159625660429,3750.6971026522438
2204,220.39999999999176,43.829262848844294,33.981133719849176,9.848166193543163,3750.7235260355865,25.263256053495017,123.45770922812599,123.45303200000002,13.500560511318687,0.1,9.838597658132286,3744.3605227676344,34.0,25.26700483081811,3756.7857203976923,5.8710636294157945,2.40204049295218,5.840100000000012,2.427000000000001,102.82878408745668,48.491083065294035,32.765860360970464,0.47157110234865746,0.6757089817286758,13.47293463751949,43.83859765813229,33.96941992917964,5.83956183760899,2.4274490904887074,25.232190043615102,3750.9028772088977
2205,220.49999999999176,43.82927292762395,33.98112502497361,9.848179975220603,3750.736182000691,25.263253255968337,123.45708123596295,123.45303200000002,13.50062966591664,0.1,9.82180443435346,3744.3605227676344,34.0,25.26700483081811,3756.7857203976923,5.8710636294157945,2.40204049295218,5.840100000000012,2.427000000000001,102.82892415179666,48.49100002708697,32.766028199179694,0.47156965247933813,0.6757136000675725,13.5282741372446,43.82180443435346,34.026990919512755,5.840493045371476,2.4276284504155803,25.40649637068878,3750.5796095302394
2206,220.59999999999175,43.82928164919312,33.981117500952614,9.848191907935144,3750.747138701469,25.263250835221946,123.45653758374924,123.45303200000002,13.500689535386426,0.1,9.80432571055313,3744.3605227676344,34.0,25.26700483081811,3756.7857203976923,5.866523548664603,2.403221234926531,5.840100000000012,2.427000000000001,102.82904543089361,48.490928145385524,32.76617350238287,0.47156839725769806,0.6757175982308137,13.446396081959106,43.80432571055313,33.98721673888787,5.840435587820026,2.4274986421737066,25.285952615040443,3750.7281438027594
2207,220.69999999999175,43.82928919611207,33.98111099029271,9.848202239799555,3750.7566243507476,25.263248739999142,123.45606694498102,123.45303200000002,13.500741366429006,0.1,9.768326405134047,3744.3605227676344,34.0,25.26700483081811,3756.7857203976923,5.866523548664603,2.403221234926531,5.840100000000012,2.427000000000001,102.82915044271572,48.49086592236681,32.76629929632321,0.47156731056900253,0.6757210594832765,13.520257354808374,43.76832640513405,33.999130965894025,5.841731837999151,2.4275446559106606,25.307484149897892,3750.792045093005
2208,220.79999999999174,43.82929572817868,33.9811053551374,9.848211185111015,3750.764836513323,25.263246925982667,123.45565950362821,123.45303200000002,13.500786238612855,0.1,9.802635789399488,3744.3605227676344,34.0,25.26700483081811,3756.7857203976923,5.866523548664603,2.403221234926531,5.840100000000012,2.427000000000001,102.82924136186368,48.49081205710027,32.766408201113414,0.47156636978831273,0.6757240559825929,13.490667994129279,43.80263578939949,33.99417553379807,5.838881725000065,2.425616506944854,25.260799293047842,3750.794980959048
2209,220.89999999999173,43.82930138355644,33.98110047629408,9.848218929451642,3750.7719461931024,25.263245355146832,123.45530676287883,123.45303200000002,13.5008250865249,0.1,9.837998796609675,3744.3605227676344,34.0,25.253233274389782,3759.517281692993,5.866523548664603,2.403221234926531,5.840100000000012,2.427000000000001,102.82932007298587,48.490765423309334,32.76650248499595,0.47156555531916106,0.6757266501973015,13.535140997357113,43.837998796609675,33.96392675928931,5.840992398624633,2.427573150993238,25.394806137087848,3750.8326658639744
2210,220.99999999999173,43.82930628079424,33.98109625149154,9.848225633800622,3750.778101402735,25.26324399488324,123.45500137329094,123.45303200000002,13.500858719104892,0.1,9.817131056496798,3744.3605227676344,34.0,25.253233274389782,3759.517281692993,5.866523548664603,2.403221234926531,5.840100000000012,2.427000000000001,102.82938821240975,48.49072504805432,32.76658411126758,0.4715648501952511,0.6757288961712965,13.41775674235616,43.8171310564968,34.027336021270614,5.837848053845522,2.427408988691324,25.216154881497715,3750.783457373583
2211,221.09999999999172,43.82931052155202,33.98109259302856,9.848231437809977,3750.783430268246,25.263242817100114,123.45473697814074,123.45303200000002,13.500887836531662,0.1,9.855203573347225,3744.3605227676344,34.0,25.253233274389782,3759.517281692993,5.866523548664603,2.403221234926531,5.840100000000012,2.427000000000001,102.8294472004749,48.490690091149794,32.76665477926236,0.4715642397319612,0.6757308406555904,13.487443873493598,43.855203573347225,33.92871729785375,5.8397126916598845,2.4266700601933886,25.281010849332564,3750.898824443402
2212,221.19999999999172,43.82931419340869,33.98108942535153,9.848236462510123,3750.7880437152003,25.263241797457585,123.45450807684398,123.45303200000002,13.500913044909696,0.1,9.867970636041349,3744.3605227676344,34.0,25.253233274389782,3759.517281692993,5.8623147360552315,2.4044330787076915,5.840100000000012,2.427000000000001,102.8294982681528,48.490659826264434,32.76671595999584,0.4715637112204253,0.6757325241065932,13.4927638444314,43.86797063604135,33.96681820356821,5.838539042649304,2.4278333076606824,25.34864305934912,3750.8852176005216
2213,221.2999999999917,43.82931737224624,33.981086682997685,9.848240812665937,3750.7920377853043,25.263240914793535,123.454309907007,123.45303200000002,13.500934868976115,0.1,9.819239205933975,3744.3605227676344,34.0,25.253233274389782,3759.517281692993,5.8623147360552315,2.4044330787076915,5.840100000000012,2.427000000000001,102.8295424806017,48.490633624555834,32.766768927005046,0.4715632536603317,0.6757339815500335,13.430767172306686,43.819239205933975,34.00074931870539,5.8405835498682785,2.4280521940438793,25.261777169637,3750.838667955324
2214,221.3999999999917,43.82932012403968,33.98108430905094,9.848244578896333,3750.795495633853,25.263240150706782,123.45413834397428,123.45303200000002,13.500953763059455,0.1,9.803779729424335,3744.3605227676344,34.0,25.253233274389782,3759.517281692993,5.8623147360552315,2.4044330787076915,5.840100000000012,2.427000000000001,102.82958075876294,48.49061094104802,32.76681478294531,0.4715628575283843,0.6757352433191911,13.513927530826546,43.803779729424335,33.9684935399785,5.8402089029313515,2.4270169371222003,25.169494597407525,3750.891333211507
2215,221.4999999999917,43.829322506156544,33.98108225402083,9.848247839582175,3750.7984892553645,25.26323948923196,123.45398981537743,123.45303200000002,13.500970120528644,0.1,9.79979738650269,3744.3605227676344,34.0,25.207335692152185,3755.2688613614214,5.8623147360552315,2.4044330787076915,5.840100000000012,2.427000000000001,102.82961389900439,48.49059130338459,32.76685448252303,0.4715625145788288,0.6757363356844844,13.442442883982144,43.79979738650269,33.98290309868415,5.839800503098248,2.425401238455644,25.183869860054088,3750.741348012968
2216,221.5999999999917,43.82932456837045,33.98108047496809,9.848250662550495,3750.801080977997,25.263238916553078,123.45386122783276,123.45303200000002,13.500984281956173,0.1,9.815856735509463,3744.3605227676344,34.0,25.207335692152185,3755.2688613614214,5.8623147360552315,2.4044330787076915,5.840100000000012,2.427000000000001,102.82964259046292,48.49057430236254,32.766888852307645,0.4715622176718512,0.6757372813939057,13.47593992430067,43.81585673550946,34.00782011504542,5.841866706780497,2.4257141171696737,25.323961946181743,3750.7895234293583
2217,221.6999999999917,43.829326353754126,33.981078934734235,9.848253106528118,3750.80332475962,25.26323842073246,123.45374990338982,123.45303200000002,13.5009965421875,0.1,9.847693312309787,3744.3605227676344,34.0,25.207335692152185,3755.2688613614214,5.8623147360552315,2.4044330787076915,5.840100000000012,2.427000000000001,102.82966742991572,48.49055958373021,32.766918607889075,0.4715619606256073,0.6757381001411086,13.381301576595702,43.84769331230979,33.97990273954926,5.841481570179551,2.4268436909945144,25.253552281978045,3750.6611814735343
2218,221.79999999999168,43.829327899524486,33.98107760121259,9.848255222379215,3750.805267311919,25.263237991455515,123.45365352408034,123.45303200000002,13.501007156472147,0.1,9.812579627917685,3744.3605227676344,34.0,25.207335692152185,3755.2688613614214,5.859689168195682,2.4056025161244614,5.840100000000012,2.427000000000001,102.82968893434114,48.49054684094285,32.76694436875791,0.47156173808816104,0.6757388089732005,13.47624102833032,43.812579627917685,33.96971523147691,5.839857610260192,2.4273493618700863,25.395543226782344,3750.915864159454
2219,221.89999999999168,43.829329237838294,33.9810764466618,9.848257054158063,3750.8069490744633,25.26323761980092,123.45357008352698,123.45303200000002,13.501016345781315,0.1,9.869262028701904,3744.3605227676344,34.0,25.207335692152185,3755.2688613614214,5.859689168195682,2.4056025161244614,5.840100000000012,2.427000000000001,102.82970755155247,48.490535808750494,32.766966671211264,0.47156154542635775,0.6757394226462272,13.575337703033751,43.869262028701904,34.01317909760156,5.839680569109937,2.427015605635344,25.339057911318523,3750.7426359934916
2220,221.99999999999167,43.82933039650867,33.981075447087726,9.84825864001242,3750.8084050578273,25.263237298043194,123.45349784488336,123.45303200000002,13.501024301415752,0.1,9.807582014703456,3744.3605227676344,34.0,25.207335692152185,3755.2688613614214,5.859689168195682,2.4056025161244614,5.840100000000012,2.427000000000001,102.82972366932194,48.490526257579205,32.766985979536045,0.4715613786293369,0.6757399539340836,13.561567904660905,43.807582014703456,34.0037181825267,5.841570913029745,2.4279355426480014,25.27385137085964,3750.9108515363087
2221,222.09999999999167,43.82933139962054,33.98107458171253,9.848260012967062,3750.8096655729078,25.263237019487846,123.45343530445106,123.45303200000002,13.501031188994164,0.1,9.77824368846396,3744.3605227676344,34.0,25.258740889989774,3757.3795999522763,5.859689168195682,2.4056025161244614,5.840100000000012,2.427000000000001,102.8297376233201,48.49051798867046,32.767002695688845,0.47156123422485136,0.6757404138958605,13.591957137384046,43.77824368846396,33.93159197873915,5.842377367657608,2.4265497027957346,25.272814702504668,3750.86843231679
2222,222.19999999999166,43.829332268044695,33.981073832531166,9.848261201607606,3750.810756861791,25.263236778333876,123.45338116029554,123.45303200000002,13.501037151903267,0.1,9.820964146717756,3744.3605227676344,34.0,25.258740889989774,3757.3795999522763,5.859689168195682,2.4056025161244614,5.840100000000012,2.427000000000001,102.82974970407105,48.49051082991079,32.767017167669245,0.47156110920681393,0.6757408121066298,13.406608706069298,43.820964146717756,34.03584897897287,5.841240861814559,2.4265511060546463,25.103402750933686,3750.790654199139
2223,222.29999999999166,43.82933301986631,33.98107318394173,9.8482622306773,3750.8117016436995,25.263236569556963,123.45333428517475,123.45303200000002,13.501042314282136,0.1,9.858084032637898,3744.3605227676344,34.0,25.258740889989774,3757.3795999522763,5.859689168195682,2.4056025161244614,5.840100000000012,2.427000000000001,102.82976016303517,48.49050463225739,32.767029696762755,0.4715610009726402,0.675741156856617,13.516698091884258,43.8580840326379,33.94429176338781,5.839772918328413,2.4255034295116653,25.16677126901205,3750.986104148255
2224,222.39999999999165,43.82933367074922,33.98107262243117,9.8482631215957,3750.812519587687,25.263236388807837,123.45329370314408,123.45303200000002,13.501046783604822,0.1,9.809211652666356,3744.3605227676344,34.0,25.258740889989774,3757.3795999522763,5.857187106683452,2.406682663552586,5.840100000000012,2.427000000000001,102.82976921789559,48.49049926666049,32.76704054380892,0.47156090726907546,0.6757414553233484,13.546855206086365,43.809211652666356,33.97884158992058,5.84049406914289,2.425486642277111,25.354075403178197,3750.638910388835
2225,222.49999999999164,43.8293342342527,33.98107213630203,9.848263892907278,3750.8132277220284,25.263236232322736,123.45325856929333,123.45303200000002,13.501050652916442,0.1,9.81925451093769,3744.3605227676344,34.0,25.258740889989774,3757.3795999522763,5.857187106683452,2.406682663552586,5.840100000000012,2.427000000000001,102.82977705712328,48.49049462139737,32.76704993462822,0.47156082614533207,0.675741713720716,13.528761792418692,43.81925451093769,33.960293154130824,5.838746464386534,2.4273690716905283,25.357347557280065,3750.83530370106
2226,222.59999999999164,43.829334722110644,33.981071715431575,9.84826456066837,3750.8138407887836,25.263236096844516,123.45322815217469,123.45303200000002,13.501054002769829,0.1,9.815508022759715,3744.3605227676344,34.0,25.258740889989774,3757.3795999522763,5.857187106683452,2.406682663552586,5.840100000000012,2.427000000000001,102.82978384390857,48.490490599754466,32.767058064722384,0.47156075591251906,0.6757419374282079,13.551230699868965,43.815508022759715,33.965555574116316,5.840293709351396,2.4265092511990574,25.151428060219416,3750.7215800119975
2227,222.69999999999163,43.82933514447754,33.98107135105963,9.848265138780956,3750.81437155081,25.263235979553823,123.45320181856448,123.45303200000002,13.501056902902791,0.1,9.806658372959028,3744.3605227676344,34.0,25.212108351995862,3754.107541039724,5.857187106683452,2.406682663552586,5.840100000000012,2.427000000000001,102.82978971954878,48.4904871180113,32.76706510334509,0.4715606951084999,0.6757421311029498,13.434173036107854,43.80665837295903,33.975056427138924,5.841439429035324,2.4267971385633613,25.105432026597686,3750.906798375629
2228,222.79999999999163,43.82933551014301,33.98107103560349,9.848265639281145,3750.8148310575452,25.263235878009645,123.45317902026083,123.45303200000002,13.501059413690458,0.1,9.84736437982422,3744.3605227676344,34.0,25.212108351995862,3754.107541039724,5.857187106683452,2.406682663552586,5.840100000000012,2.427000000000001,102.82979480637661,48.490484103691095,32.76707119702675,0.47156064246745083,0.6757422987767722,13.538259218933629,43.84736437982422,33.9344833989969,5.841136495181008,2.426142641543994,25.337609934323627,3750.7394264314553
2229,222.89999999999162,43.82933582671714,33.98107076249798,9.84826607258905,3750.815228875065,25.26323579009826,123.45315928265624,123.45303200000002,13.50106158740257,0.1,9.847756591893763,3744.3605227676344,34.0,25.212108351995862,3754.107541039724,5.857187106683452,2.406682663552586,5.840100000000012,2.427000000000001,102.82979921029829,48.49048149404648,32.76707647262605,0.4715605968934948,0.6757424439402422,13.58774863122039,43.84775659189376,34.021089218992955,5.841238916586497,2.428468455658799,25.367821080090106,3750.796575328087
2230,222.99999999999162,43.829336100789675,33.98107052605819,9.8482664477255,3750.815573285218,25.26323571398937,123.45314219485249,123.45303200000002,13.501063469291763,0.1,9.822742922870063,3744.3605227676344,34.0,25.212108351995862,3754.107541039724,5.850596369393803,2.4078484535118463,5.840100000000012,2.427000000000001,102.8298030229965,48.49047923475138,32.767081039971124,0.4715605574378776,0.6757425696153594,13.394015370434468,43.82274292287006,33.95133628677817,5.839905083583248,2.426289330127634,25.17598661589432,3750.673838359509
2231,223.0999999999916,43.82933633806674,33.9810703213615,9.848266772499965,3750.815871458018,25.263235648098266,123.45312740110883,123.45303200000002,13.501065098535607,0.1,9.79503929129526,3744.3605227676344,34.0,25.212108351995862,3754.107541039724,5.850596369393803,2.4078484535118463,5.840100000000012,2.427000000000001,102.82980632384155,48.49047727877073,32.76708499414593,0.4715605232792119,0.6757426784184584,13.580789902687652,43.79503929129526,33.972659315636484,5.840064605014771,2.4261021667952694,25.370792240634938,3750.7144364837095
2232,223.1999999999916,43.82933654348885,33.98107014414578,9.848267053673371,3750.8161296008907,25.26323559105303,123.45311459344086,123.45303200000002,13.501066509052096,0.1,9.82315395460563,3744.3605227676344,34.0,25.212108351995862,3754.107541039724,5.850596369393803,2.4078484535118463,5.840100000000012,2.427000000000001,102.82980918154713,48.490475585382896,32.76708841746945,0.4715604937063769,0.6757427726146463,13.50971388286622,43.82315395460563,34.03322393269002,5.839510500308767,2.4271138946630924,25.328441487727485,3750.763050309467
2233,223.2999999999916,43.82933672133308,33.981069990721245,9.848267297099026,3750.8163530878955,25.263235541666038,123.4531035052124,123.45303200000002,13.50106773020566,0.1,9.842297072539175,3744.3605227676344,34.0,25.270018114271533,3755.259989334795,5.850596369393803,2.4078484535118463,5.840100000000012,2.427000000000001,102.82981165560297,48.49047411933337,32.76709138120915,0.47156046810371877,0.675742854164933,13.51200041872516,43.842297072539175,33.90419640264672,5.839863968841819,2.426208538079126,25.318611621776377,3750.7910921869393
2234,223.3999999999916,43.82933687530196,33.98106985789374,9.848267507844536,3750.81654657161,25.263235498909197,123.45309390558582,123.45303200000002,13.501068787418474,0.1,9.833561282704174,3744.3605227676344,34.0,25.270018114271533,3755.259989334795,5.850596369393803,2.4078484535118463,5.840100000000012,2.427000000000001,102.82981379751384,48.490472850101334,32.767093947064645,0.4715604459382354,0.6757429247670488,13.465753264036517,43.833561282704174,33.99759074738021,5.840788220405399,2.426304707108696,25.220141208119703,3750.775603436311
2235,223.4999999999916,43.82933700860069,33.98106974289819,9.848267690297252,3750.816714079996,25.263235461892457,123.45308559471533,123.45303200000002,13.501069702699715,0.1,9.810734683876348,3744.3605227676344,34.0,25.270018114271533,3755.259989334795,5.850596369393803,2.4078484535118463,5.840100000000012,2.427000000000001,102.82981565187085,48.49047175126402,32.76709616845222,0.47156042674848264,0.6757429858907914,13.48929020453779,43.81073468387635,33.96202286830763,5.840248246176652,2.428132300656838,25.15055828923801,3750.8510799049413
2236,223.59999999999158,43.829337124004084,33.98106964334078,9.848267848255547,3750.8168591002577,25.263235429845253,123.45307839958521,123.45303200000002,13.50107049510378,0.1,9.830172558421907,3744.3605227676344,34.0,25.270018114271533,3755.259989334795,5.84519415646257,2.409061424691939,5.840100000000012,2.427000000000001,102.82981725727899,48.49047079994614,32.76709809161689,0.4715604101349665,0.675743038808633,13.604652605376177,43.83017255842191,33.95078462787133,5.838917157677343,2.426791866463495,25.269951886705982,3750.858057322662
2237,223.69999999999158,43.82933722391445,33.981069557149056,9.848267985007856,3750.816984651442,25.263235402100435,123.45307217040715,123.45303200000002,13.501071181127022,0.1,9.865514310398467,3744.3605227676344,34.0,25.270018114271533,3755.259989334795,5.84519415646257,2.409061424691939,5.840100000000012,2.427000000000001,102.82981864716035,48.49046997634342,32.76709975659529,0.4715603957518259,0.6757430846222168,13.480879243833643,43.86551431039847,33.89405977668414,5.839550474635366,2.4270344382174582,25.23746056284847,3750.768356118964
2238,223.79999999999157,43.82933731041169,33.9810694825287,9.848268103401105,3750.8170933472884,25.2632353780804,123.45306677750152,123.45303200000002,13.501071775051132,0.1,9.778150197222132,3744.3605227676344,34.0,25.270018114271533,3755.259989334795,5.84519415646257,2.409061424691939,5.840100000000012,2.427000000000001,102.82981985044964,48.49046926331012,32.76710119804911,0.4715603832996318,0.6757431242852923,13.475849194819741,43.77815019722213,33.95065606286685,5.840789934135091,2.427428228689129,25.067360013212873,3750.774883561662
2239,223.89999999999156,43.829337385296554,33.98106941792624,9.848268205900009,3750.8171874506406,25.263235357285076,123.4530621085979,123.45303200000002,13.501072289240502,0.1,9.806107340158611,3744.3605227676344,34.0,25.230829665466164,3755.6778449181456,5.84519415646257,2.409061424691939,5.840100000000012,2.427000000000001,102.82982089219684,48.490468646002185,32.76710244598671,0.4715603725191536,0.6757431586235702,13.49467752517194,43.80610734015861,33.975325408782645,5.842034036921669,2.427843966660838,25.365578424629405,3750.8206088417714
2240,223.99999999999156,43.82933745012805,33.98106936199672,9.848268294638375,3750.8172689205526,25.263235339281533,123.45305806649816,123.45303200000002,13.501072734399584,0.1,9.835839714205953,3744.3605227676344,34.0,25.230829665466164,3755.6778449181456,5.84519415646257,2.409061424691939,5.840100000000012,2.427000000000001,102.82982179408886,48.490468111568326,32.7671035263878,0.47156036318596234,0.6757431883519099,13.443074860135457,43.83583971420595,34.011068249387584,5.842433616942464,2.429741840829038,25.139629711119195,3750.910358040042
2241,224.09999999999155,43.8293375062559,33.98106931357576,9.848268371463552,3750.8173394530736,25.263235323694968,123.45305456705312,123.45303200000002,13.50107311979575,0.1,9.833285285662889,3744.3605227676344,34.0,25.230829665466164,3755.6778449181456,5.84519415646257,2.409061424691939,5.840100000000012,2.427000000000001,102.82982257490119,48.49046764888255,32.767104461744296,0.47156035510575856,0.6757432140892006,13.56247073089447,43.83328528566289,33.99485521262501,5.839723917443685,2.4285241261141466,25.159970029447344,3750.812866551819
2242,224.19999999999155,43.82933755484858,33.98106927165531,9.848268437974893,3750.8174005165556,25.263235310200905,123.4530515374109,123.45303200000002,13.50107345345222,0.1,9.836979075284624,3744.3605227676344,34.0,25.230829665466164,3755.6778449181456,5.836797838814371,2.410214419312849,5.840100000000012,2.427000000000001,102.82982325088886,48.49046724831259,32.76710527152855,0.4715603481103274,0.6757432363712438,13.414480457258106,43.836979075284624,33.92247133129257,5.840294909673339,2.4278693778575797,25.174192172858646,3750.8263446135
2243,224.29999999999154,43.82933759691767,33.9810692353627,9.848268495557038,3750.817453382224,25.263235298518428,123.45304891450022,123.45303200000002,13.50107374231508,0.1,9.872314766496494,3744.3605227676344,34.0,25.230829665466164,3755.6778449181456,5.836797838814371,2.410214419312849,5.840100000000012,2.427000000000001,102.8298238361247,48.4904669015194,32.76710597259871,0.47156034205403763,0.6757432556619081,13.471696539119428,43.872314766496494,33.92542351105692,5.839284317894016,2.426953857449519,25.150772380756237,3750.7805764138398
2244,224.39999999999154,43.82933763333895,33.981069203942404,9.848268545408743,3750.8174991506403,25.26323528840433,123.45304664371709,123.45303200000002,13.501073992397908,0.1,9.847389536029233,3744.3605227676344,34.0,25.230829665466164,3755.6778449181456,5.836797838814371,2.410214419312849,5.840100000000012,2.427000000000001,102.82982434279224,48.4904666012834,32.76710657954973,0.47156033681080867,0.6757432723627882,13.496492506598353,43.84738953602923,33.947224460947915,5.840418466899631,2.426745977419396,25.280873399831982,3750.9899033338847
2245,224.49999999999153,43.829337664870664,33.9810691767403,9.848268588567826,3750.8175387746155,25.26323527964806,123.45304467778818,123.45303200000002,13.501074208906944,0.1,9.787602974799285,3744.3605227676344,34.0,25.22755560887525,3754.393231544145,5.836797838814371,2.410214419312849,5.840100000000012,2.427000000000001,102.82982478143938,48.490466341354285,32.76710710501717,0.4715603322714864,0.675743286821564,13.517859778465063,43.787602974799285,33.99436512103072,5.839194896233448,2.426967345263939,25.204408731639905,3750.8143018837404
2246,224.59999999999152,43.829337692169204,33.9810691531901,9.848268625932775,3750.8175730790454,25.263235272067327,123.45304297578662,123.45303200000002,13.501074396349496,0.1,9.791950967061538,3744.3605227676344,34.0,25.22755560887525,3754.393231544145,5.836797838814371,2.410214419312849,5.840100000000012,2.427000000000001,102.82982516119785,48.490466116320846,32.76710755994024,0.47156032834157147,0.6757432993392394,13.551193624899325,43.79195096706154,33.92826881678447,5.839169482823414,2.4272639728090373,25.334232528969064,3750.95632249498
2247,224.69999999999152,43.82933771580291,33.98106913280153,9.848268658281457,3750.8176027780823,25.26323526550431,123.45304150227996,123.45303200000002,13.501074558627758,0.1,9.835479829049156,3744.3605227676344,34.0,25.22755560887525,3754.393231544145,5.836797838814371,2.410214419312849,5.840100000000012,2.427000000000001,102.82982548997352,48.49046592149831,32.76710795378958,0.47156032493925026,0.6757433101764082,13.569214628072801,43.835479829049156,33.99705733319209,5.839753506971031,2.427835929331515,25.135333236946018,3750.7091913670765
2248,224.7999999999915,43.82933773626377,33.98106911515014,9.848268686287305,3750.817628490004,25.263235259822384,123.45304022659256,123.45303200000002,13.501074699120055,0.1,9.82984103308764,3744.3605227676344,34.0,25.22755560887525,3754.393231544145,5.835678999591076,2.411462403818188,5.840100000000012,2.427000000000001,102.82982577461082,48.49046575283082,32.767108294764384,0.4715603219936929,0.67574331955868,13.512218700542698,43.82984103308764,34.046418723752005,5.839029993438639,2.4279173262723486,25.339254907630355,3751.0705246144153
2249,224.8999999999915,43.82933775397774,33.98106909986847,9.848268710533352,3750.8176507500834,25.26323525490326,123.45303912216706,123.45303200000002,13.501074820751166,0.1,9.83938879347967,3744.3605227676344,34.0,25.22755560887525,3754.393231544145,5.835678999591076,2.411462403818188,5.840100000000012,2.427000000000001,102.8298260210354,48.490465606807064,32.767108589963094,0.47156031944357857,0.6757433276813755,13.595977018741767,43.83938879347967,33.96866811552544,5.840771920502518,2.426811975156437,25.171601040895712,3750.7793851969805
2250,224.9999999999915,43.8293377693136,33.98106908663837,9.848268731524353,3750.8176700217323,25.26323525064453,123.45303816601144,123.45303200000002,13.501074926053223,0.1,9.825314287836306,3744.3605227676344,34.0,25.22755560887525,3754.393231544145,5.835678999591076,2.411462403818188,5.840100000000012,2.427000000000001,102.82982623437735,48.490465480387094,32.76710884553118,0.4715603172358187,0.6757433347135938,13.489107538466326,43.82531428783631,33.98216216617306,5.839805905451566,2.4282323644997095,25.139129703406383,3750.788620489984
2251,225.0999999999915,43.82933778259061,33.98106907518441,9.848268749697295,3750.8176867061493,25.26323524695754,123.45303733822031,123.45303200000002,13.501075017218406,0.1,9.811756171016391,3744.3605227676344,34.0,25.25833251589506,3755.6355452457747,5.835678999591076,2.411462403818188,5.840100000000012,2.427000000000001,102.82982641907796,48.49046537093908,32.76710906678908,0.4715603153244521,0.6757433408017323,13.537161428487021,43.81175617101639,33.945904575105544,5.8393525353576,2.427334052668219,25.28795408112842,3750.847014499893
2252,225.1999999999915,43.82933779408518,33.98106906526815,9.848268765430507,3750.8177011506723,25.26323524376553,123.45303662156071,123.45303200000002,13.501075096144605,0.1,9.786362068226325,3744.3605227676344,34.0,25.25833251589506,3755.6355452457747,5.835678999591076,2.411462403818188,5.840100000000012,2.427000000000001,102.82982657898239,48.49046527618452,32.76710925834297,0.47156031366968765,0.6757433460725344,13.533781978144992,43.786362068226325,33.95547337167296,5.839155313139599,2.426541724576862,25.29119023502498,3750.725333865268
2253,225.29999999999148,43.8293378040366,33.98106905668316,9.848268779051528,3750.8177136560084,25.263235241002047,123.45303600111315,123.45303200000002,13.501075164474907,0.1,9.802465032118754,3744.3605227676344,34.0,25.25833251589506,3755.6355452457747,5.835678999591076,2.411462403818188,5.840100000000012,2.427000000000001,102.82982671741956,48.490465194150836,32.76710942418061,0.47156031223707645,0.6757433506357275,13.526424496680132,43.802465032118754,33.99646320623503,5.84155315579588,2.4285066416001406,25.355357779327647,3750.793384055226
2254,225.39999999999148,43.82933781265203,33.98106904925071,9.848268790843916,3750.817724482495,25.263235238609564,123.45303546396107,123.45303200000002,13.501075223631824,0.1,9.8410401204697,3744.3605227676344,34.0,25.25833251589506,3755.6355452457747,5.829496991539077,2.412474323328862,5.840100000000012,2.427000000000001,102.82982683727144,48.49046512313023,32.76710956775445,0.47156031099679435,0.6757433545863093,13.504590151625283,43.8410401204697,33.99584017698669,5.83980428584625,2.427100836368088,25.300087740336966,3750.6059359089477
2255,225.49999999999147,43.82933782011082,33.98106904281608,9.84826880105317,3750.817733855519,25.263235236538275,123.45303499892202,123.45303200000002,13.501075274846885,0.1,9.849085513366134,3744.3605227676344,34.0,25.25833251589506,3755.6355452457747,5.829496991539077,2.412474323328862,5.840100000000012,2.427000000000001,102.82982694103312,48.49046506164418,32.7671096920534,0.4715603099230209,0.6757433580065226,13.424809022853136,43.849085513366134,33.9525085569113,5.83908714093664,2.426743574064462,25.445428068812472,3750.7932331288725
2256,225.59999999999147,43.82933782656828,33.98106903724529,9.848268809891824,3750.817741970208,25.263235234745057,123.45303459631478,123.45303200000002,13.501075319186286,0.1,9.823992752171442,3744.3605227676344,34.0,25.25833251589506,3755.6355452457747,5.829496991539077,2.412474323328862,5.840100000000012,2.427000000000001,102.82982703086476,48.490465008412684,32.76710979966513,0.4715603089934021,0.6757433609675698,13.532222184038096,43.82399275217144,33.991092696781394,5.839168191456546,2.428198300586186,25.299770619860997,3750.6753472140235
2257,225.69999999999146,43.829337832158814,33.98106903242239,9.848268817543882,3750.8177489954946,25.26323523319258,123.45303424775781,123.45303200000002,13.501075357573098,0.1,9.87864375722748,3744.3605227676344,34.0,25.269222413778678,3758.8644085449023,5.829496991539077,2.412474323328862,5.840100000000012,2.427000000000001,102.82982710863642,48.49046496232754,32.76710989282992,0.4715603081885854,0.6757433635310949,13.5305661461328,43.87864375722748,33.96292224764093,5.8392814072830435,2.425104416760389,25.19437528968277,3750.9177253970624
2258,225.79999999999146,43.82933783699882,33.98106902824697,9.848268824168649,3750.8177550776322,25.263235231848526,123.45303394599489,123.45303200000002,13.501075390806454,0.1,9.816314385919732,3744.3605227676344,34.0,25.269222413778678,3758.8644085449023,5.829496991539077,2.412474323328862,5.840100000000012,2.427000000000001,102.82982717596721,48.490464922429375,32.76710997348728,0.4715603074918158,0.6757433657504649,13.392569223132545,43.81631438591973,34.00588722955866,5.840028941953609,2.4270167242635416,25.292332694638624,3750.7895375975113
2259,225.89999999999145,43.829337841189044,33.9810690246321,9.848268829904036,3750.8177603432387,25.26323523068491,123.4530336847438,123.45303200000002,13.501075419578212,0.1,9.831783546707506,3744.3605227676344,34.0,25.269222413778678,3758.8644085449023,5.829496991539077,2.412474323328862,5.840100000000012,2.427000000000001,102.82982723425877,48.49046488788755,32.767110043316336,0.47156030688858797,0.6757433676718831,13.530381494662604,43.831783546707506,34.01189717658374,5.839135895204268,2.4274029778132746,25.392444479124844,3750.749398032161
2260,225.99999999999145,43.829337844816735,33.98106902150253,9.848268834869442,3750.817764901934,25.26323522967751,123.45303345856583,123.45303200000002,13.50107544448734,0.1,9.84535181507298,3744.3605227676344,34.0,25.269222413778678,3758.8644085449023,5.827289982043204,2.4137130418637205,5.840100000000012,2.427000000000001,102.82982728472466,48.49046485798298,32.76711010377078,0.4715603063663438,0.6757433693353496,13.469550214285974,43.84535181507298,33.998982643157426,5.840941159160546,2.42945103946277,25.107475779188928,3750.871624741297
2261,226.09999999999144,43.829337847957405,33.9810690187931,9.848268839168238,3750.8177688486217,25.263235228805353,123.45303326275241,123.45303200000002,13.5010754660524,0.1,9.863587397045606,3744.3605227676344,34.0,25.269222413778678,3758.8644085449023,5.827289982043204,2.4137130418637205,5.840100000000012,2.427000000000001,102.82982732841545,48.49046483209313,32.76711015610919,0.4715603059142115,0.6757433707754946,13.562981585448538,43.863587397045606,33.97800396395817,5.839226045230897,2.42581817711454,25.30992188926319,3750.8257576462606
2262,226.19999999999143,43.82933785067644,33.981069016447414,9.848268842889919,3750.8177722654636,25.263235228050284,123.45303309322706,123.45303200000002,13.50107548472234,0.1,9.77592980528788,3744.3605227676344,34.0,25.269222413778678,3758.8644085449023,5.827289982043204,2.4137130418637205,5.840100000000012,2.427000000000001,102.82982736624072,48.490464809679,32.76711020142113,0.47156030552277806,0.6757433720222994,13.500762553990933,43.77592980528788,33.998507329671035,5.841550392499966,2.4264864588981068,25.421893590406203,3750.8425122611256
2263,226.29999999999143,43.82933785303044,33.98106901441664,9.848268846111962,3750.8177752235924,25.263235227396585,123.45303294646061,123.45303200000002,13.501075500885827,0.1,9.853810625857768,3744.3605227676344,34.0,25.26104884737746,3762.981831188186,5.827289982043204,2.4137130418637205,5.840100000000012,2.427000000000001,102.82982739898794,48.49046479027399,32.76711024064991,0.47156030518389486,0.6757433731017196,13.568332399337077,43.85381062585777,33.96713111681805,5.841741787103257,2.4250857599616085,25.26838804488082,3750.870501199327
2264,226.39999999999142,43.82933785506842,33.9810690126585,9.848268848901444,3750.8177777845904,25.263235226830645,123.45303281939766,123.45303200000002,13.501075514879355,0.1,9.829024889507231,3744.3605227676344,34.0,25.26104884737746,3762.981831188186,5.827289982043204,2.4137130418637205,5.840100000000012,2.427000000000001,102.82982742733883,48.49046477347411,32.76711027461221,0.47156030489050693,0.6757433740362271,13.459869864948816,43.82902488950723,33.97323794124871,5.839375120255619,2.4281662002786715,25.285966339564965,3750.8705718514434
2265,226.49999999999142,43.829337856832794,33.98106901113639,9.848268851316437,3750.817780001773,25.263235226340683,123.453032709393,123.45303200000002,13.501075526994244,0.1,9.833257383142914,3744.3605227676344,34.0,25.26104884737746,3762.981831188186,5.827289982043204,2.4137130418637205,5.840100000000012,2.427000000000001,102.8298274518836,48.490464758929626,32.76711030401504,0.47156030463650644,0.6757433748452762,13.487890230868677,43.833257383142914,33.96299861284121,5.839566598284627,2.4270893650298198,24.999668815241886,3750.754842453189
2266,226.5999999999914,43.82933785836029,33.981069009818626,9.848268853407214,3750.817781921297,25.2632352259165,123.45303261415653,123.45303200000002,13.5010755374827,0.1,9.86931062695254,3744.3605227676344,34.0,25.26104884737746,3762.981831188186,5.822469656901981,2.4148345988801765,5.840100000000012,2.427000000000001,102.82982747313322,48.49046474633776,32.767110329470526,0.4715603044166058,0.67574337554571,13.53785447707583,43.86931062695254,33.97921308695641,5.839703689781464,2.427801537307086,25.419990887632533,3750.7364029535734
2267,226.6999999999914,43.829337859682724,33.98106900867778,9.848268855217304,3750.817783583124,25.263235225549263,123.45303253170563,123.45303200000002,13.501075546563074,0.1,9.812481865186797,3744.3605227676344,34.0,25.26104884737746,3762.981831188186,5.822469656901981,2.4148345988801765,5.840100000000012,2.427000000000001,102.82982749153005,48.49046473543635,32.76711035150859,0.47156030422622697,0.6757433761521101,13.463158095843275,43.8124818651868,33.989689314039026,5.839350673803746,2.426609885418745,25.40098658549717,3750.73312781832
2268,226.7999999999914,43.82933786082762,33.98106900769008,9.848268856784388,3750.8177850218494,25.263235225231327,123.45303246032381,123.45303200000002,13.501075554424402,0.1,9.804694180190559,3744.3605227676344,34.0,25.26104884737746,3762.981831188186,5.822469656901981,2.4148345988801765,5.840100000000012,2.427000000000001,102.82982750745711,48.490464725998464,32.767110370588036,0.4715603040614066,0.6757433766771005,13.448141711630448,43.80469418019056,33.99134970622682,5.8392880715259965,2.428538865465522,25.074513812608345,3750.7797573406447
2269,226.8999999999914,43.829337861818814,33.981069006834986,9.84826885814109,3750.817786267425,25.263235224956073,123.45303239852504,123.45303200000002,13.501075561230342,0.1,9.8119383275275,3744.3605227676344,34.0,25.225905856788607,3759.813246226853,5.822469656901981,2.4148345988801765,5.840100000000012,2.427000000000001,102.82982752124593,48.49046471782762,32.76711038710605,0.4715603039187135,0.6757433771316107,13.459804119978553,43.8119383275275,33.93818579840212,5.840196320762544,2.4268376104309475,25.194527183875394,3750.976547743445
2270,226.9999999999914,43.82933786267695,33.981069006094685,9.848268859315652,3750.8177873457817,25.26323522471777,123.45303234502278,123.45303200000002,13.501075567122578,0.1,9.831731068046977,3744.3605227676344,34.0,25.225905856788607,3759.813246226853,5.822469656901981,2.4148345988801765,5.840100000000012,2.427000000000001,102.82982753318359,48.490464710753706,32.76711040140651,0.47156030379517694,0.6757433775251027,13.567147848474493,43.83173106804698,34.01649962075259,5.838656503880061,2.427619568203105,25.162083969135068,3750.7388124952386
2271,227.09999999999138,43.82933786341988,33.98106900545376,9.848268860332528,3750.817788279368,25.26323522451146,123.4530322987032,123.45303200000002,13.501075572223781,0.1,9.744829993623725,3744.3605227676344,34.0,25.225905856788607,3759.813246226853,5.822469656901981,2.4148345988801765,5.840100000000012,2.427000000000001,102.82982754351858,48.49046470462946,32.76711041378713,0.4715603036882254,0.6757433778657683,13.52826392386125,43.744829993623725,33.972823740594635,5.84019939139408,2.426182172481397,25.137833685729337,3750.9509985760487
2272,227.19999999999138,43.82933786406308,33.98106900489889,9.848268861212887,3750.8177890876195,25.263235224332853,123.45303225860208,123.45303200000002,13.501075576640142,0.1,9.890591301687095,3744.3605227676344,34.0,25.225905856788607,3759.813246226853,5.819115426883775,2.416030494868259,5.840100000000012,2.427000000000001,102.8298275524661,48.490464699327404,32.76711042450564,0.47156030359563206,0.6757433781606993,13.435342788050564,43.890591301687095,33.97942861983385,5.838065726750624,2.427711394439689,25.290011494890237,3750.837374706417
2273,227.29999999999137,43.8293378646199,33.98106900441852,9.848268861975061,3750.817789787363,25.26323522417822,123.4530322238846,123.45303200000002,13.501075580463604,0.1,9.77384984604764,3744.3605227676344,34.0,25.225905856788607,3759.813246226853,5.819115426883775,2.416030494868259,5.840100000000012,2.427000000000001,102.82982756021248,48.49046469473717,32.76711043378518,0.47156030351546935,0.6757433784160353,13.505548600087305,43.77384984604764,33.99260082167182,5.841654436484328,2.426191637542589,25.157592246546102,3750.7482290485277
2274,227.39999999999137,43.82933786510199,33.981069004002634,9.848268862634912,3750.817790393165,25.263235224044347,123.45303219382795,123.45303200000002,13.501075583773764,0.1,9.822128502739055,3744.3605227676344,34.0,25.225905856788607,3759.813246226853,5.819115426883775,2.416030494868259,5.840100000000012,2.427000000000001,102.82982756691887,48.490464690763176,32.767110441818936,0.47156030344606864,0.6757433786370923,13.442836487323952,43.822128502739055,33.97110008038551,5.840738771886293,2.427974253618302,25.231478210807126,3750.6322613249054
2275,227.49999999999136,43.82933786551935,33.98106900364258,9.848268863206176,3750.817790917638,25.263235223928447,123.45303216780643,123.45303200000002,13.501075586639532,0.1,9.826161829869918,3744.3605227676344,34.0,25.240859728495074,3758.753522645185,5.819115426883775,2.416030494868259,5.840100000000012,2.427000000000001,102.8298275727249,48.490464687322685,32.767110448774154,0.4715603033859851,0.6757433788284724,13.533982540551827,43.82616182986992,33.984330260014296,5.840872402480501,2.4281111159694904,24.95185502799674,3750.8894508223825
2276,227.59999999999135,43.829337865880674,33.98106900333086,9.848268863700747,3750.8177913717,25.263235223828108,123.4530321452783,123.45303200000002,13.501075589120566,0.1,9.828011905903018,3744.3605227676344,34.0,25.240859728495074,3758.753522645185,5.819115426883775,2.416030494868259,5.840100000000012,2.427000000000001,102.82982757775147,48.49046468434408,32.76711045479563,0.4715603033339677,0.6757433789941595,13.464482932874404,43.82801190590302,33.952844385888305,5.840104183941168,2.4280529680069702,25.119454195949487,3750.800202659902
2277,227.69999999999135,43.8293378661935,33.981069003060995,9.848268864128924,3750.817791764804,25.26323522374124,123.45303212577463,123.45303200000002,13.501075591268522,0.1,9.774214408132138,3744.3605227676344,34.0,25.240859728495074,3758.753522645185,5.819115426883775,2.416030494868259,5.840100000000012,2.427000000000001,102.82982758210325,48.490464681765374,32.767110460008716,0.4715603032889338,0.6757433791376027,13.545889513424981,43.77421440813214,33.97508511281226,5.839601447325595,2.4269605048863294,25.230513777764706,3750.8556410229785
2278,227.79999999999134,43.829337866464314,33.98106900282736,9.84826886449962,3750.817792105134,25.263235223666033,123.45303210888933,123.45303200000002,13.501075593128116,0.1,9.816028285496017,3744.3605227676344,34.0,25.240859728495074,3758.753522645185,5.813775653622734,2.417243714036476,5.840100000000012,2.427000000000001,102.82982758587083,48.49046467953286,32.76711046452195,0.4715603032499455,0.6757433792617887,13.51377586156081,43.81602828549602,33.96273775851349,5.839112238295168,2.4259511211136773,25.233294049002446,3751.004703430168
2279,227.89999999999134,43.82933786669878,33.98106900262509,9.848268864820547,3750.817792399774,25.263235223600923,123.45303209427087,123.45303200000002,13.501075594738056,0.1,9.816200224678646,3744.3605227676344,34.0,25.240859728495074,3758.753522645185,5.813775653622734,2.417243714036476,5.840100000000012,2.427000000000001,102.82982758913258,48.49046467760006,32.76711046842927,0.4715603032161916,0.6757433793693027,13.498518944979152,43.816200224678646,33.980371762710284,5.839863044279032,2.4255827792581797,25.156872927919434,3750.89106488421
2280,227.99999999999133,43.82933786690177,33.98106900244998,9.84826886509839,3750.8177926548587,25.26323522354455,123.45303208161494,123.45303200000002,13.501075596131864,0.1,9.832935426488525,3744.3605227676344,34.0,25.240859728495074,3758.753522645185,5.813775653622734,2.417243714036476,5.840100000000012,2.427000000000001,102.82982759195642,48.49046467592673,32.767110471812046,0.4715603031869691,0.6757433794623832,13.53005064354686,43.832935426488525,33.98841681875497,5.84006158401047,2.428149576200913,25.129519800137526,3750.9024712773335
2281,228.09999999999133,43.82933786707751,33.98106900229836,9.84826886533893,3750.817792875698,25.263235223495748,123.45303207065807,123.45303200000002,13.50107559733855,0.1,9.807185883149465,3744.3605227676344,34.0,25.21710630617819,3755.08431172707,5.813775653622734,2.417243714036476,5.840100000000012,2.427000000000001,102.82982759440114,48.49046467447805,32.767110474740676,0.47156030316166986,0.6757433795429675,13.450684748503052,43.807185883149465,33.97293678731157,5.840678074879108,2.428362171163393,25.42055513877865,3750.739356552036
2282,228.19999999999132,43.82933786722967,33.981069002167104,9.848268865547178,3750.8177930668894,25.2632352234535,123.45303206117214,123.45303200000002,13.501075598383236,0.1,9.818990191414478,3744.3605227676344,34.0,25.21710630617819,3755.08431172707,5.813775653622734,2.417243714036476,5.840100000000012,2.427000000000001,102.82982759651766,48.49046467322383,32.76711047727613,0.4715603031397669,0.6757433796127333,13.48550303264019,43.81899019141448,33.98311514520096,5.839411285926404,2.4263190524441245,25.39883200840653,3750.6634298288554
2283,228.29999999999131,43.829337867361374,33.981069002053474,9.84826886572747,3750.817793232413,25.26323522341692,123.45303205295976,123.45303200000002,13.501075599287672,0.1,9.801228940525476,3744.3605227676344,34.0,25.21710630617819,3755.08431172707,5.813775653622734,2.417243714036476,5.840100000000012,2.427000000000001,102.82982759835005,48.49046467213802,32.76711047947119,0.4715603031208045,0.6757433796731328,13.465321250748138,43.801228940525476,33.986807143918554,5.839573643175205,2.4264812904904383,25.384476768731737,3750.7738977140384
2284,228.3999999999913,43.82933786747542,33.9810690019551,9.848268865883556,3750.817793375715,25.26323522338525,123.45303204584988,123.45303200000002,13.501075600070687,0.1,9.810796721757633,3744.3605227676344,34.0,25.21710630617819,3755.08431172707,5.808847687114753,2.4183871041263636,5.840100000000012,2.427000000000001,102.82982759993644,48.49046467119798,32.76711048137157,0.4715603031043879,0.6757433797254235,13.425779819199336,43.81079672175763,33.94341227517554,5.840896524883645,2.426854332267527,25.41179745705597,3750.941177604297
2285,228.4999999999913,43.82933786757414,33.98106900186992,9.848268866018687,3750.817793499779,25.263235223357835,123.45303203969449,123.45303200000002,13.501075600748583,0.1,9.851913694850971,3744.3605227676344,34.0,25.21710630617819,3755.08431172707,5.808847687114753,2.4183871041263636,5.840100000000012,2.427000000000001,102.82982760130984,48.49046467038413,32.76711048301682,0.47156030309017516,0.6757433797706944,13.519554116108052,43.85191369485097,33.96949110381037,5.8392112001320955,2.4270401918150637,25.111393534879117,3750.785693481575
2286,228.5999999999913,43.82933786765962,33.981069001796186,9.848268866135678,3750.817793607187,25.2632352233341,123.45303203436548,123.45303200000002,13.50107560133547,0.1,9.811156841844223,3744.3605227676344,34.0,25.21710630617819,3755.08431172707,5.808847687114753,2.4183871041263636,5.840100000000012,2.427000000000001,102.82982760249888,48.49046466967953,32.7671104844412,0.4715603030778704,0.6757433798098877,13.503810071654867,43.81115684184422,33.9847077842307,5.839663122915639,2.427390929388201,25.205065773421772,3750.6401980781334
2287,228.6999999999913,43.829337867733614,33.981069001732344,9.848268866236962,3750.8177937001756,25.26323522331355,123.45303202975188,123.45303200000002,13.501075601843569,0.1,9.837138915122694,3744.3605227676344,34.0,25.252659740392286,3755.7508069277874,5.808847687114753,2.4183871041263636,5.840100000000012,2.427000000000001,102.82982760352827,48.49046466906954,32.76711048567435,0.4715603030672177,0.6757433798438192,13.544713575154317,43.837138915122694,33.98475726370414,5.840895211587998,2.4291764116769103,25.313870113444427,3750.7424756748424
2288,228.7999999999913,43.829337867797676,33.981069001677085,9.848268866324648,3750.8177937806804,25.263235223295762,123.45303202575766,123.45303200000002,13.501075602283455,0.1,9.872136968040117,3744.3605227676344,34.0,25.252659740392286,3755.7508069277874,5.808847687114753,2.4183871041263636,5.840100000000012,2.427000000000001,102.82982760441949,48.49046466854144,32.767110486741956,0.47156030305799507,0.6757433798731953,13.550659732493832,43.87213696804012,33.99645687573369,5.837632664715702,2.428022811514865,25.30453779102446,3750.8643322982343
2289,228.89999999999128,43.82933786785314,33.98106900162924,9.848268866400566,3750.8177938503773,25.26323522328036,123.45303202229971,123.45303200000002,13.501075602664285,0.1,9.816094448441461,3744.3605227676344,34.0,25.252659740392286,3755.7508069277874,5.808847687114753,2.4183871041263636,5.840100000000012,2.427000000000001,102.8298276051911,48.49046466808424,32.76711048766623,0.47156030305001045,0.6757433798986276,13.432060045695948,43.81609444844146,33.946597898739675,5.840357202441,2.4291700308435615,25.393819724921045,3750.744799415432
2290,228.99999999999127,43.829337867901145,33.98106900158782,9.848268866466292,3750.8177939107172,25.263235223267028,123.45303201930597,123.45303200000002,13.501075602993991,0.1,9.854849064307878,3744.3605227676344,34.0,25.252659740392286,3755.7508069277874,5.8054502125669565,2.4195400949500407,5.840100000000012,2.427000000000001,102.82982760585908,48.490464667688414,32.76711048846643,0.4715603030430978,0.6757433799206459,13.498971718157911,43.85484906430788,33.97407609868186,5.8410598416190975,2.4262551744001413,25.332879089885278,3750.930040105132
2291,229.09999999999127,43.82933786794271,33.98106900155195,9.848268866523192,3750.817793962957,25.26323522325548,123.45303201671415,123.45303200000002,13.50107560327943,0.1,9.791064262307692,3744.3605227676344,34.0,25.252659740392286,3755.7508069277874,5.8054502125669565,2.4195400949500407,5.840100000000012,2.427000000000001,102.82982760643739,48.49046466734575,32.76711048915919,0.47156030303711344,0.6757433799397077,13.430695152425807,43.79106426230769,33.95212186933068,5.838409295169764,2.427091631727312,25.44578716083773,3750.8083029400855
2292,229.19999999999126,43.82933786797872,33.98106900152091,9.84826886657245,3750.8177940081832,25.263235223245488,123.45303201447022,123.45303200000002,13.50107560352655,0.1,9.795342547938787,3744.3605227676344,34.0,25.252659740392286,3755.7508069277874,5.8054502125669565,2.4195400949500407,5.840100000000012,2.427000000000001,102.82982760693803,48.490464667049054,32.76711048975895,0.4715603030319323,0.6757433799562109,13.522922376295579,43.79534254793879,33.9689154459283,5.839531327716498,2.427884615076095,25.28456912864282,3750.731342017406
2293,229.29999999999126,43.82933786800987,33.98106900149402,9.848268866615099,3750.817794047338,25.263235223236837,123.45303201252759,123.45303200000002,13.501075603740494,0.1,9.829023716553316,3744.3605227676344,34.0,25.24774870136159,3756.230950399004,5.8054502125669565,2.4195400949500407,5.840100000000012,2.427000000000001,102.82982760737148,48.49046466679221,32.76711049027819,0.4715603030274467,0.6757433799704984,13.48665773971579,43.829023716553316,33.94169732845287,5.841202369734265,2.4278201821839156,25.54949730474259,3750.8736238929464
2294,229.39999999999125,43.829337868036845,33.98106900147076,9.848268866652024,3750.8177940812357,25.263235223229344,123.45303201084577,123.45303200000002,13.501075603925718,0.1,9.861719949277123,3744.3605227676344,34.0,25.24774870136159,3756.230950399004,5.8054502125669565,2.4195400949500407,5.840100000000012,2.427000000000001,102.82982760774676,48.49046466656984,32.76711049072773,0.47156030302356333,0.6757433799828678,13.563322216859023,43.86171994927712,34.01619808800885,5.841036609519194,2.42757578832188,25.130095330126682,3750.858079334307
2295,229.49999999999125,43.82933786806021,33.98106900145061,9.848268866683986,3750.817794110583,25.263235223222857,123.4530320093897,123.45303200000002,13.501075604086074,0.1,9.824818885350687,3744.3605227676344,34.0,25.24774870136159,3756.230950399004,5.8054502125669565,2.4195400949500407,5.840100000000012,2.427000000000001,102.82982760807161,48.490464666377314,32.76711049111692,0.47156030302020135,0.6757433799935768,13.507931357219915,43.82481888535069,33.974786810572525,5.838776649811141,2.428821507785507,25.0276246399063,3750.7594491048694
2296,229.59999999999124,43.82933786808043,33.981069001433156,9.848268866711658,3750.81779413599,25.263235223217244,123.4530320081291,123.45303200000002,13.5010756042249,0.1,9.815180476409829,3744.3605227676344,34.0,25.24774870136159,3756.230950399004,5.802003704055108,2.4206984650194916,5.840100000000012,2.427000000000001,102.82982760835286,48.49046466621064,32.76711049145384,0.47156030301729074,0.6757433800028478,13.547850630746165,43.81518047640983,34.00273646966349,5.839686241412731,2.4262565706175847,25.37066251961747,3750.9131887287162
2297,229.69999999999123,43.82933786809792,33.98106900141806,9.848268866735618,3750.817794157986,25.263235223212384,123.45303200703779,123.45303200000002,13.501075604345091,0.1,9.79518141612278,3744.3605227676344,34.0,25.24774870136159,3756.230950399004,5.802003704055108,2.4206984650194916,5.840100000000012,2.427000000000001,102.82982760859636,48.49046466606635,32.76711049174555,0.47156030301477087,0.6757433800108743,13.442451617194616,43.79518141612278,33.922104064914166,5.839404334483396,2.427374879630203,25.057550523122245,3750.8325264686864
2298,229.79999999999123,43.82933786811307,33.98106900140499,9.84826886675636,3750.8177941770296,25.263235223208177,123.45303200609298,123.45303200000002,13.501075604449143,0.1,9.825147453316262,3744.3605227676344,34.0,25.24774870136159,3756.230950399004,5.802003704055108,2.4206984650194916,5.840100000000012,2.427000000000001,102.82982760880718,48.49046466594144,32.76711049199808,0.47156030301258933,0.675743380017823,13.554182505353348,43.82514745331626,34.01202181700824,5.840825954616142,2.4261735212969544,25.267023064056275,3750.8760399296366
2299,229.89999999999122,43.82933786812619,33.98106900139368,9.84826886677432,3750.8177941935164,25.263235223204532,123.45303200527502,123.45303200000002,13.50107560453923,0.1,9.804177241254337,3744.3605227676344,34.0,25.24905886855339,3755.8309814364757,5.802003704055108,2.4206984650194916,5.840100000000012,2.427000000000001,102.82982760898973,48.4904646658333,32.76711049221672,0.47156030301070057,0.6757433800238388,13.454201823894767,43.80417724125434,33.87732237219793,5.8403818083359615,2.42764515003225,25.221186640855592,3750.6648578017657
2300,229.99999999999122,43.82933786813756,33.98106900138387,9.848268866789866,3750.81779420779,25.263235223201377,123.45303200456682,123.45303200000002,13.501075604617222,0.1,9.815616394176182,3744.3605227676344,34.0,25.24905886855339,3755.8309814364757,5.802003704055108,2.4206984650194916,5.840100000000012,2.427000000000001,102.82982760914773,48.49046466573966,32.76711049240601,0.4715603030090654,0.6757433800290474,13.575798331407494,43.81561639417618,33.94891882135178,5.840500238045641,2.426586282013184,25.05889034699625,3751.0165855991636
2301,230.0999999999912,43.82933786814739,33.98106900137539,9.848268866803325,3750.8177942201473,25.263235223198645,123.45303200395371,123.45303200000002,13.501075604684742,0.1,9.794262786075166,3744.3605227676344,34.0,25.24905886855339,3755.8309814364757,5.802003704055108,2.4206984650194916,5.840100000000012,2.427000000000001,102.82982760928451,48.4904646656586,32.76711049256988,0.47156030300764984,0.6757433800335564,13.489696092078027,43.794262786075166,34.01500645850521,5.8391058280734764,2.427062981426947,25.460646646616045,3750.8123258884816
2302,230.1999999999912,43.8293378681559,33.98106900136804,9.848268866814976,3750.8177942308453,25.263235223196283,123.45303200342289,123.45303200000002,13.501075604743198,0.1,9.866650374925882,3744.3605227676344,34.0,25.24905886855339,3755.8309814364757,5.796847252238641,2.421808518088711,5.840100000000012,2.427000000000001,102.82982760940294,48.4904646655884,32.76711049271175,0.47156030300642404,0.6757433800374605,13.466464742825243,43.86665037492588,34.02774060423535,5.840005614507714,2.427201706128439,25.26876110484375,3750.7358597435646
2303,230.2999999999912,43.82933786816328,33.98106900136169,9.848268866825066,3750.817794240107,25.263235223194236,123.4530320029634,123.45303200000002,13.501075604793806,0.1,9.85454576778028,3744.3605227676344,34.0,25.24905886855339,3755.8309814364757,5.796847252238641,2.421808518088711,5.840100000000012,2.427000000000001,102.82982760950547,48.490464665527654,32.76711049283458,0.4715603030053631,0.6757433800408401,13.529499378815736,43.85454576778028,33.96262593590249,5.839329478399123,2.426763546580575,25.35179965573388,3750.618430729749
2304,230.3999999999912,43.82933786816966,33.98106900135618,9.8482688668338,3750.8177942481257,25.263235223192464,123.45303200256556,123.45303200000002,13.501075604837618,0.1,9.82196792353249,3744.3605227676344,34.0,25.24905886855339,3755.8309814364757,5.796847252238641,2.421808518088711,5.840100000000012,2.427000000000001,102.82982760959426,48.49046466547505,32.767110492940915,0.4715603030044444,0.675743380043766,13.556766441215764,43.82196792353249,33.9829827253992,5.8402236494142885,2.4270481648134368,25.164052656412967,3750.854701885158
2305,230.4999999999912,43.82933786817519,33.981069001351415,9.84826886684136,3750.817794255068,25.26323522319093,123.45303200222114,123.45303200000002,13.50107560487555,0.1,9.857011436156384,3744.3605227676344,34.0,25.256183025035643,3756.969097477526,5.796847252238641,2.421808518088711,5.840100000000012,2.427000000000001,102.82982760967107,48.49046466542951,32.76711049303297,0.4715603030036493,0.6757433800462991,13.499779662571825,43.857011436156384,33.95365784088079,5.8402754887450605,2.4269776936626006,25.17832271578023,3750.8450004595657
2306,230.59999999999118,43.82933786817996,33.98106900134729,9.848268866847906,3750.817794261078,25.2632352231896,123.45303200192292,123.45303200000002,13.501075604908392,0.1,9.846197365658462,3744.3605227676344,34.0,25.256183025035643,3756.969097477526,5.796847252238641,2.421808518088711,5.840100000000012,2.427000000000001,102.8298276097376,48.49046466539008,32.76711049311268,0.4715603030029607,0.6757433800484924,13.483722168081227,43.84619736565846,33.94757514155343,5.840948339413633,2.428535690802717,25.183038496159277,3751.028109809428
2307,230.69999999999118,43.82933786818411,33.98106900134371,9.848268866853573,3750.817794266281,25.263235223188452,123.45303200166477,123.45303200000002,13.50107560493682,0.1,9.81155134534567,3744.3605227676344,34.0,25.256183025035643,3756.969097477526,5.796847252238641,2.421808518088711,5.840100000000012,2.427000000000001,102.82982760979522,48.490464665355944,32.767110493181676,0.47156030300236457,0.6757433800503909,13.54076219677218,43.81155134534567,33.990615191606445,5.840157072688832,2.427059476093143,25.165307808498397,3750.705684603195
2308,230.79999999999117,43.82933786818768,33.98106900134063,9.848268866858483,3750.8177942707857,25.263235223187458,123.4530320014413,123.45303200000002,13.501075604961438,0.1,9.869905037593377,3744.3605227676344,34.0,25.256183025035643,3756.969097477526,5.78891722094999,2.422965967275252,5.840100000000012,2.427000000000001,102.82982760984511,48.49046466532641,32.76711049324142,0.4715603030018485,0.6757433800520346,13.433572766917738,43.86990503759338,33.96297469630232,5.840244104668505,2.4277511173021815,25.047183571719547,3750.7319496459745
2309,230.89999999999117,43.82933786819079,33.98106900133796,9.84826886686273,3750.8177942746856,25.263235223186594,123.45303200124782,123.45303200000002,13.501075604982747,0.1,9.834535445617703,3744.3605227676344,34.0,25.256183025035643,3756.969097477526,5.78891722094999,2.422965967275252,5.840100000000012,2.427000000000001,102.82982760988828,48.490464665300834,32.76711049329314,0.47156030300140184,0.6757433800534576,13.524974105928584,43.8345354456177,33.98304950122689,5.8402521949981026,2.428174829973133,25.299223065796266,3750.9236249247883
2310,230.99999999999116,43.82933786819348,33.98106900133563,9.848268866866407,3750.817794278062,25.26323522318585,123.45303200108027,123.45303200000002,13.501075605001196,0.1,9.838285862413557,3744.3605227676344,34.0,25.256183025035643,3756.969097477526,5.78891722094999,2.422965967275252,5.840100000000012,2.427000000000001,102.82982760992564,48.490464665278665,32.76711049333792,0.4715603030010149,0.67574338005469,13.451733614015945,43.83828586241356,33.950162672856464,5.839064805780776,2.426762450678842,25.164754224090437,3750.745539177945
2311,231.09999999999116,43.82933786819581,33.98106900133362,9.848268866869592,3750.8177942809853,25.2632352231852,123.45303200093525,123.45303200000002,13.501075605017165,0.1,9.758379746956429,3744.3605227676344,34.0,25.212784959514824,3755.594636133282,5.78891722094999,2.422965967275252,5.840100000000012,2.427000000000001,102.82982760995802,48.490464665259495,32.76711049337667,0.47156030300068,0.6757433800557563,13.520602813355328,43.75837974695643,34.00670201044383,5.8393865008502,2.426745247665519,25.38781780978616,3750.8808337374967
2312,231.19999999999115,43.829337868197825,33.98106900133188,9.848268866872347,3750.817794283516,25.263235223184644,123.45303200080969,123.45303200000002,13.501075605030996,0.1,9.861579818663273,3744.3605227676344,34.0,25.212784959514824,3755.594636133282,5.78891722094999,2.422965967275252,5.840100000000012,2.427000000000001,102.82982760998601,48.49046466524289,32.76711049341024,0.47156030300039015,0.6757433800566801,13.556227716940791,43.86157981866327,33.94835763073542,5.840724167002427,2.4278389785074115,25.42557170951342,3750.7555680523355
2313,231.29999999999114,43.82933786819956,33.98106900133038,9.848268866874735,3750.817794285707,25.26323522318416,123.453032000701,123.45303200000002,13.501075605042965,0.1,9.815228173013672,3744.3605227676344,34.0,25.212784959514824,3755.594636133282,5.78891722094999,2.422965967275252,5.840100000000012,2.427000000000001,102.82982761001028,48.49046466522853,32.76711049343929,0.4715603030001392,0.6757433800574792,13.419670812135985,43.81522817301367,33.975316461371825,5.840904154576646,2.4273858302444067,25.237930462898124,3750.7744130824867
2314,231.39999999999114,43.829337868201065,33.98106900132908,9.848268866876802,3750.8177942876036,25.26323522318374,123.45303200060691,123.45303200000002,13.501075605053332,0.1,9.851741698913287,3744.3605227676344,34.0,25.212784959514824,3755.594636133282,5.7851666507268495,2.4241554014387168,5.840100000000012,2.427000000000001,102.8298276100313,48.490464665216095,32.76711049346445,0.4715603029999219,0.6757433800581714,13.513118205756673,43.85174169891329,33.98718370611494,5.840685743867544,2.4269587077212265,25.399603756239134,3750.8227690490294
2315,231.49999999999113,43.82933786820237,33.98106900132796,9.848268866878591,3750.8177942892457,25.26323522318338,123.45303200052543,123.45303200000002,13.501075605062303,0.1,9.832949591236584,3744.3605227676344,34.0,25.212784959514824,3755.594636133282,5.7851666507268495,2.4241554014387168,5.840100000000012,2.427000000000001,102.82982761004948,48.490464665205316,32.76711049348622,0.4715603029997337,0.6757433800587705,13.641622889868952,43.832949591236584,34.04350154249838,5.840313731933399,2.4275678590248964,25.22080419424235,3750.7706214398095
2316,231.59999999999113,43.829337868203496,33.98106900132698,9.84826886688014,3750.8177942906673,25.263235223183063,123.45303200045491,123.45303200000002,13.501075605070072,0.1,9.800055526575498,3744.3605227676344,34.0,25.212784959514824,3755.594636133282,5.7851666507268495,2.4241554014387168,5.840100000000012,2.427000000000001,102.82982761006521,48.490464665195994,32.76711049350508,0.4715603029995709,0.6757433800592894,13.449135275191457,43.8000555265755,33.96207832828087,5.839302650028788,2.427833844194742,25.06943774621614,3750.81434006674
2317,231.69999999999112,43.82933786820449,33.98106900132613,9.848268866881478,3750.8177942918983,25.26323522318279,123.45303200039382,123.45303200000002,13.501075605076798,0.1,9.830513533918747,3744.3605227676344,34.0,25.2590690997498,3756.890652543039,5.7851666507268495,2.4241554014387168,5.840100000000012,2.427000000000001,102.82982761007881,48.490464665187915,32.7671104935214,0.47156030299942997,0.6757433800597386,13.567678292100368,43.83051353391875,33.97456813925653,5.840118583599092,2.428347877630469,25.217929864618156,3750.746050842418
2318,231.79999999999112,43.82933786820534,33.981069001325395,9.848268866882638,3750.8177942929638,25.263235223182555,123.45303200034091,123.45303200000002,13.50107560508262,0.1,9.83929980026138,3744.3605227676344,34.0,25.2590690997498,3756.890652543039,5.7851666507268495,2.4241554014387168,5.840100000000012,2.427000000000001,102.8298276100906,48.49046466518091,32.76711049353553,0.4715603029993078,0.6757433800601277,13.462930982339829,43.83929980026138,33.937359470270074,5.840073752332192,2.4262669659109806,25.251648154267063,3750.808332474007
2319,231.8999999999911,43.82933786820607,33.98106900132477,9.848268866883643,3750.817794293886,25.263235223182352,123.45303200029517,123.45303200000002,13.501075605087658,0.1,9.820690877988447,3744.3605227676344,34.0,25.2590690997498,3756.890652543039,5.7851666507268495,2.4241554014387168,5.840100000000012,2.427000000000001,102.82982761010084,48.49046466517486,32.76711049354776,0.47156030299920204,0.6757433800604641,13.476386516926029,43.82069087798845,33.95892671428687,5.840273258171536,2.426516668949425,25.287906569675368,3750.9627419064427
2320,231.9999999999911,43.82933786820671,33.98106900132422,9.848268866884514,3750.8177942946845,25.263235223182175,123.45303200025556,123.45303200000002,13.501075605092021,0.1,9.826458586883255,3744.3605227676344,34.0,25.2590690997498,3756.890652543039,5.782138952299474,2.4252918258026797,5.840100000000012,2.427000000000001,102.82982761010967,48.49046466516963,32.76711049355835,0.47156030299911067,0.6757433800607553,13.563064292708708,43.826458586883255,34.00491311530483,5.839111139149712,2.426592696939289,25.30935728589026,3750.742686590798
2321,232.0999999999911,43.82933786820726,33.981069001323746,9.848268866885267,3750.817794295376,25.263235223182022,123.45303200022126,123.45303200000002,13.501075605095801,0.1,9.819815255935318,3744.3605227676344,34.0,25.2590690997498,3756.890652543039,5.782138952299474,2.4252918258026797,5.840100000000012,2.427000000000001,102.82982761011733,48.4904646651651,32.76711049356752,0.47156030299903146,0.6757433800610076,13.411243313465638,43.81981525593532,33.902778002256106,5.837493891300951,2.426126654258298,25.191034138323722,3750.8009808680604
2322,232.1999999999911,43.82933786820773,33.981069001323334,9.848268866885919,3750.8177942959746,25.26323522318189,123.45303200019154,123.45303200000002,13.501075605099073,0.1,9.830736183006039,3744.3605227676344,34.0,25.2590690997498,3756.890652543039,5.782138952299474,2.4252918258026797,5.840100000000012,2.427000000000001,102.82982761012396,48.49046466516117,32.767110493575466,0.47156030299896284,0.6757433800612263,13.488773984496518,43.83073618300604,33.98863722153337,5.839287486105418,2.425311835227274,25.512724129583326,3750.751021904416
2323,232.2999999999911,43.82933786820814,33.98106900132298,9.848268866886484,3750.817794296493,25.263235223181777,123.45303200016585,123.45303200000002,13.501075605101901,0.1,9.820943810477594,3744.3605227676344,34.0,25.24729886504374,3758.778140896339,5.782138952299474,2.4252918258026797,5.840100000000012,2.427000000000001,102.8298276101297,48.49046466515777,32.76711049358233,0.4715603029989035,0.6757433800614151,13.53706035426204,43.820943810477594,33.969109179766825,5.8390592377567145,2.4275974429895375,25.258736421754477,3750.8179210983762
2324,232.39999999999108,43.8293378682085,33.98106900132267,9.848268866886972,3750.817794296942,25.263235223181677,123.4530320001436,123.45303200000002,13.501075605104356,0.1,9.839734129575398,3744.3605227676344,34.0,25.24729886504374,3758.778140896339,5.782138952299474,2.4252918258026797,5.840100000000012,2.427000000000001,102.82982761013466,48.49046466515483,32.767110493588284,0.47156030299885215,0.6757433800615789,13.425247497006355,43.8397341295754,33.976333715582506,5.840995501378489,2.4252613639836387,25.375123422716445,3750.785462749048
2325,232.49999999999108,43.82933786820881,33.98106900132241,9.848268866887395,3750.8177942973302,25.263235223181592,123.45303200012431,123.45303200000002,13.501075605106477,0.1,9.77215905110414,3744.3605227676344,34.0,25.24729886504374,3758.778140896339,5.782138952299474,2.4252918258026797,5.840100000000012,2.427000000000001,102.82982761013898,48.49046466515228,32.767110493593435,0.4715603029988075,0.6757433800617206,13.454939747537628,43.77215905110414,33.940680873188775,5.840332699300661,2.426672140446445,25.2993020051677,3750.757768361132
2326,232.59999999999107,43.82933786820908,33.981069001322176,9.848268866887762,3750.8177942976668,25.263235223181518,123.45303200010764,123.45303200000002,13.501075605108314,0.1,9.853617643623359,3744.3605227676344,34.0,25.24729886504374,3758.778140896339,5.773822057322854,2.4265209800835446,5.840100000000012,2.427000000000001,102.8298276101427,48.49046466515008,32.76711049359789,0.47156030299876905,0.6757433800618432,13.475474748855923,43.85361764362336,33.975072145211655,5.840534886514191,2.4271724252441698,25.40041889473771,3750.9680597177203
2327,232.69999999999106,43.82933786820931,33.98106900132198,9.848268866888079,3750.817794297958,25.263235223181454,123.45303200009317,123.45303200000002,13.501075605109909,0.1,9.857838708972423,3744.3605227676344,34.0,25.24729886504374,3758.778140896339,5.773822057322854,2.4265209800835446,5.840100000000012,2.427000000000001,102.82982761014591,48.49046466514817,32.76711049360176,0.47156030299873575,0.6757433800619498,13.366918154411884,43.85783870897242,33.94739083998946,5.838805303235068,2.4256569151261558,25.448020665408198,3750.8466855047413
2328,232.79999999999106,43.82933786820951,33.9810690013218,9.848268866888354,3750.8177942982097,25.263235223181397,123.45303200008068,123.45303200000002,13.501075605111284,0.1,9.8132952149222,3744.3605227676344,34.0,25.24729886504374,3758.778140896339,5.773822057322854,2.4265209800835446,5.840100000000012,2.427000000000001,102.82982761014871,48.49046466514652,32.767110493605095,0.4715603029987069,0.6757433800620415,13.543758421308787,43.8132952149222,33.99667898546311,5.839104749808696,2.426115452822385,25.361095689009485,3750.7698452834443
2329,232.89999999999105,43.82933786820968,33.98106900132165,9.84826886688859,3750.817794298428,25.263235223181347,123.45303200006984,123.45303200000002,13.501075605112478,0.1,9.869504902313416,3744.3605227676344,34.0,25.244269421179734,3757.7361894711894,5.773822057322854,2.4265209800835446,5.840100000000012,2.427000000000001,102.8298276101511,48.49046466514508,32.767110493607994,0.47156030299868196,0.6757433800621212,13.469579196261101,43.869504902313416,33.96386371961079,5.842279519687732,2.4270094297446647,25.200652182171215,3750.696615940486
2330,232.99999999999105,43.829337868209834,33.981069001321515,9.848268866888795,3750.8177942986167,25.263235223181304,123.45303200006045,123.45303200000002,13.501075605113508,0.1,9.817377049301534,3744.3605227676344,34.0,25.244269421179734,3757.7361894711894,5.773822057322854,2.4265209800835446,5.840100000000012,2.427000000000001,102.82982761015317,48.49046466514383,32.767110493610495,0.47156030299866025,0.6757433800621903,13.510179864807938,43.817377049301534,33.99896199760228,5.839452728420021,2.427755040244365,25.16828422516221,3750.9712783112436
2331,233.09999999999104,43.829337868209976,33.9810690013214,9.848268866888972,3750.8177942987804,25.26323522318127,123.45303200005233,123.45303200000002,13.5010756051144,0.1,9.783062759962348,3744.3605227676344,34.0,25.244269421179734,3757.7361894711894,5.773822057322854,2.4265209800835446,5.840100000000012,2.427000000000001,102.82982761015498,48.49046466514275,32.76711049361266,0.4715603029986415,0.67574338006225,13.536985568957148,43.78306275996235,33.95043068150678,5.840092895464107,2.4257574007128255,25.153948563962935,3750.977392335315
2332,233.19999999999104,43.829337868210075,33.98106900132131,9.848268866889127,3750.817794298922,25.26323522318124,123.45303200004531,123.45303200000002,13.501075605115174,0.1,9.85665151985971,3744.3605227676344,34.0,25.244269421179734,3757.7361894711894,5.767096694477098,2.4276930274742736,5.840100000000012,2.427000000000001,102.82982761015656,48.49046466514183,32.76711049361454,0.4715603029986253,0.6757433800623015,13.577345532676786,43.85665151985971,33.94678357975699,5.839203643892881,2.426373632203953,25.3478583799942,3750.9681966150374
2333,233.29999999999103,43.829337868210175,33.981069001321224,9.848268866889264,3750.817794299044,25.263235223181212,123.45303200003927,123.45303200000002,13.501075605115846,0.1,9.868251054850923,3744.3605227676344,34.0,25.244269421179734,3757.7361894711894,5.767096694477098,2.4276930274742736,5.840100000000012,2.427000000000001,102.82982761015795,48.49046466514103,32.76711049361617,0.4715603029986111,0.6757433800623464,13.495342373115443,43.86825105485092,34.01192531329186,5.838975707998503,2.4265540191659998,25.278353775907277,3750.806661788039
2334,233.39999999999102,43.82933786821026,33.98106900132115,9.848268866889377,3750.8177942991506,25.263235223181187,123.453032000034,123.45303200000002,13.501075605116425,0.1,9.863737398613502,3744.3605227676344,34.0,25.244269421179734,3757.7361894711894,5.767096694477098,2.4276930274742736,5.840100000000012,2.427000000000001,102.8298276101591,48.490464665140344,32.76711049361757,0.4715603029985992,0.6757433800623848,13.569086094671778,43.8637373986135,33.98310501571086,5.839367018373657,2.4281303030607293,25.272923358719414,3750.7601178832615
2335,233.49999999999102,43.82933786821033,33.98106900132109,9.848268866889477,3750.8177942992425,25.263235223181166,123.45303200002941,123.45303200000002,13.501075605116926,0.1,9.796459806368865,3744.3605227676344,34.0,25.202977696451832,3753.058627177017,5.767096694477098,2.4276930274742736,5.840100000000012,2.427000000000001,102.8298276101601,48.490464665139726,32.767110493618794,0.4715603029985886,0.6757433800624186,13.4410587206491,43.796459806368865,34.00526355806459,5.840677197438315,2.4267951059234973,25.02278018193089,3750.848591047375
2336,233.599999999991,43.8293378682104,33.981069001321025,9.848268866889562,3750.817794299322,25.263235223181148,123.45303200002544,123.45303200000002,13.501075605117363,0.1,9.831538726464139,3744.3605227676344,34.0,25.202977696451832,3753.058627177017,5.767096694477098,2.4276930274742736,5.840100000000012,2.427000000000001,102.82982761016096,48.49046466513919,32.76711049361985,0.47156030299857943,0.6757433800624478,13.543355346158124,43.83153872646414,33.977186594981994,5.839971581127274,2.4269019503280633,25.196962763058416,3750.7119444068826
2337,233.699999999991,43.82933786821046,33.98106900132098,9.848268866889637,3750.8177942993907,25.263235223181134,123.45303200002202,123.45303200000002,13.50107560511774,0.1,9.787681628003455,3744.3605227676344,34.0,25.202977696451832,3753.058627177017,5.767096694477098,2.4276930274742736,5.840100000000012,2.427000000000001,102.82982761016173,48.49046466513874,32.76711049362076,0.4715603029985715,0.6757433800624729,13.515992980004746,43.787681628003455,33.98060859429013,5.839953972269275,2.4267370217947746,25.252537322529378,3750.897847001409
2338,233.799999999991,43.8293378682105,33.98106900132094,9.848268866889702,3750.8177942994503,25.263235223181123,123.45303200001909,123.45303200000002,13.501075605118062,0.1,9.858710005729442,3744.3605227676344,34.0,25.202977696451832,3753.058627177017,5.765932012213766,2.4288278815478286,5.840100000000012,2.427000000000001,102.8298276101624,48.49046466513836,32.76711049362155,0.4715603029985648,0.6757433800624945,13.532193549129802,43.85871000572944,33.97493588065325,5.8400723142157425,2.4235150369861285,25.12980052472309,3750.8771281588834
2339,233.899999999991,43.82933786821053,33.98106900132091,9.84826886688976,3750.8177942995017,25.263235223181113,123.45303200001656,123.45303200000002,13.501075605118343,0.1,9.82501727315551,3744.3605227676344,34.0,25.202977696451832,3753.058627177017,5.765932012213766,2.4288278815478286,5.840100000000012,2.427000000000001,102.82982761016301,48.490464665138035,32.76711049362223,0.4715603029985588,0.6757433800625131,13.533582860334059,43.82501727315551,34.010884820573196,5.840850179489404,2.42717842642693,25.16989957728734,3750.83630943218
2340,233.999999999991,43.82933786821057,33.98106900132089,9.84826886688981,3750.817794299546,25.263235223181102,123.45303200001437,123.45303200000002,13.501075605118588,0.1,9.812579870027406,3744.3605227676344,34.0,25.202977696451832,3753.058627177017,5.765932012213766,2.4288278815478286,5.840100000000012,2.427000000000001,102.82982761016352,48.49046466513775,32.76711049362282,0.47156030299855367,0.6757433800625292,13.598096930628227,43.812579870027406,33.975486617941826,5.839485694165021,2.4264351755722378,25.145295184660203,3750.7669817373126
2341,234.09999999999098,43.8293378682106,33.98106900132086,9.848268866889851,3750.817794299585,25.26323522318109,123.45303200001244,123.45303200000002,13.501075605118798,0.1,9.809103089119397,3744.3605227676344,34.0,25.247880220047907,3753.8885541371574,5.765932012213766,2.4288278815478286,5.840100000000012,2.427000000000001,102.82982761016392,48.490464665137495,32.767110493623335,0.47156030299854934,0.6757433800625433,13.5593291851779,43.8091030891194,33.98041450058791,5.838666682128947,2.426469591693137,25.31795418320285,3750.7813213065324
2342,234.19999999999098,43.82933786821063,33.981069001320826,9.848268866889885,3750.8177942996185,25.263235223181084,123.45303200001075,123.45303200000002,13.501075605118983,0.1,9.742525778620227,3744.3605227676344,34.0,25.247880220047907,3753.8885541371574,5.765932012213766,2.4288278815478286,5.840100000000012,2.427000000000001,102.82982761016427,48.49046466513726,32.76711049362378,0.47156030299854546,0.6757433800625559,13.445624342318704,43.74252577862023,33.9852883563661,5.838868747949594,2.42784441423586,25.415845986347417,3750.891494542105
2343,234.29999999999097,43.82933786821066,33.98106900132081,9.848268866889917,3750.8177942996476,25.263235223181077,123.45303200000932,123.45303200000002,13.501075605119139,0.1,9.84591204727893,3744.3605227676344,34.0,25.247880220047907,3753.8885541371574,5.765932012213766,2.4288278815478286,5.840100000000012,2.427000000000001,102.82982761016459,48.49046466513707,32.767110493624166,0.4715603029985422,0.6757433800625664,13.459106315079818,43.84591204727893,34.008750520545185,5.838454016250091,2.4265990099493555,25.042002296923137,3750.6603745554403
2344,234.39999999999097,43.829337868210686,33.98106900132079,9.848268866889944,3750.8177942996726,25.26323522318107,123.45303200000805,123.45303200000002,13.501075605119278,0.1,9.842435612008948,3744.3605227676344,34.0,25.247880220047907,3753.8885541371574,5.764102804591948,2.429981575894973,5.840100000000012,2.427000000000001,102.82982761016486,48.4904646651369,32.7671104936245,0.47156030299853924,0.6757433800625757,13.48436365107733,43.84243561200895,33.97656873862253,5.839386019761097,2.428547670365928,25.2640874836896,3750.85949225993
2345,234.49999999999096,43.8293378682107,33.981069001320776,9.848268866889967,3750.8177942996945,25.263235223181066,123.45303200000696,123.45303200000002,13.501075605119395,0.1,9.792085379873626,3744.3605227676344,34.0,25.247880220047907,3753.8885541371574,5.764102804591948,2.429981575894973,5.840100000000012,2.427000000000001,102.8298276101651,48.49046466513675,32.767110493624784,0.4715603029985367,0.6757433800625836,13.480477825240923,43.792085379873626,33.955960344915496,5.838306008295211,2.427766412891254,25.123000955627774,3750.9056209649502
2346,234.59999999999096,43.829337868210715,33.98106900132076,9.848268866889988,3750.817794299713,25.263235223181063,123.45303200000603,123.45303200000002,13.501075605119498,0.1,9.829170440397284,3744.3605227676344,34.0,25.247880220047907,3753.8885541371574,5.764102804591948,2.429981575894973,5.840100000000012,2.427000000000001,102.82982761016531,48.490464665136635,32.76711049362503,0.47156030299853463,0.6757433800625904,13.535101279714395,43.829170440397284,33.97995708231619,5.839642236391148,2.4270786609678527,25.317276831496873,3750.8523021942383
2347,234.69999999999095,43.82933786821073,33.98106900132075,9.848268866890006,3750.8177942997295,25.26323522318106,123.45303200000524,123.45303200000002,13.501075605119587,0.1,9.81179610800504,3744.3605227676344,34.0,25.253302968016545,3756.27768966079,5.764102804591948,2.429981575894973,5.840100000000012,2.427000000000001,102.82982761016548,48.49046466513653,32.767110493625246,0.4715603029985328,0.6757433800625963,13.54682210992666,43.81179610800504,33.96959949545875,5.84035835656889,2.4273651646632763,25.180282219165132,3750.815411201071
2348,234.79999999999094,43.82933786821073,33.98106900132074,9.848268866890022,3750.8177942997436,25.263235223181056,123.45303200000454,123.45303200000002,13.501075605119665,0.1,9.88472815932861,3744.3605227676344,34.0,25.253302968016545,3756.27768966079,5.764102804591948,2.429981575894973,5.840100000000012,2.427000000000001,102.82982761016565,48.490464665136436,32.76711049362544,0.47156030299853113,0.6757433800626015,13.485532089770293,43.88472815932861,34.00244981691029,5.840230689604488,2.4253499666112517,25.188976172527603,3750.9903210930083
2349,234.89999999999094,43.82933786821074,33.98106900132073,9.848268866890034,3750.817794299756,25.263235223181052,123.45303200000393,123.45303200000002,13.501075605119732,0.1,9.826623824344125,3744.3605227676344,34.0,25.253302968016545,3756.27768966079,5.764102804591948,2.429981575894973,5.840100000000012,2.427000000000001,102.82982761016576,48.49046466513636,32.7671104936256,0.47156030299852986,0.6757433800626059,13.493422361778942,43.826623824344125,34.00129017040698,5.83958180361317,2.425249879322225,25.432270080165814,3750.7441435650235
2350,234.99999999999093,43.82933786821076,33.981069001320726,9.848268866890045,3750.8177942997663,25.26323522318105,123.45303200000339,123.45303200000002,13.501075605119789,0.1,9.832813970607809,3744.3605227676344,34.0,25.253302968016545,3756.27768966079,5.760317207935359,2.4312051685920455,5.840100000000012,2.427000000000001,102.82982761016588,48.49046466513628,32.767110493625744,0.4715603029985286,0.6757433800626099,13.559048655159598,43.83281397060781,33.97056263669759,5.840263355323845,2.4256076028211373,25.25717000995923,3751.0215166747766
2351,235.09999999999093,43.82933786821077,33.98106900132071,9.848268866890056,3750.8177942997754,25.26323522318105,123.45303200000292,123.45303200000002,13.501075605119839,0.1,9.827569485380806,3744.3605227676344,34.0,25.253302968016545,3756.27768966079,5.760317207935359,2.4312051685920455,5.840100000000012,2.427000000000001,102.82982761016599,48.490464665136216,32.767110493625864,0.4715603029985274,0.6757433800626134,13.524239738965122,43.827569485380806,33.96788377571886,5.838916796226852,2.4262527029260528,25.22098100206166,3750.7222114478536
2352,235.19999999999092,43.82933786821077,33.98106900132071,9.848268866890065,3750.817794299783,25.26323522318105,123.45303200000257,123.45303200000002,13.501075605119881,0.1,9.872984117653743,3744.3605227676344,34.0,25.253302968016545,3756.27768966079,5.760317207935359,2.4312051685920455,5.840100000000012,2.427000000000001,102.82982761016609,48.49046466513617,32.767110493625964,0.4715603029985265,0.675743380062616,13.488929990065731,43.87298411765374,33.97492188099695,5.840471210212349,2.4266377947526885,25.27897276652474,3750.7440428143536
2353,235.29999999999092,43.82933786821077,33.98106900132071,9.848268866890074,3750.81779429979,25.26323522318105,123.45303200000225,123.45303200000002,13.50107560511992,0.1,9.797278848888006,3744.3605227676344,34.0,25.233803847897352,3756.249742155739,5.760317207935359,2.4312051685920455,5.840100000000012,2.427000000000001,102.82982761016618,48.49046466513614,32.76711049362606,0.4715603029985258,0.6757433800626186,13.51499609887911,43.797278848888006,33.975530998180446,5.840890920537184,2.427135809317554,25.211616553139727,3750.9760353182915
2354,235.3999999999909,43.82933786821077,33.98106900132071,9.848268866890082,3750.817794299796,25.26323522318105,123.45303200000198,123.45303200000002,13.501075605119953,0.1,9.846574651981939,3744.3605227676344,34.0,25.233803847897352,3756.249742155739,5.760317207935359,2.4312051685920455,5.840100000000012,2.427000000000001,102.82982761016628,48.4904646651361,32.767110493626134,0.471560302998525,0.6757433800626205,13.56725987887325,43.84657465198194,33.94027209548604,5.838536348977676,2.4285665108628933,25.400268966519473,3750.562017513295
2355,235.4999999999909,43.82933786821077,33.98106900132071,9.84826886689009,3750.8177942998013,25.26323522318105,123.45303200000176,123.45303200000002,13.501075605119981,0.1,9.832351990490459,3744.3605227676344,34.0,25.233803847897352,3756.249742155739,5.760317207935359,2.4312051685920455,5.840100000000012,2.427000000000001,102.82982761016636,48.49046466513609,32.767110493626205,0.47156030299852447,0.6757433800626221,13.53911140387337,43.83235199049046,34.016216276315205,5.84040151919842,2.4243747431447114,25.320436430943676,3750.896291192662
2356,235.5999999999909,43.82933786821077,33.98106900132071,9.848268866890095,3750.817794299806,25.263235223181045,123.45303200000153,123.45303200000002,13.501075605120006,0.1,9.827133492769313,3744.3605227676344,34.0,25.233803847897352,3756.249742155739,5.758657413759884,2.4322460371050623,5.840100000000012,2.427000000000001,102.8298276101664,48.49046466513606,32.76711049362627,0.47156030299852403,0.6757433800626239,13.426088504579742,43.82713349276931,34.020205568742114,5.840578450748402,2.427698264413848,25.39063031996077,3750.6521201970627
2357,235.6999999999909,43.829337868210786,33.981069001320705,9.848268866890097,3750.81779429981,25.26323522318104,123.4530320000013,123.45303200000002,13.501075605120027,0.1,9.753324743666646,3744.3605227676344,34.0,25.233803847897352,3756.249742155739,5.758657413759884,2.4322460371050623,5.840100000000012,2.427000000000001,102.8298276101664,48.490464665136024,32.76711049362632,0.47156030299852364,0.6757433800626254,13.490171783776242,43.753324743666646,34.00238867532099,5.840600046225918,2.426362871003151,25.26885393518457,3750.8472696875624
2358,235.7999999999909,43.829337868210786,33.9810690013207,9.848268866890098,3750.8177942998136,25.26323522318104,123.45303200000109,123.45303200000002,13.501075605120045,0.1,9.82736230288969,3744.3605227676344,34.0,25.233803847897352,3756.249742155739,5.758657413759884,2.4322460371050623,5.840100000000012,2.427000000000001,102.82982761016642,48.49046466513599,32.76711049362636,0.47156030299852325,0.6757433800626268,13.524830817413854,43.82736230288969,33.99646673053438,5.841019968146536,2.4253072872427572,25.35916456335703,3750.719866600964
2359,235.89999999999088,43.829337868210786,33.9810690013207,9.848268866890102,3750.8177942998163,25.26323522318104,123.45303200000095,123.45303200000002,13.501075605120063,0.1,9.821845408096323,3744.3605227676344,34.0,25.209666843828753,3751.542145808585,5.758657413759884,2.4322460371050623,5.840100000000012,2.427000000000001,102.82982761016648,48.49046466513597,32.767110493626404,0.4715603029985228,0.6757433800626279,13.404350233004903,43.82184540809632,33.97414224901844,5.841112548034144,2.4276303145359233,25.396210973407126,3750.724050680196
2360,235.99999999999088,43.829337868210786,33.9810690013207,9.848268866890105,3750.8177942998186,25.26323522318104,123.45303200000083,123.45303200000002,13.501075605120077,0.1,9.81527404882069,3744.3605227676344,34.0,25.209666843828753,3751.542145808585,5.758657413759884,2.4322460371050623,5.840100000000012,2.427000000000001,102.8298276101665,48.49046466513595,32.76711049362644,0.47156030299852253,0.6757433800626289,13.536889376887462,43.81527404882069,33.960675433727566,5.842167425958233,2.426340316681196,25.273373770780058,3750.7569443695197
2361,236.09999999999087,43.829337868210786,33.9810690013207,9.848268866890109,3750.817794299821,25.26323522318104,123.45303200000073,123.45303200000002,13.501075605120088,0.1,9.82970774798789,3744.3605227676344,34.0,25.209666843828753,3751.542145808585,5.758657413759884,2.4322460371050623,5.840100000000012,2.427000000000001,102.82982761016655,48.490464665135946,32.76711049362647,0.47156030299852225,0.6757433800626296,13.49881700003886,43.82970774798789,33.95726914287339,5.839395106670166,2.4273319541023417,25.326198533989885,3750.8977104752057
2362,236.19999999999087,43.829337868210786,33.9810690013207,9.84826886689011,3750.8177942998227,25.26323522318104,123.45303200000065,123.45303200000002,13.501075605120098,0.1,9.851431648767552,3744.3605227676344,34.0,25.209666843828753,3751.542145808585,5.752732534037949,2.433424983865434,5.840100000000012,2.427000000000001,102.82982761016656,48.49046466513593,32.76711049362649,0.47156030299852203,0.6757433800626302,13.5075173821129,43.85143164876755,33.96588367326808,5.840981453537937,2.4285924333693507,25.399839646806733,3750.7306111007924
2363,236.29999999999086,43.829337868210786,33.9810690013207,9.848268866890113,3750.8177942998245,25.26323522318104,123.45303200000058,123.45303200000002,13.501075605120105,0.1,9.852121879465471,3744.3605227676344,34.0,25.209666843828753,3751.542145808585,5.752732534037949,2.433424983865434,5.840100000000012,2.427000000000001,102.82982761016657,48.490464665135924,32.76711049362651,0.4715603029985219,0.6757433800626307,13.502664461257131,43.85212187946547,34.042296524966325,5.840407873348305,2.427756879897494,25.326902274101744,3750.8515414917033
2364,236.39999999999085,43.829337868210786,33.9810690013207,9.848268866890114,3750.817794299826,25.26323522318104,123.4530320000005,123.45303200000002,13.501075605120116,0.1,9.867303444446982,3744.3605227676344,34.0,25.209666843828753,3751.542145808585,5.752732534037949,2.433424983865434,5.840100000000012,2.427000000000001,102.8298276101666,48.490464665135924,32.76711049362653,0.4715603029985218,0.6757433800626311,13.438742067437872,43.86730344444698,33.943459417259014,5.841022624468639,2.4283704744632817,25.248785188109096,3750.8611632117836
2365,236.49999999999085,43.829337868210786,33.9810690013207,9.848268866890116,3750.8177942998273,25.263235223181038,123.45303200000045,123.45303200000002,13.50107560512012,0.1,9.834545942720972,3744.3605227676344,34.0,25.254381595820664,3751.9320488616327,5.752732534037949,2.433424983865434,5.840100000000012,2.427000000000001,102.82982761016662,48.49046466513592,32.76711049362654,0.47156030299852164,0.6757433800626315,13.526698139998528,43.83454594272097,33.981629761017935,5.841214746450271,2.4264171699842785,25.199174390181994,3750.7887650018647
2366,236.59999999999084,43.8293378682108,33.981069001320684,9.848268866890114,3750.8177942998286,25.263235223181034,123.45303200000035,123.45303200000002,13.501075605120127,0.1,9.853708330566654,3744.3605227676344,34.0,25.254381595820664,3751.9320488616327,5.752732534037949,2.433424983865434,5.840100000000012,2.427000000000001,102.82982761016657,48.49046466513589,32.76711049362656,0.4715603029985216,0.6757433800626322,13.549253327357997,43.853708330566654,34.02511404422663,5.8403466872593315,2.423997209215297,25.483147263728313,3750.8135076672343
2367,236.69999999999084,43.829337868210814,33.98106900132068,9.848268866890113,3750.8177942998295,25.263235223181034,123.45303200000023,123.45303200000002,13.501075605120134,0.1,9.814026592180376,3744.3605227676344,34.0,25.254381595820664,3751.9320488616327,5.752732534037949,2.433424983865434,5.840100000000012,2.427000000000001,102.82982761016655,48.49046466513585,32.767110493626575,0.47156030299852136,0.675743380062633,13.477274777413863,43.814026592180376,33.99425750614245,5.8409247458414395,2.424821011986733,25.3357061883928,3750.83119559795
2368,236.79999999999083,43.829337868210814,33.98106900132068,9.848268866890114,3750.81779429983,25.263235223181038,123.4530320000002,123.45303200000002,13.501075605120137,0.1,9.784751858591065,3744.3605227676344,34.0,25.254381595820664,3751.9320488616327,5.751702770446442,2.434597080890399,5.840100000000012,2.427000000000001,102.82982761016659,48.490464665135846,32.76711049362659,0.4715603029985211,0.6757433800626335,13.448606882689486,43.784751858591065,33.97240048330275,5.838448215047945,2.4265031611214187,25.398017855387884,3750.762997770486
2369,236.89999999999083,43.8293378682108,33.981069001320684,9.848268866890118,3750.8177942998304,25.263235223181038,123.45303200000023,123.45303200000002,13.50107560512014,0.1,9.851258215116935,3744.3605227676344,34.0,25.254381595820664,3751.9320488616327,5.751702770446442,2.434597080890399,5.840100000000012,2.427000000000001,102.82982761016663,48.49046466513587,32.767110493626596,0.4715603029985211,0.6757433800626332,13.61372442386525,43.851258215116935,33.972812300691565,5.839996733110949,2.428421195442349,25.261540000390816,3750.9107465292705
2370,236.99999999999082,43.8293378682108,33.981069001320684,9.848268866890118,3750.817794299831,25.263235223181038,123.45303200000022,123.45303200000002,13.501075605120144,0.1,9.80103704315902,3744.3605227676344,34.0,25.254381595820664,3751.9320488616327,5.751702770446442,2.434597080890399,5.840100000000012,2.427000000000001,102.82982761016663,48.49046466513587,32.7671104936266,0.4715603029985211,0.6757433800626335,13.510780845478164,43.80103704315902,34.02303070701773,5.841104305055814,2.4258283903829487,25.333259073101303,3750.820407917901
2371,237.0999999999908,43.8293378682108,33.981069001320684,9.84826886689012,3750.8177942998313,25.263235223181038,123.4530320000002,123.45303200000002,13.501075605120144,0.1,9.787481873567138,3744.3605227676344,34.0,25.231084626021243,3754.507169268341,5.751702770446442,2.434597080890399,5.840100000000012,2.427000000000001,102.82982761016665,48.49046466513587,32.7671104936266,0.47156030299852103,0.6757433800626335,13.558533820694349,43.78748187356714,34.02337721204836,5.839033899255084,2.4272884754757054,25.124362088480982,3750.564585574067
2372,237.1999999999908,43.8293378682108,33.981069001320684,9.84826886689012,3750.817794299832,25.263235223181038,123.45303200000018,123.45303200000002,13.501075605120148,0.1,9.822629802873266,3744.3605227676344,34.0,25.231084626021243,3754.507169268341,5.751702770446442,2.434597080890399,5.840100000000012,2.427000000000001,102.82982761016665,48.49046466513586,32.76711049362661,0.471560302998521,0.6757433800626337,13.452792517892059,43.822629802873266,34.02952547498842,5.839131735502265,2.4284123097966486,25.07418533275085,3750.812992928043
2373,237.2999999999908,43.8293378682108,33.981069001320684,9.84826886689012,3750.8177942998323,25.263235223181038,123.45303200000016,123.45303200000002,13.501075605120148,0.1,9.784105247490892,3744.3605227676344,34.0,25.231084626021243,3754.507169268341,5.751702770446442,2.434597080890399,5.840100000000012,2.427000000000001,102.82982761016665,48.49046466513586,32.76711049362661,0.471560302998521,0.6757433800626337,13.48185092209772,43.78410524749089,33.93779249488797,5.838590175570355,2.4270729113770346,25.258076518065277,3750.909233947737
2374,237.3999999999908,43.8293378682108,33.981069001320684,9.848268866890121,3750.8177942998327,25.263235223181038,123.45303200000015,123.45303200000002,13.501075605120151,0.1,9.787834104641526,3744.3605227676344,34.0,25.231084626021243,3754.507169268341,5.750233004947409,2.4357663013067343,5.840100000000012,2.427000000000001,102.82982761016666,48.49046466513586,32.76711049362662,0.4715603029985209,0.6757433800626338,13.5107207987376,43.787834104641526,33.968435055183825,5.841087669662757,2.4270355513934327,25.161385360634274,3750.795378299228
2375,237.4999999999908,43.8293378682108,33.981069001320684,9.848268866890121,3750.817794299833,25.263235223181038,123.45303200000012,123.45303200000002,13.501075605120155,0.1,9.80804051383128,3744.3605227676344,34.0,25.231084626021243,3754.507169268341,5.750233004947409,2.4357663013067343,5.840100000000012,2.427000000000001,102.82982761016666,48.49046466513585,32.76711049362663,0.4715603029985208,0.6757433800626342,13.540467605005867,43.80804051383128,34.003909646569014,5.8393650470077905,2.4272719862429994,25.166778687337242,3750.6906832539935
2376,237.59999999999079,43.8293378682108,33.981069001320684,9.848268866890121,3750.8177942998336,25.263235223181038,123.4530320000001,123.45303200000002,13.501075605120155,0.1,9.800930399364411,3744.3605227676344,34.0,25.231084626021243,3754.507169268341,5.750233004947409,2.4357663013067343,5.840100000000012,2.427000000000001,102.82982761016666,48.49046466513585,32.76711049362663,0.4715603029985208,0.6757433800626342,13.582627192759523,43.80093039936441,33.94761090463236,5.839553919071202,2.4261349645274928,25.228978573422587,3750.767631367019
2377,237.69999999999078,43.8293378682108,33.981069001320684,9.848268866890121,3750.817794299834,25.263235223181038,123.45303200000009,123.45303200000002,13.501075605120159,0.1,9.856450668447778,3744.3605227676344,34.0,25.26317609625246,3756.7360443706903,5.750233004947409,2.4357663013067343,5.840100000000012,2.427000000000001,102.82982761016666,48.49046466513585,32.76711049362664,0.4715603029985208,0.6757433800626343,13.554304623096593,43.85645066844778,33.98825097689993,5.840566014435424,2.4282882020994045,25.200661402728464,3750.8371579400678
2378,237.79999999999077,43.8293378682108,33.981069001320684,9.848268866890123,3750.817794299834,25.263235223181038,123.45303200000008,123.45303200000002,13.501075605120159,0.1,9.816039362871848,3744.3605227676344,34.0,25.26317609625246,3756.7360443706903,5.750233004947409,2.4357663013067343,5.840100000000012,2.427000000000001,102.82982761016669,48.490464665135846,32.76711049362664,0.47156030299852064,0.6757433800626345,13.52043190781567,43.81603936287185,33.99558217983968,5.838361654110654,2.426813932266465,25.24151141370576,3750.9317264210804
2379,237.89999999999077,43.8293378682108,33.981069001320684,9.848268866890123,3750.817794299834,25.263235223181038,123.45303200000008,123.45303200000002,13.501075605120159,0.1,9.849202638572791,3744.3605227676344,34.0,25.26317609625246,3756.7360443706903,5.750233004947409,2.4357663013067343,5.840100000000012,2.427000000000001,102.82982761016669,48.490464665135846,32.76711049362664,0.47156030299852064,0.6757433800626345,13.44540515704186,43.84920263857279,33.89237282546627,5.840845068278197,2.4260071019969427,25.39849740422101,3750.9041246773236
2380,237.99999999999076,43.8293378682108,33.981069001320684,9.848268866890123,3750.817794299834,25.263235223181038,123.45303200000008,123.45303200000002,13.501075605120159,0.1,9.832173413536303,3744.3605227676344,34.0,25.26317609625246,3756.7360443706903,5.745832226307582,2.436950710933028,5.840100000000012,2.427000000000001,102.82982761016669,48.490464665135846,32.76711049362664,0.47156030299852064,0.6757433800626345,13.458893476635936,43.8321734135363,33.997007950224514,5.839481727495108,2.4245074096829677,25.353456729440268,3750.8605378922775
2381,238.09999999999076,43.8293378682108,33.981069001320684,9.848268866890123,3750.817794299834,25.263235223181038,123.45303200000008,123.45303200000002,13.501075605120159,0.1,9.790924560435975,3744.3605227676344,34.0,25.26317609625246,3756.7360443706903,5.745832226307582,2.436950710933028,5.840100000000012,2.427000000000001,102.82982761016669,48.490464665135846,32.76711049362664,0.47156030299852064,0.6757433800626345,13.539856976200749,43.790924560435975,33.96310312625796,5.84165721382736,2.427204771868032,25.209451397195238,3750.774821269827
2382,238.19999999999075,43.8293378682108,33.981069001320684,9.848268866890123,3750.817794299834,25.263235223181038,123.45303200000008,123.45303200000002,13.501075605120159,0.1,9.85961730459028,3744.3605227676344,34.0,25.26317609625246,3756.7360443706903,5.745832226307582,2.436950710933028,5.840100000000012,2.427000000000001,102.82982761016669,48.490464665135846,32.76711049362664,0.47156030299852064,0.6757433800626345,13.51664590157994,43.85961730459028,33.929918935086135,5.8395759122046975,2.42772517980468,25.34581499953438,3750.755570032664
2383,238.29999999999075,43.8293378682108,33.981069001320684,9.848268866890123,3750.817794299834,25.263235223181038,123.45303200000008,123.45303200000002,13.501075605120159,0.1,9.848037769288439,3744.3605227676344,34.0,25.238239757461056,3755.3624414918877,5.745832226307582,2.436950710933028,5.840100000000012,2.427000000000001,102.82982761016669,48.490464665135846,32.76711049362664,0.47156030299852064,0.6757433800626345,13.449636359951334,43.84803776928844,33.95711516548795,5.840050256583578,2.4252348749238553,25.305423638915133,3750.8306104242133
2384,238.39999999999074,43.8293378682108,33.981069001320684,9.848268866890123,3750.817794299834,25.263235223181038,123.45303200000008,123.45303200000002,13.501075605120159,0.1,9.830590301343875,3744.3605227676344,34.0,25.238239757461056,3755.3624414918877,5.745832226307582,2.436950710933028,5.840100000000012,2.427000000000001,102.82982761016669,48.490464665135846,32.76711049362664,0.47156030299852064,0.6757433800626345,13.525832217332505,43.830590301343875,33.985286346271316,5.840253814206111,2.4277606010496964,25.23264420933579,3750.898644541322
2385,238.49999999999073,43.8293378682108,33.981069001320684,9.848268866890123,3750.817794299834,25.263235223181038,123.45303200000008,123.45303200000002,13.501075605120159,0.1,9.788931288243589,3744.3605227676344,34.0,25.238239757461056,3755.3624414918877,5.745832226307582,2.436950710933028,5.840100000000012,2.427000000000001,102.82982761016669,48.490464665135846,32.76711049362664,0.47156030299852064,0.6757433800626345,13.458620414707065,43.78893128824359,33.95986851915569,5.840782677035541,2.4258489261526917,25.17832487807637,3750.929399752148
2386,238.59999999999073,43.8293378682108,33.981069001320684,9.848268866890123,3750.817794299834,25.263235223181038,123.45303200000008,123.45303200000002,13.501075605120159,0.1,9.86700609115902,3744.3605227676344,34.0,25.238239757461056,3755.3624414918877,5.7373558417253205,2.43815728346366,5.840100000000012,2.427000000000001,102.82982761016669,48.490464665135846,32.76711049362664,0.47156030299852064,0.6757433800626345,13.501024942423234,43.86700609115902,33.95958485261172,5.840195215145948,2.426878710979494,25.21401715535164,3750.9816867147997
2387,238.69999999999072,43.8293378682108,33.981069001320684,9.848268866890123,3750.817794299834,25.263235223181038,123.45303200000008,123.45303200000002,13.501075605120159,0.1,9.847977905544553,3744.3605227676344,34.0,25.238239757461056,3755.3624414918877,5.7373558417253205,2.43815728346366,5.840100000000012,2.427000000000001,102.82982761016669,48.490464665135846,32.76711049362664,0.47156030299852064,0.6757433800626345,13.49388424733018,43.84797790554455,34.028995671255046,5.8404231335745,2.427258245450085,25.318101576839485,3750.7619636350905
2388,238.79999999999072,43.8293378682108,33.981069001320684,9.848268866890123,3750.817794299834,25.263235223181038,123.45303200000008,123.45303200000002,13.501075605120159,0.1,9.827219656116753,3744.3605227676344,34.0,25.238239757461056,3755.3624414918877,5.7373558417253205,2.43815728346366,5.783400000000012,2.427000000000001,102.82982761016669,48.490464665135846,32.76711049362664,0.47156030299852064,0.6757433800626345,13.437456270451094,43.82721965611675,33.94663825222824,5.7826163570547315,2.427130359267949,25.132202824306056,3750.845082852039
2389,238.8999999999907,43.8293378682108,33.981069001320684,9.75676135658011,3750.817794299834,25.263235223181038,122.45549358235485,123.45303200000002,13.501075605120159,0.1,9.76549887237303,3744.3605227676344,34.0,25.218771506077584,3748.9011926201115,5.7373558417253205,2.43815728346366,5.783400000000012,2.427000000000001,101.8242241970266,48.09864681660426,32.76711049362664,0.47236939142826095,0.6812480737465366,13.451186349104729,43.76549887237303,34.0628904614294,5.78171497190088,2.4265960336824315,25.15417187670191,3751.1415739731815
2390,238.9999999999907,43.8293378682108,33.981069001320684,9.75676135658011,3748.118586336488,25.270141949820196,122.45549358235485,123.45303200000002,13.501075605120159,0.1,9.819577057575522,3744.3605227676344,34.0,25.218771506077584,3748.9011926201115,5.7373558417253205,2.43815728346366,5.783400000000012,2.427000000000001,101.85206196505435,48.06403349822052,32.76711049362664,0.4719004463033,0.681738674612895,13.550171537219276,43.81957705757552,33.97917795302158,5.785589852194479,2.4251602075018432,25.19660580509854,3748.101223971282
2391,239.0999999999907,43.80780545724056,33.99964734775304,9.761149312715682,3745.419378373142,25.277048676459355,122.67285799800759,123.45303200000002,13.488306910810115,0.1,9.838884454097723,3744.3605227676344,34.0,25.218771506077584,3748.9011926201115,5.7373558417253205,2.43815728346366,5.783400000000012,2.427000000000001,101.92814666217096,48.114674720454886,32.73612087253616,0.4720450267768078,0.6803770588231604,13.59959725522363,43.83888445409772,34.0666237028215,5.783213532228567,2.4263432095387163,25.12445289235596,3745.4341688798877
2392,239.1999999999907,43.786273046270324,34.018230772633245,9.76562345241469,3743.308329974681,25.28059676675095,122.8930011885385,123.45303200000002,13.475538216500075,0.1,9.724056026388155,3744.3605227676344,34.0,25.218771506077584,3748.9011926201115,5.745452587629516,2.4365228220104855,5.783400000000012,2.427000000000001,101.99165556765682,48.17385138260839,32.70513125144569,0.4723313011685741,0.6788979978306825,13.411143813997334,43.724056026388155,34.07257517099792,5.781178926708709,2.4260496975852073,25.43815614055318,3743.2012674548346
2393,239.2999999999907,43.77521151997725,34.02777933456521,9.76711783270302,3741.7929601410215,25.280779332497907,123.03596269287291,123.45303200000002,13.465551830849284,0.1,9.797609533307444,3744.3605227676344,34.0,25.218771506077584,3748.9011926201115,5.745452587629516,2.4365228220104855,5.783400000000012,2.427000000000001,102.00882570472143,48.210367580445535,32.680894293471226,0.4726097692762102,0.6778810437182152,13.46477641648769,43.797609533307444,34.0112498417241,5.7839093401270265,2.425615690261542,25.46502505602318,3741.765428762314
2394,239.39999999999068,43.77464235300452,34.02827068873947,9.76555671209759,3740.6644253646646,25.279293515824573,123.09905133161276,123.45303200000002,13.458383322740454,0.1,9.755656854148597,3744.3605227676344,34.0,25.218771506077584,3748.9011926201115,5.745452587629516,2.4365228220104855,5.783400000000012,2.427000000000001,101.98566385640478,48.220540378301,32.663496324291096,0.4728168504761144,0.677377235261957,13.588026176057078,43.7556568541486,34.04318992499879,5.782130144646813,2.4269399540789327,25.138548879898945,3740.756896747222
2395,239.49999999999068,43.77927453506531,34.02427189148976,9.762580764858662,3739.7066001600606,25.277845482974705,123.11874239645611,123.45303200000002,13.453044750917448,0.1,9.784251079378194,3744.3605227676344,34.0,25.25241950455549,3746.8250141135645,5.745452587629516,2.4365228220104855,5.783400000000012,2.427000000000001,101.9470994888267,48.2159045846148,32.650539610476656,0.47295023425261074,0.6771736399382022,13.473370053105823,43.784251079378194,33.999144362539155,5.782551814095084,2.427982410244121,25.1667901224428,3739.815687074223
2396,239.59999999999067,43.78378892227806,34.02037500846073,9.759850437154642,3738.8020563911305,25.277273507931742,123.13243969585565,123.45303200000002,13.448513726481346,0.1,9.77160121070451,3744.3605227676344,34.0,25.25241950455549,3746.8250141135645,5.745452587629516,2.4365228220104855,5.783400000000012,2.427000000000001,101.91477161743377,48.20960518868508,32.63954281417024,0.47303844598360695,0.6770340202211577,13.407654052202606,43.77160121070451,33.97350059721411,5.782480008598546,2.428323915066228,25.250668009572454,3738.824671145549
2397,239.69999999999067,43.78557211167201,34.01883579560256,9.758160820117507,3737.934575715673,25.277542469016037,123.15872981220025,123.45303200000002,13.444234751673788,0.1,9.76615770666541,3744.3605227676344,34.0,25.25241950455549,3746.8250141135645,5.745452587629516,2.4365228220104855,5.783400000000012,2.427000000000001,101.8972778119231,48.20871043408324,32.629157742312294,0.47311087665231316,0.6768311669926707,13.387734839607914,43.76615770666541,33.9879068291968,5.783370824272564,2.4267890529808622,25.306819445753067,3737.8562054257104
2398,239.79999999999066,43.78473359859561,34.019559578716965,9.757451193851857,3737.138232642677,25.27818972306256,123.1975831180699,123.45303200000002,13.440131105079969,0.1,9.784089628569397,3744.3605227676344,34.0,25.25241950455549,3746.8250141135645,5.743169635823999,2.4337682407939387,5.783400000000012,2.427000000000001,101.89208407115312,48.21364520315123,32.619198192029096,0.4731834238416672,0.6765553206895278,13.502910189514093,43.7840896285694,33.99074261090384,5.7826640428177525,2.427378004995329,25.076677872004613,3737.030686192203
2399,239.89999999999065,43.782715719380164,34.021301392188,9.757246725699373,3736.4470215132237,25.27877262000805,123.23995260745883,123.45303200000002,13.43636397731394,0.1,9.773258730482084,3744.3605227676344,34.0,25.25241950455549,3746.8250141135645,5.743169635823999,2.4337682407939387,5.783400000000012,2.427000000000001,101.89218528597694,48.22130606184576,32.61005537294095,0.4732581397337278,0.6762582359573016,13.434720454791789,43.773258730482084,34.02188469680249,5.784144738599621,2.426647337096908,25.188725909262516,3736.590320096446
2400,239.99999999999065,43.78089847986291,34.02287005361566,9.757093996208491,3735.870456658178,25.279087178716445,123.2771100627444,123.45303200000002,13.433094179752752,0.1,9.790177309294258,3744.3605227676344,34.0,25.25241950455549,3746.8250141135645,5.743169635823999,2.4337682407939387,5.783400000000012,2.427000000000001,101.89177374744138,48.2284018320264,32.602119574259945,0.4733296914780372,0.6759941929614239,13.439551238080476,43.79017730929426,34.01717218918345,5.783503733252047,2.4250153848212657,25.261003796410428,3735.81953077237
2401,240.09999999999064,43.779917811633624,34.02371659240024,9.756775636376286,3735.3944349976905,25.279157706838337,123.30524247807911,123.45303200000002,13.430366720259462,0.1,9.7712698228895,3744.3605227676344,34.0,25.212562738068137,3741.0507634796477,5.743169635823999,2.4337682407939387,5.783400000000012,2.427000000000001,101.88855726687996,48.23326115256206,32.59550003006973,0.47339232634556927,0.6757888488396003,13.378514468579656,43.7712698228895,34.05678225282056,5.781462871279346,2.4258944317996622,25.426320039405898,3735.390575752407
2402,240.19999999999064,43.779697933160804,34.02390639876627,9.756301662555657,3734.9945359588046,25.27911435146598,123.32529772982382,123.45303200000002,13.428114883739172,0.1,9.757775988502665,3744.3605227676344,34.0,25.212562738068137,3741.0507634796477,5.743169635823999,2.4337682407939387,5.783400000000012,2.427000000000001,101.88317060746776,48.23594162305208,32.59003482283498,0.47344366430147705,0.6756379937084118,13.406140368465136,43.757775988502665,33.988300998313186,5.783105258657707,2.429250135513553,25.220661571549012,3734.9112787062845
2403,240.29999999999063,43.779833097869655,34.02378972005888,9.755788905850649,3734.6489037975234,25.27907584844314,123.34042373254125,123.45303200000002,13.426223147847844,0.1,9.828057538235996,3744.3605227676344,34.0,25.212562738068137,3741.0507634796477,5.743169635823999,2.4337682407939387,5.783400000000012,2.427000000000001,101.87737705754527,48.23739357505007,32.58544357982673,0.47348483999350766,0.6755224767509198,13.425507023688727,43.828057538235996,34.10801451492232,5.781676835571628,2.4262931761035964,25.19980281706583,3734.6007124376624
2404,240.39999999999063,43.779953134893674,34.023686100243886,9.755344651608434,3734.344200613278,25.279095055262992,123.35348057609633,123.45303200000002,13.424588123251352,0.1,9.794395387414795,3744.3605227676344,34.0,25.212562738068137,3741.0507634796477,5.751886986194999,2.4313022077402406,5.783400000000012,2.427000000000001,101.87256935541323,48.23856397833976,32.58147537513104,0.47351867419820304,0.6754238245931384,13.509657032860085,43.794395387414795,34.04458315228091,5.7837263063267255,2.4271873261765333,25.240517961625525,3734.2687708157023
2405,240.49999999999062,43.779893255712096,34.02373778985715,9.755012473220948,3734.074827533094,25.27916467411178,123.3658845407634,123.45303200000002,13.42314671456119,0.1,9.797465135208547,3744.3605227676344,34.0,25.212562738068137,3741.0507634796477,5.751886986194999,2.4313022077402406,5.783400000000012,2.427000000000001,101.86919720393624,48.23993467879696,32.57797707624002,0.47354780446756056,0.6753321142153019,13.45033290972242,43.79746513520855,34.05210609098134,5.783642751458199,2.4269902590174834,25.40549754035273,3733.8931940460893
2406,240.59999999999062,43.77967621198913,34.02392514922842,9.754777710325024,3733.839017952434,25.279250943945225,123.37773519394148,123.45303200000002,13.421872436119907,0.1,9.7709922559675,3744.3605227676344,34.0,25.212562738068137,3741.0507634796477,5.751886986194999,2.4313022077402406,5.783400000000012,2.427000000000001,101.86696333621008,48.24152197620366,32.57488440246303,0.4735737710859544,0.6752457855399215,13.39345610978731,43.7709922559675,34.02521327398829,5.783871640188869,2.428173308752842,25.27703886271763,3734.051128420382
2407,240.6999999999906,43.779407257156365,34.02415732071464,9.754600569823507,3733.6352746830694,25.279324409818944,123.38853568703988,123.45303200000002,13.420756930945162,0.1,9.822738140677231,3744.3605227676344,34.0,25.24819557554579,3738.5062361562464,5.751886986194999,2.4313022077402406,5.783400000000012,2.427000000000001,101.86531148949231,48.243112430403876,32.57217707140392,0.47359706385799727,0.6751674058839582,13.408404218024549,43.82273814067723,34.027010070311555,5.783555440237925,2.427112542855576,25.339450689881527,3733.7470711566707
2408,240.7999999999906,43.77917821994846,34.024355034495876,9.754446364152983,3733.4607561297294,25.279373422164547,123.39785023192769,123.45303200000002,13.419793116537539,0.1,9.708030971396425,3744.3605227676344,34.0,25.24819557554579,3738.5062361562464,5.751886986194999,2.4313022077402406,5.783400000000012,2.427000000000001,101.86381329436882,48.24449911882845,32.56983789383662,0.47361764260101064,0.6750995137003204,13.476558991588686,43.708030971396425,34.03857332539879,5.783563039778597,2.4257988250405034,25.34951278985238,3733.4653467115436
2409,240.8999999999906,43.77902541905982,34.02448693845564,9.754298744250086,3733.311441511688,25.279401863564594,123.40559522685983,123.45303200000002,13.418967550634767,0.1,9.786011832474848,3744.3605227676344,34.0,25.24819557554579,3738.5062361562464,5.751886986194999,2.4313022077402406,5.783400000000012,2.427000000000001,101.86230462223897,48.24559756364207,32.56783424539059,0.4736354409274666,0.6750426130058703,13.425472216629213,43.78601183247485,33.97015108374072,5.783402513827252,2.426139293719908,25.46549247258687,3733.333130930282
2410,240.9999999999906,43.77893675015103,34.024563481191734,9.754157369690077,3733.183083832875,25.279419958182814,123.41199504598748,123.45303200000002,13.41826121279801,0.1,9.798033731020162,3744.3605227676344,34.0,25.24819557554579,3738.5062361562464,5.755017297448367,2.4290296376499554,5.783400000000012,2.427000000000001,101.86082293110174,48.24644072948887,32.566119963460785,0.4736506081648542,0.674995284026329,13.417734310156591,43.79803373102016,34.01793650815291,5.781387887714573,2.4253332839191044,25.195630311913966,3733.1462397413657
2411,241.0999999999906,43.77888033836926,34.02461217826219,9.754028740882275,3733.07204322421,25.279436253645656,123.41738988893377,123.45303200000002,13.417654012469109,0.1,9.766598163894507,3744.3605227676344,34.0,25.24819557554579,3738.5062361562464,5.755017297448367,2.4290296376499554,5.783400000000012,2.427000000000001,101.85947414504639,48.24711466335079,32.56464628826254,0.47366349638372973,0.6749553111203791,13.449041397100055,43.76659816389451,33.99400571760222,5.784028060230286,2.4263714066092286,25.258018193755717,3733.102040630457
2412,241.19999999999058,43.7788295356343,34.02465603339261,9.75391819326207,3732.9756003521175,25.279454324327858,123.4220678110243,123.45303200000002,13.417128731124622,0.1,9.793286395611851,3744.3605227676344,34.0,25.24819557554579,3738.5062361562464,5.755017297448367,2.4290296376499554,5.783400000000012,2.427000000000001,101.85833133717968,48.24769688858814,32.56337143043947,0.4736745267196133,0.6749207429659004,13.432447620818886,43.79328639561185,34.00723795651918,5.782647131345098,2.4278838832709466,25.26619459881302,3732.915281706466
2413,241.29999999999058,43.77877319847548,34.02470466611149,9.753826568959003,3732.891815322906,25.279473594323566,123.42619675707196,123.45303200000002,13.41667250486534,0.1,9.801194830433104,3744.3605227676344,34.0,25.27526791946322,3739.1526317895004,5.755017297448367,2.4290296376499554,5.783400000000012,2.427000000000001,101.85740144756353,48.248228025860826,32.56226416930819,0.4736840655678728,0.6748903638876639,13.417952389342734,43.801194830433104,33.96889781382915,5.782745557398152,2.428030228326538,25.457878142378444,3732.834564676231
2414,241.39999999999057,43.77871312233685,34.02475652652083,9.753750971692671,3732.8192026794945,25.279491857033253,123.42984395403704,123.45303200000002,13.41627615695874,0.1,9.758956024257756,3744.3605227676344,34.0,25.27526791946322,3739.1526317895004,5.755017297448367,2.4290296376499554,5.783400000000012,2.427000000000001,101.85664373707877,48.248715184721945,32.56130223293887,0.4736923720878309,0.6748636126014289,13.485197769106831,43.758956024257756,33.975152312103724,5.783175536859632,2.4269205413569956,25.164670666242632,3732.800889253676
2415,241.49999999999056,43.77865618651313,34.02480567610641,9.753687207852893,3732.756458872128,25.27950737695731,123.43303116656355,123.45303200000002,13.415932660399987,0.1,9.73459727298404,3744.3605227676344,34.0,25.27526791946322,3739.1526317895004,5.755017297448367,2.4290296376499554,5.783400000000012,2.427000000000001,101.85600509902069,48.24915004709634,32.56046856679078,0.4736996115269814,0.6748402517973534,13.357298875206492,43.73459727298404,34.0281508389239,5.78340418862834,2.4276663850969293,25.354147933807464,3732.7187523466
2416,241.59999999999056,43.7786078015979,34.02484744418784,9.753631822001632,3732.7023392433193,25.279519702569655,123.43578086587705,123.45303200000002,13.415635848703003,0.1,9.759763814642326,3744.3605227676344,34.0,25.27526791946322,3739.1526317895004,5.751871733204276,2.426812616448781,5.783400000000012,2.427000000000001,101.85544571726228,48.24952532701294,32.5597482048022,0.47370589748286474,0.6748200730292641,13.372979225620238,43.75976381464233,33.96981986385252,5.783988145441634,2.428566287126599,25.215163340364768,3732.668481700019
2417,241.69999999999055,43.778569375268845,34.02488061557849,9.753582864070728,3732.6556599397677,25.27952940405674,123.4381347949641,123.45303200000002,13.415379833973565,0.1,9.782525216243165,3744.3605227676344,34.0,25.27526791946322,3739.1526317895004,5.751871733204276,2.426812616448781,5.783400000000012,2.427000000000001,101.85494644583054,48.249842053005814,32.559126857053855,0.47371132906801444,0.6748027655983907,13.304237256871406,43.782525216243165,34.01866745230277,5.783123573102759,2.4255904363426692,25.148512691394693,3732.570342691729
2418,241.79999999999055,43.778539129912716,34.024906724785,9.753539598313777,3732.6153500592122,25.27953739675695,123.44014948635143,123.45303200000002,13.415159015953707,0.1,9.817053754324874,3744.3605227676344,34.0,25.27526791946322,3739.1526317895004,5.751871733204276,2.426812616448781,5.783400000000012,2.427000000000001,101.85450288243588,48.250108490591316,32.55859093171966,0.47371600788512336,0.6747879320948785,13.32089244103128,43.817053754324874,34.0374762822952,5.784819305646123,2.426164156616582,25.466106715185987,3732.573661516138
2419,241.89999999999054,43.778514211870544,34.024928235212386,9.753501806640738,3732.580491668986,25.279544401551334,123.44188280890037,123.45303200000002,13.414968328704157,0.1,9.755743890323956,3744.3605227676344,34.0,25.263680607062156,3740.555846574823,5.751871733204276,2.426812616448781,5.783400000000012,2.427000000000001,101.85411553354078,48.25033540165326,32.558128133765,0.47372003722092426,0.6747751671100182,13.44505512392792,43.755743890323956,33.98330436419033,5.782936924727893,2.4260259581996655,25.258911909062103,3732.631125743806
2420,241.99999999999054,43.778492373723566,34.02494708693479,9.753469231003944,3732.55032342196,25.279550754464875,123.44338329651062,123.45303200000002,13.414803429913482,0.1,9.803693246689946,3744.3605227676344,34.0,25.263680607062156,3740.555846574823,5.751871733204276,2.426812616448781,5.783400000000012,2.427000000000001,101.8537829155271,48.25053192087141,32.557727924400034,0.4737235136459115,0.6747641244202897,13.38061910562318,43.803693246689946,34.00634345871898,5.784256842230756,2.4269196229138914,25.20337080787596,3732.6430017358166
2421,242.09999999999053,43.778472567880314,34.02496418428091,9.753441364374156,3732.5242152973665,25.279556494939218,123.44468679750855,123.45303200000002,13.414660718003406,0.1,9.749664312931984,3744.3605227676344,34.0,25.263680607062156,3740.555846574823,5.751871733204276,2.426812616448781,5.783400000000012,2.427000000000001,101.8534996118839,48.25070392032619,32.55738156259428,0.47372651999378595,0.6747545407079355,13.441912360247011,43.74966431293198,34.049627312875145,5.783409501836726,2.4256810704634253,25.18666940929418,3732.4778076973303
2422,242.19999999999052,43.7784546713775,34.024979633397244,9.753417520159449,3732.5016342753,25.279561553359745,123.4458189606319,123.45303200000002,13.414537212639436,0.1,9.806687136371124,3744.3605227676344,34.0,25.263680607062156,3740.555846574823,5.753782483560522,2.4246699169418817,5.783400000000012,2.427000000000001,101.85325779214595,48.25085453807034,32.557081815075925,0.4737291234860338,0.6747462221500783,13.3152265207198,43.806687136371124,33.96904633600581,5.78336909214613,2.4255667055227472,25.360659426180753,3732.5935179385942
2423,242.29999999999052,43.778438901245664,34.024993246931444,9.753397002244435,3732.4821167379723,25.279565894641284,123.44679975229835,123.45303200000002,13.414430392352932,0.1,9.778454406406674,3744.3605227676344,34.0,25.263680607062156,3740.555846574823,5.753782483560522,2.4246699169418817,5.783400000000012,2.427000000000001,101.85304966023526,48.250985587406085,32.556822562240576,0.4737313781802637,0.6747390165381033,13.396850126293826,43.778454406406674,34.059374888530286,5.78447854035326,2.4262760395331613,25.24593498181203,3732.4142273208663
2424,242.3999999999905,43.778425366866344,34.02500493045902,9.753379233679944,3732.4652530940984,25.27956956676115,123.44764696808514,123.45303200000002,13.414338063984312,0.1,9.794158302375529,3744.3605227676344,34.0,25.263680607062156,3740.555846574823,5.753782483560522,2.4246699169418817,5.783400000000012,2.427000000000001,101.8528690651268,48.25109873088285,32.55659848128994,0.47373332900450865,0.6747327902908927,13.422703640937229,43.79415830237553,34.02865690090179,5.7835702847983,2.426713758110464,25.21609561185059,3732.5013519607674
2425,242.4999999999905,43.778413918665436,34.02501481309854,9.75336379316994,3732.450681904889,25.279572676625836,123.44837765958309,123.45303200000002,13.414258289948185,0.1,9.749320348269386,3744.3605227676344,34.0,25.248865856068914,3741.5401469790504,5.753782483560522,2.4246699169418817,5.783400000000012,2.427000000000001,101.85271180483886,48.251195962228536,32.55640486970426,0.47373501507434773,0.6747274180559111,13.49158017560408,43.749320348269386,34.05600141427637,5.7841348940943895,2.4266918135044038,25.1749641977125,3732.44464241405
2426,242.5999999999905,43.7784042233513,34.02502318256275,9.753350381242614,3732.4380878709194,25.279575341905133,123.4490079610945,123.45303200000002,13.414189360446171,0.1,9.767925414292613,3744.3605227676344,34.0,25.248865856068914,3741.5401469790504,5.753782483560522,2.4246699169418817,5.783400000000012,2.427000000000001,101.85257506037539,48.2512795127077,32.55623757780287,0.47373647140590874,0.6747227826202763,13.399613202116019,43.76792541429261,34.02321900988314,5.783971502822209,2.4257900734664344,25.37314023192893,3732.320052492469
2427,242.6999999999905,43.77839591407657,34.0250303555315,9.753338763996226,3732.42719935007,25.279577656000466,123.44955235852589,123.45303200000002,13.414129783943702,0.1,9.760874296791563,3744.3605227676344,34.0,25.248865856068914,3741.5401469790504,5.753782483560522,2.4246699169418817,5.783400000000012,2.427000000000001,101.85245663599041,48.25135153337186,32.55609298563138,0.4737377293295628,0.6747187788743029,13.4481397590062,43.76087429679156,34.057237327305266,5.784419243175871,2.4273674776990073,25.27925879934619,3732.6525578908413
2428,242.7999999999905,43.77838869965295,34.0250365833723,9.75332873100163,3732.417783897181,25.279579678376813,123.4500231979444,123.45303200000002,13.414078275428578,0.1,9.838687424236937,3744.3605227676344,34.0,25.248865856068914,3741.5401469790504,5.761049146946918,2.422500961177921,5.783400000000012,2.427000000000001,101.85235445731631,48.25141384539334,32.55596797446517,0.473738816372814,0.6747153167113539,13.401531012731702,43.83868742423694,33.99338945399442,5.784519626508144,2.4268972454646853,25.1092187660233,3732.496996222492
2429,242.89999999999048,43.77838239469246,34.02504202612084,9.753320079302267,3732.4096424739287,25.279581443431166,123.45043069960921,123.45303200000002,13.414033735311117,0.1,9.801609915424429,3744.3605227676344,34.0,25.248865856068914,3741.5401469790504,5.761049146946918,2.422500961177921,5.783400000000012,2.427000000000001,101.85226643115423,48.251467870760386,32.55585987560009,0.4737397562318887,0.6747123209349745,13.427734408596613,43.80160991542443,34.03183266391055,5.782624415006512,2.4281982945431397,25.169812709963992,3732.4032855153264
2430,242.99999999999048,43.778376891959,34.02504677634834,9.753312616622939,3732.402603696669,25.279582974807514,123.45078333685349,123.45303200000002,13.413995222033828,0.1,9.740214997357413,3744.3605227676344,34.0,25.248865856068914,3741.5401469790504,5.761049146946918,2.422500961177921,5.783400000000012,2.427000000000001,101.85219053843561,48.251514706051324,32.55576640387611,0.47374056906358647,0.6747097288490557,13.397045057992512,43.74021499735741,34.00973448925523,5.783359094287541,2.4274923371270147,25.330549951293108,3732.2737366344486
2431,243.09999999999047,43.778372117740105,34.02505089768687,9.753306170721014,3732.3965191094844,25.27958429558134,123.45108830519172,123.45303200000002,13.413961924860596,0.1,9.790478620226118,3744.3605227676344,34.0,25.247978269470735,3739.793332483123,5.761049146946918,2.422500961177921,5.783400000000012,2.427000000000001,101.8521249780861,48.25155524471362,32.55568559163668,0.4737412720166137,0.6747074871789431,13.40957936170038,43.79047862022612,34.016911317870026,5.7820048061966425,2.425874692659039,25.29462625596517,3732.424027522377
2432,243.19999999999047,43.77836800009561,34.02505445223855,9.753300595304104,3732.3912597265753,25.279585431462138,123.45135188124654,123.45303200000002,13.413933141515697,0.1,9.760720206679487,3744.3605227676344,34.0,25.247978269470735,3739.793332483123,5.761049146946918,2.422500961177921,5.783400000000012,2.427000000000001,101.85206824500207,48.25159027267783,32.55561573445861,0.47374187980758614,0.6747055496094816,13.369203258743205,43.76072020667949,34.05201166775243,5.7859519222480245,2.4288998583102543,25.298262193649666,3732.5014105156433
2433,243.29999999999046,43.77836445887364,34.02505750919433,9.753295769604794,3732.386713545858,25.279586409084,123.45157961379066,123.45303200000002,13.413908261827453,0.1,9.771789926375156,3744.3605227676344,34.0,25.247978269470735,3739.793332483123,5.761049146946918,2.422500961177921,5.783400000000012,2.427000000000001,101.8520191184873,48.2516205109015,32.55555535145524,0.4737424051924689,0.6747038753672523,13.38675457783274,43.771789926375156,34.03420324342525,5.783504919418985,2.4266245859709237,25.323991335542367,3732.4010617075346
2434,243.39999999999046,43.778361411039725,34.025060140233556,9.753291593583524,3732.3827835795,25.27958725292423,123.45177639357263,123.45303200000002,13.413886755966237,0.1,9.743842407972025,3744.3605227676344,34.0,25.247978269470735,3739.793332483123,5.767073924095219,2.420359100180109,5.783400000000012,2.427000000000001,101.85197659708709,48.25164661721343,32.55550315673007,0.4737428592877539,0.6747024286030505,13.407366776845842,43.743842407972025,34.024760988362154,5.781879922538567,2.428713741350371,25.12228423305087,3732.5212918492416
2435,243.49999999999045,43.778358780283426,34.025062411231076,9.753287982195252,3732.3793860733913,25.279587983333474,123.4519464795414,123.45303200000002,13.413868165127829,0.1,9.749201230439937,3744.3605227676344,34.0,25.247978269470735,3739.793332483123,5.767073924095219,2.420359100180109,5.783400000000012,2.427000000000001,101.85193982760562,48.25166917355538,32.55545803676525,0.47374325177533244,0.6747011781015748,13.436265876340771,43.74920123043994,34.01033640699864,5.78370232169661,2.428282826025627,25.294962718152856,3732.257900127992
2436,243.59999999999044,43.77835650315957,34.02506437695584,9.753284861119527,3732.3764487975786,25.279588616349596,123.45209353629282,123.45303200000002,13.41385209311059,0.1,9.771116697059924,3744.3605227676344,34.0,25.247978269470735,3739.793332483123,5.767073924095219,2.420359100180109,5.783400000000012,2.427000000000001,101.85190805740244,48.25168867852491,32.55541902997941,0.4737435910511453,0.6747000969619672,13.46535316112633,43.771116697059924,34.01893435141417,5.782845371797182,2.4273745295433047,25.221928341239266,3732.443452445486
2437,243.69999999999044,43.778354529668505,34.02506608056995,9.753282164569667,3732.3739094380244,25.27958916469749,123.45222069873572,123.45303200000002,13.413838198228289,0.1,9.769332336980206,3744.3605227676344,34.0,25.23730685878681,3738.915777698802,5.767073924095219,2.420359100180109,5.783400000000012,2.427000000000001,101.85188061432966,48.25170555186519,32.55538530710007,0.4737438843625692,0.6746991621282001,13.461642238212745,43.769332336980206,34.08550626152748,5.784370368996934,2.4270321600953864,25.34629337303478,3732.1927260445113
2438,243.79999999999043,43.778352820139105,34.02506755631946,9.753279834547074,3732.3717141633415,25.27958963903586,123.4523306527089,123.45303200000002,13.413826185702272,0.1,9.746160829679397,3744.3605227676344,34.0,25.23730685878681,3738.915777698802,5.767073924095219,2.420359100180109,5.783400000000012,2.427000000000001,101.85185690355539,48.25172014744962,32.555356152699424,0.4737441379506678,0.6746983538248048,13.324816493091548,43.7461608296794,33.97210089000146,5.7824522144861294,2.4258419386935346,25.34627584011072,3732.403759666104
2439,243.89999999999043,43.77835134134182,34.02506883288975,9.75327782057494,3732.3698164096713,25.279590048821913,123.45242571281744,123.45303200000002,13.41381580088134,0.1,9.788750480269847,3744.3605227676344,34.0,25.23730685878681,3738.915777698802,5.767073924095219,2.420359100180109,5.783400000000012,2.427000000000001,101.85183640811947,48.25173276799869,32.55533094873903,0.4737443571920922,0.6746976550100235,13.393768798863308,43.78875048026985,34.04719345921519,5.782599886970098,2.426961273906113,25.19525721788234,3732.39983364514
2440,243.99999999999042,43.778350063792814,34.025069935732674,9.753276079257297,3732.368175876172,25.279590402649546,123.45250788518551,123.45303200000002,13.413806823493596,0.1,9.79088964850812,3744.3605227676344,34.0,25.23730685878681,3738.915777698802,5.768668648505203,2.4180915730470613,5.783400000000012,2.427000000000001,101.85181868544714,48.25174367662326,32.55530916061897,0.4737445467286251,0.6746970509252536,13.347453992886877,43.79088964850812,33.971923549769045,5.784160088208474,2.4272987050527552,25.238791896651577,3732.1903768546117
2441,244.09999999999042,43.77834896069977,34.02507088797666,9.753274573492854,3732.3667576903094,25.27959070824167,123.4525789129907,123.45303200000002,13.413799062894546,0.1,9.737858207061137,3744.3605227676344,34.0,25.23730685878681,3738.915777698802,5.768668648505203,2.4180915730470613,5.783400000000012,2.427000000000001,101.85180335867322,48.251753103832556,32.555290325645075,0.4737447105763362,0.6746965287580248,13.494197221700436,43.73785820706114,34.00195007416967,5.7827374178160165,2.427513536637405,25.303730039240488,3732.4690151099658
2442,244.1999999999904,43.77834800798577,34.02507171040611,9.753273271498644,3732.365531696361,25.27959097235362,123.45264030944152,123.45303200000002,13.41379235411849,0.1,9.784694788755175,3744.3605227676344,34.0,25.23730685878681,3738.915777698802,5.768668648505203,2.4180915730470613,5.783400000000012,2.427000000000001,101.85179010551657,48.25176125122659,32.555274043445586,0.4737448522135807,0.6746960773917452,13.419338076007307,43.784694788755175,34.09775521065257,5.783184769093682,2.42621919308889,25.313767664514035,3732.2185899396986
2443,244.2999999999904,43.77834718459036,34.02507242120142,9.75327214587697,3732.3644718331457,25.27959120075361,123.45269338437063,123.45303200000002,13.413786554512766,0.1,9.776881276990672,3744.3605227676344,34.0,25.24137983106623,3738.1540552425804,5.768668648505203,2.4180915730470613,5.783400000000012,2.427000000000001,101.85177864794112,48.251768293846624,32.5552599678025,0.4737449746521634,0.6746956872035331,13.44345804399687,43.77688127699067,34.054566439131655,5.7830531509172385,2.427413702557199,25.351279024021938,3732.297484481039
2444,244.3999999999904,43.778346472530544,34.025073035886386,9.753271172872083,3732.363555583719,25.27959139831597,123.45273926858655,123.45303200000002,13.413781540794078,0.1,9.683462957650505,3744.3605227676344,34.0,25.24137983106623,3738.1540552425804,5.768668648505203,2.4180915730470613,5.783400000000012,2.427000000000001,101.85176874435764,48.25177438257946,32.55524779950724,0.47374508049721525,0.6746953498825278,13.436635162085958,43.683462957650505,34.01973748753904,5.785151955176519,2.4265052134332006,25.34053160768386,3732.371148585184
2445,244.4999999999904,43.778345856610144,34.0250735675791,9.753270331836525,3732.3627634909553,25.279591569179047,123.45277893727015,123.45303200000002,13.413777206445262,0.1,9.797438899904343,3744.3605227676344,34.0,25.24137983106623,3738.1540552425804,5.768668648505203,2.4180915730470613,5.783400000000012,2.427000000000001,101.85176018439171,48.2517796470401,32.55523728004266,0.47374517199983013,0.6746950582586375,13.457382306637621,43.79743889990434,34.001339764762236,5.783484593822651,2.427608414765737,25.364374503268465,3732.3211434319974
2446,244.5999999999904,43.77834532392741,34.02507402741698,9.75326960484628,3732.36207873644,25.279591716902523,123.45281323184687,123.45303200000002,13.413773459423728,0.1,9.774486650892314,3744.3605227676344,34.0,25.24137983106623,3738.1540552425804,5.777444531468107,2.416032424681054,5.783400000000012,2.427000000000001,101.85175278528543,48.25178419867691,32.5552281860214,0.473745251104288,0.6746948061438541,13.482830054933254,43.774486650892314,34.044552002805304,5.784479036955262,2.4267105547606573,25.28803151895461,3732.5228404306476
2447,244.69999999999038,43.7783448633847,34.02507442498005,9.753268976388647,3732.3614867785454,25.279591844584523,123.4528428793377,123.45303200000002,13.413770220169395,0.1,9.813426385498722,3744.3605227676344,34.0,25.24137983106623,3738.1540552425804,5.777444531468107,2.416032424681054,5.783400000000012,2.427000000000001,101.85174638893716,48.25178813365632,32.55522032435113,0.47374531949014564,0.674694588191715,13.381535139860503,43.81342638549872,34.058103192013704,5.784779368933302,2.427720737346675,25.27050450193757,3732.3146288743687
2448,244.79999999999038,43.7783444653233,34.02507476860619,9.753268433073751,3732.360975042868,25.279591954933334,123.45286850868625,123.45303200000002,13.413767419892613,0.1,9.832629187870545,3744.3605227676344,34.0,25.24137983106623,3738.1540552425804,5.777444531468107,2.416032424681054,5.783400000000012,2.427000000000001,101.85174085901802,48.25179153524259,32.555213528079385,0.47374537860901317,0.674694399777911,13.42306056128162,43.832629187870545,33.99200489378757,5.782358748213781,2.427355971270045,25.244286325220006,3732.2886617221325
2449,244.89999999999037,43.77834412129984,34.02507506558412,9.753267963355936,3732.3605326568427,25.279592050309542,123.45289066424466,123.45303200000002,13.413764999109729,0.1,9.757039901744726,3744.3605227676344,34.0,25.22270996095468,3733.9775328643022,5.777444531468107,2.416032424681054,5.783400000000012,2.427000000000001,101.85173607807805,48.25179447563801,32.55520765283932,0.4737454297160815,0.6746942369008933,13.380109239856584,43.757039901744726,34.06165276130622,5.783933385104018,2.4273949973062345,25.187640642097797,3732.429257162336
2450,244.99999999999037,43.77834382395497,34.0250753222668,9.753267557273258,3732.3601502208485,25.279592132757752,123.45290981700914,123.45303200000002,13.413762906387715,0.1,9.736694453678538,3744.3605227676344,34.0,25.22270996095468,3733.9775328643022,5.777444531468107,2.416032424681054,5.783400000000012,2.427000000000001,101.85173194480934,48.25179701741538,32.555202573803,0.4737454738969162,0.6746940960986997,13.387184869073456,43.73669445367854,34.059434377023365,5.783372152525649,2.4262466194361303,25.428866325974642,3732.3470370885393
2451,245.09999999999036,43.77834356691443,34.02507554415682,9.75326720621764,3732.35981960972,25.279592204039503,123.45292637423283,123.45303200000002,13.413761097261345,0.1,9.796069188395656,3744.3605227676344,34.0,25.22270996095468,3733.9775328643022,5.777444531468107,2.416032424681054,5.783400000000012,2.427000000000001,101.85172837165118,48.251799214709216,32.5551981830533,0.4737455120902921,0.6746939743778317,13.36362742875784,43.796069188395656,34.03793839072288,5.782783045281821,2.426657621746609,25.315316202260814,3732.180112224501
2452,245.19999999999035,43.77834334468645,34.025075735994925,9.753266902741602,3732.3595338002647,25.279592265669617,123.45294068785276,123.45303200000002,13.413759533294252,0.1,9.76535461746095,3744.3605227676344,34.0,25.22270996095468,3733.9775328643022,5.785758081621554,2.413820926092339,5.783400000000012,2.427000000000001,101.85172528281126,48.25180111427972,32.555194387305164,0.4737455451078433,0.6746938691511501,13.438950841561192,43.76535461746095,34.05626836319991,5.784464960520793,2.4279022421921415,25.24930362611728,3732.374111292416
2453,245.29999999999035,43.7783431525484,34.02507590185792,9.753266640399,3732.3592867215852,25.27959231895271,123.45295306194338,123.45303200000002,13.413758181262983,0.1,9.769642436231067,3744.3605227676344,34.0,25.22270996095468,3733.9775328643022,5.785758081621554,2.413820926092339,5.783400000000012,2.427000000000001,101.85172261266136,48.251802756490996,32.555191105925275,0.4737455736511297,0.6746937781831548,13.446464077006324,43.76964243623107,34.03765069100406,5.783477843213562,2.4284940431889424,25.478281120964837,3732.4857559701036
2454,245.39999999999034,43.778342986433046,34.02507604525686,9.753266413612357,3732.35907312557,25.279592365015773,123.45296375926776,123.45303200000002,13.413757012448956,0.1,9.79234166709707,3744.3605227676344,34.0,25.22270996095468,3733.9775328643022,5.785758081621554,2.413820926092339,5.783400000000012,2.427000000000001,101.85172030440998,48.251804176197325,32.55518826921363,0.4737455983265127,0.6746936995419779,13.417839661096574,43.79234166709707,34.05440533304095,5.784434074801566,2.4271919941015594,25.080302287107518,3732.3275992553354
2455,245.49999999999034,43.77834284282683,34.02507616922479,9.753266217559215,3732.35888847511,25.27959240483479,123.45297300696343,123.45303200000002,13.413756002025801,0.1,9.795410314323725,3744.3605227676344,34.0,25.266244022184484,3735.5229378113418,5.785758081621554,2.413820926092339,5.783400000000012,2.427000000000001,101.85171830895959,48.25180540352045,32.555185816916634,0.47374561965810136,0.6746936315576993,13.456762240759916,43.795410314323725,34.0244340798175,5.785104805271051,2.4269354004054557,25.353185023489644,3732.3837455778485
2456,245.59999999999033,43.77834271868706,34.02507627638833,9.753266048072323,3732.3587288476997,25.279592439255605,123.45298100142391,123.45303200000002,13.413755128530573,0.1,9.776988496706387,3744.3605227676344,34.0,25.266244022184484,3735.5229378113418,5.785758081621554,2.413820926092339,5.783400000000012,2.427000000000001,101.85171658389325,48.25180646451127,32.555183696943715,0.4737456380989633,0.6746935727864973,13.42384033391296,43.77698849670639,34.05785562769476,5.783411785972286,2.4270600857589506,25.28602386023225,3732.2060397448963
2457,245.69999999999033,43.77834261137673,34.025076369023886,9.753265901551252,3732.3585908522496,25.279592469010694,123.45298791247384,123.45303200000002,13.413754373407725,0.1,9.730563865360686,3744.3605227676344,34.0,25.266244022184484,3735.5229378113418,5.785758081621554,2.413820926092339,5.783400000000012,2.427000000000001,101.85171509257036,48.25180738170625,32.55518186426056,0.473745654040793,0.6746935219799297,13.44462944869523,43.730563865360686,34.03454151458525,5.782799004276178,2.427732301731016,25.501504502131393,3732.4952316770677
2458,245.79999999999032,43.77834251861226,34.02507644910273,9.753265774884728,3732.3584715571933,25.27959249473343,123.45299388695099,123.45303200000002,13.413753720615594,0.1,9.810128705266926,3744.3605227676344,34.0,25.266244022184484,3735.5229378113418,5.793962013050102,2.4117228430352218,5.783400000000012,2.427000000000001,101.85171380332989,48.25180817459808,32.555180279934056,0.4737456678222391,0.6746934780585604,13.35315634725152,43.810128705266926,34.060422749004495,5.781714082770954,2.428520406276813,25.213588099061,3732.5517977637096
2459,245.8999999999903,43.778342438419074,34.02507651832943,9.753265665383255,3732.3583684282876,25.279592516970872,123.45299905179783,123.45303200000002,13.413753156286306,0.1,9.811981842160115,3744.3605227676344,34.0,25.266244022184484,3735.5229378113418,5.793962013050102,2.4117228430352218,5.783400000000012,2.427000000000001,101.85171268880117,48.251808860039894,32.55517891030688,0.4737456797360786,0.6746934400892005,13.426061533372426,43.811981842160115,34.03626560623965,5.782931426289949,2.4260636015560686,25.210012665250034,3732.2687654792085
2460,245.9999999999903,43.77834236909162,34.02507657817629,9.753265570721334,3732.3582792747793,25.279592536195388,123.45300351674413,123.45303200000002,13.41375266843154,0.1,9.814376405302959,3744.3605227676344,34.0,25.266244022184484,3735.5229378113418,5.793962013050102,2.4117228430352218,5.783400000000012,2.427000000000001,101.8517117253152,48.25180945259781,32.55517772628336,0.4737456900354169,0.6746934072651785,13.493838086227784,43.81437640530296,34.01701749819855,5.784015154002158,2.4258428368827274,25.397917052151573,3732.3930202960123
2461,246.0999999999903,43.77834230915727,34.025076629914565,9.753265488888044,3732.358202202829,25.279592552815004,123.45300737663769,123.45303200000002,13.413752246687862,0.1,9.831218967906956,3744.3605227676344,34.0,25.274026424671533,3737.073029982914,5.793962013050102,2.4117228430352218,5.783400000000012,2.427000000000001,101.851710892403,48.251809964859795,32.55517670271146,0.4737456989390528,0.6746933788892131,13.401907639594404,43.831218967906956,34.00309186190032,5.7828692120988885,2.4275331420116233,25.42912044242735,3732.229988591662
2462,246.1999999999903,43.77834225734395,34.02507667464237,9.753265418144652,3732.358135575244,25.27959256718243,123.45301071346623,123.45303200000002,13.4137518820964,0.1,9.831085780781947,3744.3605227676344,34.0,25.274026424671533,3737.073029982914,5.793962013050102,2.4117228430352218,5.783400000000012,2.427000000000001,101.85171017236583,48.25181040770533,32.555175817847974,0.47374570663612575,0.6746933543585598,13.415165880894191,43.83108578078195,34.054747184774186,5.784561402660619,2.427338587710455,25.188173581958658,3732.344294357353
2463,246.2999999999903,43.77834221255206,34.02507671330893,9.753265356988027,3732.358077976679,25.27959257960272,123.45301359810638,123.45303200000002,13.413751566912365,0.1,9.735271373290871,3744.3605227676344,34.0,25.274026424671533,3737.073029982914,5.793962013050102,2.4117228430352218,5.783400000000012,2.427000000000001,101.85170954990372,48.25181079053915,32.555175052896324,0.47374571329013854,0.6746933331521621,13.378803228403411,43.73527137329087,34.04567911322958,5.78382624802943,2.428770592759496,25.26130404105915,3732.238024682535
2464,246.39999999999029,43.778342173830566,34.025076746735216,9.753265304118877,3732.358028183571,25.279592590339732,123.45301609183298,123.45303200000002,13.413751294440408,0.1,9.804907269279234,3744.3605227676344,34.0,25.274026424671533,3737.073029982914,5.79849470411064,2.4095115314014586,5.783400000000012,2.427000000000001,101.85170901179211,48.25181112149246,32.55517439160688,0.47374571904243645,0.6746933148195564,13.372540406676753,43.804907269279234,34.027355593340054,5.78458745470242,2.428978630198307,25.3156845685034,3732.4087848221843
2465,246.49999999999028,43.778342140356855,34.02507677563137,9.753265258414116,3732.35798513816,25.279592599621648,123.45301824762034,123.45303200000002,13.413751058892432,0.1,9.757638597284355,3744.3605227676344,34.0,25.274026424671533,3737.073029982914,5.79849470411064,2.4095115314014586,5.783400000000012,2.427000000000001,101.85170854660053,48.25181140759566,32.555173819931944,0.4737457240152123,0.6746932989713046,13.391524363584901,43.757638597284355,34.067059211226756,5.783167602894405,2.426630198886249,25.328178140840176,3732.3180713640804
2466,246.59999999999027,43.77834211141956,34.02507680061147,9.753265218902941,3732.3579479260266,25.27959260764573,123.45302011126564,123.45303200000002,13.413750855264665,0.1,9.760763449267046,3744.3605227676344,34.0,25.274026424671533,3737.073029982914,5.79849470411064,2.4095115314014586,5.783400000000012,2.427000000000001,101.85170814444838,48.251811654927096,32.55517332572735,0.47374572831410244,0.6746932852707319,13.445780894851243,43.760763449267046,33.97844731789333,5.782808961809282,2.4282914016459185,25.291035616006596,3732.340059618878
2467,246.69999999999027,43.77834208640368,34.025076822206394,9.753265184746102,3732.3579157566724,25.27959261458247,123.45302172236,123.45303200000002,13.413750679231411,0.1,9.733674850618229,3744.3605227676344,34.0,25.21590303129529,3733.4042289858785,5.79849470411064,2.4095115314014586,5.783400000000012,2.427000000000001,101.85170779679382,48.25181186874146,32.55517289849465,0.47374573203042925,0.6746932734267865,13.381730898219205,43.73367485061823,34.07976645422556,5.783974193450273,2.4286328446669034,25.19729514679242,3732.2668816918754
2468,246.79999999999026,43.7783420647777,34.02507684087501,9.753265155218052,3732.357887946728,25.27959262057922,123.45302311512856,123.45303200000002,13.413750527053198,0.1,9.74050228882647,3744.3605227676344,34.0,25.21590303129529,3733.4042289858785,5.79849470411064,2.4095115314014586,5.783400000000012,2.427000000000001,101.85170749625209,48.251812053581155,32.55517252915812,0.47374573524313973,0.6746932631878628,13.385987431203404,43.74050228882647,34.012462149327895,5.785040192601131,2.427869580265915,25.316197286795187,3732.57167297131
2469,246.89999999999026,43.77834204608223,34.02507685701386,9.753265129691519,3732.3578639054326,25.27959262576334,123.45302431915758,123.45303200000002,13.413750395497319,0.1,9.789258308879774,3744.3605227676344,34.0,25.21590303129529,3733.4042289858785,5.79849470411064,2.4095115314014586,5.783400000000012,2.427000000000001,101.85170723643861,48.25181221337267,32.555172209872005,0.473745738020482,0.6746932543364569,13.456239086875671,43.78925830887977,33.96056813436218,5.7828682332440815,2.425514045427095,25.222784614462583,3732.428556628618
2470,246.99999999999025,43.778342029920225,34.0250768709657,9.753265107624218,3732.3578431220817,25.279592630244935,123.45302536002357,123.45303200000002,13.41375028176916,0.1,9.814263917845068,3744.3605227676344,34.0,25.21590303129529,3733.4042289858785,5.800094440133836,2.4073882054856126,5.783400000000012,2.427000000000001,101.85170701183381,48.25181235151026,32.555171933853764,0.4737457404214545,0.6746932466845424,13.406113944461142,43.81426391784507,33.99118843020545,5.783313856016431,2.4275665101414208,25.200015544734523,3732.504382911336
2471,247.09999999999025,43.7783420159484,34.02507688302686,9.753265088547355,3732.3578251551776,25.2795926341192,123.4530262598371,123.45303200000002,13.413750183452814,0.1,9.769591924455334,3744.3605227676344,34.0,25.21590303129529,3733.4042289858785,5.800094440133836,2.4073882054856126,5.783400000000012,2.427000000000001,101.85170681766617,48.25181247092821,32.55517169523999,0.4737457424970608,0.6746932400695732,13.462507285217571,43.769591924455334,34.028039114751216,5.783374347731895,2.4261576579261703,25.280796138781387,3732.373642500636
2472,247.19999999999024,43.77834200386998,34.02507689345354,9.753265072055676,3732.3578096230503,25.279592637468436,123.45302703771267,123.45303200000002,13.41375009845977,0.1,9.808520651892827,3744.3605227676344,34.0,25.21590303129529,3733.4042289858785,5.800094440133836,2.4073882054856126,5.783400000000012,2.427000000000001,101.85170664981094,48.25181257416323,32.555171488961875,0.47374574429139227,0.6746932343510297,13.369438233928713,43.80852065189283,34.05805112830937,5.783315257075969,2.4281227817377347,25.351087405664718,3732.2724391955194
2473,247.29999999999023,43.77834199342841,34.02507690246722,9.75326505779885,3732.3577961957526,25.2795926403638,123.4530277101746,123.45303200000002,13.413750024984518,0.1,9.76132799566502,3744.3605227676344,34.0,25.2475739919447,3733.930484748575,5.800094440133836,2.4073882054856126,5.783400000000012,2.427000000000001,101.85170650470239,48.25181266340833,32.55517131063744,0.4737457458425657,0.674693229407433,13.46986479950626,43.76132799566502,34.06178583351058,5.781802595839551,2.4286810027299137,25.414119071477973,3732.4813522712757
2474,247.39999999999023,43.778341984401834,34.02507691025941,9.753265045474025,3732.357784588048,25.2795926428668,123.45302829150808,123.45303200000002,13.413749961466232,0.1,9.759881767948087,3744.3605227676344,34.0,25.2475739919447,3733.930484748575,5.800094440133836,2.4073882054856126,5.783400000000012,2.427000000000001,101.85170637925815,48.251812740559394,32.55517115647856,0.4737457471835323,0.674693225133766,13.37117394379237,43.75988176794809,34.03602918118169,5.782265981489988,2.4261822305790997,25.2126434919825,3732.3711401150053
2475,247.49999999999022,43.77834197659847,34.02507691699565,9.753265034819396,3732.3577745533557,25.279592645030608,123.45302879406248,123.45303200000002,13.413749906555596,0.1,9.758898353484923,3744.3605227676344,34.0,25.2475739919447,3733.930484748575,5.800094440133836,2.4073882054856126,5.783400000000012,2.427000000000001,101.85170627081344,48.25181280725536,32.55517102321044,0.47374574834277833,0.6746932214392429,13.414456108353,43.75889835348492,34.08847790501697,5.784030035083835,2.427663501654787,25.22557855921012,3732.487723709295
2476,247.59999999999022,43.778341969852576,34.02507692281903,9.753265025608624,3732.35776587851,25.27959264690119,123.45302922851351,123.45303200000002,13.413749859086144,0.1,9.857344349552648,3744.3605227676344,34.0,25.2475739919447,3733.930484748575,5.811323409489484,2.4051973009421195,5.783400000000012,2.427000000000001,101.85170617706454,48.25181286491309,32.55517090800208,0.47374574934493013,0.6746932182453809,13.362695012409697,43.85734434955265,34.0465521229786,5.7823851371393,2.4286507815074208,25.209080062099623,3732.380956043423
2477,247.6999999999902,43.77834196402085,34.02507692785326,9.753265017646047,3732.357758379231,25.279592648518282,123.45302960409013,123.45303200000002,13.413749818049494,0.1,9.76130119059112,3744.3605227676344,34.0,25.2475739919447,3733.930484748575,5.811323409489484,2.4051973009421195,5.783400000000012,2.427000000000001,101.85170609602002,48.25181291475735,32.55517080840613,0.4737457502112755,0.6746932154843336,13.411213211147986,43.76130119059112,34.04182070803171,5.782649769513454,2.425921915568391,25.33630697709578,3732.329237651787
2478,247.7999999999902,43.77834195897941,34.02507693220529,9.753265010762515,3732.357751896214,25.279592649916236,123.4530299287707,123.45303200000002,13.413749782573904,0.1,9.73988472979432,3744.3605227676344,34.0,25.2475739919447,3733.930484748575,5.811323409489484,2.4051973009421195,5.783400000000012,2.427000000000001,101.85170602595822,48.25181295784701,32.555170722306876,0.4737457509602187,0.674693213097448,13.434001394431453,43.73988472979432,34.03904359602674,5.782849016278625,2.4261662419243875,25.233028818490656,3732.273225249225
2479,247.8999999999902,43.778341954621155,34.025076935967554,9.753265004811803,3732.357746291739,25.279592651124744,123.45303020945235,123.45303200000002,13.41374975190577,0.1,9.7889469423611,3744.3605227676344,34.0,25.26184490777043,3735.4881133487474,5.811323409489484,2.4051973009421195,5.783400000000012,2.427000000000001,101.85170596539082,48.25181299509739,32.555170647875315,0.4737457516076691,0.67469321103402,13.431382092798813,43.7889469423611,34.02191123227515,5.782895952058586,2.4268294663419705,25.341740406793676,3732.3379135426794
2480,247.9999999999902,43.7783419508535,34.02507693921997,9.753264999667497,3732.3577414467522,25.279592652169484,123.45303045209755,123.45303200000002,13.413749725393613,0.1,9.81157505911014,3744.3605227676344,34.0,25.26184490777043,3735.4881133487474,5.811323409489484,2.4051973009421195,5.783400000000012,2.427000000000001,101.85170591303115,48.251813027299804,32.55517058353031,0.47374575216738074,0.6746932092502166,13.3611103454242,43.81157505911014,33.981364199463535,5.781415483191741,2.4278115319163445,25.172816280082188,3732.4269620778246
2481,248.0999999999902,43.77834194759642,34.025076942031646,9.75326499522032,3732.3577372583313,25.279592653072648,123.45303066186081,123.45303200000002,13.41374970247424,0.1,9.787130033455739,3744.3605227676344,34.0,25.26184490777043,3735.4881133487474,5.811323409489484,2.4051973009421195,5.783400000000012,2.427000000000001,101.85170586776702,48.251813055138314,32.55517052790499,0.473745752651243,0.6746932077081444,13.34475523978543,43.78713003345574,33.96947008329716,5.781198179376089,2.423856358017139,25.279900402787685,3732.3644464647487
2482,248.19999999999018,43.77834194478072,34.02507694446229,9.753264991375802,3732.3577336375024,25.279592653853417,123.45303084319814,123.45303200000002,13.413749682660773,0.1,9.72296329391532,3744.3605227676344,34.0,25.26184490777043,3735.4881133487474,5.8142134112429735,2.402991158532937,5.783400000000012,2.427000000000001,101.85170582863682,48.25181307920433,32.55517047981771,0.4737457530695353,0.6746932063750452,13.387684286987868,43.72296329391532,34.04463784783365,5.7824190217857785,2.4262924240904056,25.21267693288106,3732.245711977063
2483,248.29999999999018,43.7783419423466,34.02507694656355,9.75326498805227,3732.3577305073486,25.279592654528383,123.45303099996157,123.45303200000002,13.41374966553232,0.1,9.803845330030107,3744.3605227676344,34.0,25.26184490777043,3735.4881133487474,5.8142134112429735,2.402991158532937,5.783400000000012,2.427000000000001,101.85170579480935,48.25181310000903,32.555170438246954,0.4737457534311426,0.6746932052226005,13.441773983021928,43.80384533003011,34.04695458296817,5.783238597116401,2.426023004293814,25.40082979597893,3732.2914870858713
2484,248.39999999999017,43.77834194024231,34.02507694838007,9.753264985179127,3732.357727801376,25.27959265511188,123.45303113548131,123.45303200000002,13.413749650725022,0.1,9.794777304611493,3744.3605227676344,34.0,25.26184490777043,3735.4881133487474,5.8142134112429735,2.402991158532937,5.783400000000012,2.427000000000001,101.85170576556598,48.251813117994395,32.55517040230964,0.47374575374374694,0.6746932042263287,13.51133346628024,43.79477730461149,34.031617604425456,5.784203144228819,2.4278541062445447,25.17966126858935,3732.1955007391903
2485,248.49999999999017,43.77834193842321,34.02507694995041,9.753264982695336,3732.357725462102,25.2795926556163,123.45303125263615,123.45303200000002,13.413749637924328,0.1,9.828002290611089,3744.3605227676344,34.0,25.250560878415214,3733.7700095615596,5.8142134112429735,2.402991158532937,5.783400000000012,2.427000000000001,101.85170574028552,48.251813133542484,32.555170371242355,0.4737457540139889,0.6746932033650662,13.342402092364823,43.82800229061109,34.02155035380499,5.785020353627554,2.4248718374379514,25.268966902596485,3732.4031648074174
2486,248.59999999999016,43.77834193685062,34.025076951307945,9.75326498054813,3732.3577234398335,25.27959265605237,123.45303135391475,123.45303200000002,13.413749626858314,0.1,9.764769288840064,3744.3605227676344,34.0,25.250560878415214,3733.7700095615596,5.8142134112429735,2.402991158532937,5.783400000000012,2.427000000000001,101.85170571843085,48.25181314698356,32.55517034438514,0.47374575424760923,0.6746932026205177,13.46604804286767,43.764769288840064,33.9949975901082,5.784892895487723,2.4287042851936067,25.2697340757538,3732.2911073296696
2487,248.69999999999015,43.77834193549114,34.02507695248152,9.753264978691906,3732.3577216916115,25.279592656429344,123.45303144146865,123.45303200000002,13.413749617291904,0.1,9.770654207105423,3744.3605227676344,34.0,25.250560878415214,3733.7700095615596,5.8142134112429735,2.402991158532937,5.783400000000012,2.427000000000001,101.85170569953789,48.25181315860318,32.555170321167466,0.4737457544495703,0.6746932019768662,13.350380532445058,43.77065420710542,33.98675007208472,5.78305512222559,2.426625502609575,25.314635636904484,3732.262895130023
2488,248.79999999999015,43.77834193431589,34.02507695349606,9.753264977087225,3732.357720180299,25.279592656755234,123.45303151715778,123.45303200000002,13.41374960902188,0.1,9.762173255506525,3744.3605227676344,34.0,25.250560878415214,3733.7700095615596,5.819389659453861,2.400855758728127,5.783400000000012,2.427000000000001,101.85170568320515,48.251813168648184,32.55517030109611,0.4737457546241631,0.6746932014204384,13.353165072484874,43.762173255506525,34.06765462573586,5.783187426756412,2.427271132403236,25.332482621019707,3732.3632825264176
2489,248.89999999999014,43.778341933299885,34.02507695437312,9.753264975700006,3732.3577188737913,25.27959265703696,123.45303158258993,123.45303200000002,13.413749601872565,0.1,9.783866024210184,3744.3605227676344,34.0,25.250560878415214,3733.7700095615596,5.819389659453861,2.400855758728127,5.783400000000012,2.427000000000001,101.8517056690858,48.251813177331954,32.55517028374473,0.4737457547750958,0.6746932009394148,13.503720289707735,43.783866024210184,34.03068923178459,5.782979732196908,2.4289806895566244,25.132599342448678,3732.4495781407213
2490,248.99999999999014,43.77834193242158,34.02507695513132,9.753264974500771,3732.3577177443344,25.279592657280507,123.45303163915507,123.45303200000002,13.413749595692087,0.1,9.818629560678104,3744.3605227676344,34.0,25.250560878415214,3733.7700095615596,5.819389659453861,2.400855758728127,5.783400000000012,2.427000000000001,101.85170565687977,48.251813184838944,32.55517026874471,0.47374575490557513,0.6746932005235768,13.45673854591996,43.818629560678104,34.03464324054185,5.783320582271809,2.4260782059491675,25.334444432766702,3732.4637453598734
2491,249.09999999999013,43.7783419316623,34.02507695578676,9.753264973464049,3732.3577167679355,25.27959265749105,123.45303168805476,123.45303200000002,13.413749590349154,0.1,9.778525014957516,3744.3605227676344,34.0,25.275435477494423,3736.8254602256907,5.819389659453861,2.400855758728127,5.783400000000012,2.427000000000001,101.85170564632783,48.25181319132861,32.55517025577741,0.47374575501837246,0.6746932001640913,13.463804040599065,43.778525014957516,34.00460970551371,5.781145768134497,2.428132014434505,25.150480521329385,3732.409762278845
2492,249.19999999999013,43.77834193100591,34.02507695635339,9.75326497256782,3732.3577159238525,25.279592657673064,123.45303173032788,123.45303200000002,13.413749585730264,0.1,9.80368549628843,3744.3605227676344,34.0,25.275435477494423,3736.8254602256907,5.819389659453861,2.400855758728127,5.783400000000012,2.427000000000001,101.85170563720585,48.25181319693884,32.555170244567364,0.4737457551158841,0.6746931998533209,13.387530289680774,43.80368549628843,33.99532324149721,5.782651122244574,2.426601713680839,25.164151308623744,3732.523601116684
2493,249.29999999999012,43.77834193043846,34.025076956843236,9.753264971793044,3732.357715194155,25.27959265783041,123.45303176687237,123.45303200000002,13.413749581737301,0.1,9.790063677040912,3744.3605227676344,34.0,25.275435477494423,3736.8254602256907,5.819389659453861,2.400855758728127,5.783400000000012,2.427000000000001,101.85170562932004,48.251813201788806,32.55517023487644,0.4737457552001816,0.6746931995846644,13.348785887913621,43.79006367704091,34.03600854645028,5.783995461683466,2.4271225906305918,25.175426490281946,3732.3758430472585
2494,249.39999999999011,43.77834192994791,34.0250769572667,9.753264971123258,3732.357714563342,25.279592657966433,123.45303179846455,123.45303200000002,13.413749578285442,0.1,9.751364070702145,3744.3605227676344,34.0,25.275435477494423,3736.8254602256907,5.822186497413728,2.398715136486093,5.783400000000012,2.427000000000001,101.85170562250282,48.25181320598153,32.55517022649878,0.4737457552730556,0.6746931993524149,13.416075827202665,43.751364070702145,34.02980429597187,5.7820375300061535,2.4252189983670562,25.15674831542693,3732.383577926557
2495,249.4999999999901,43.77834192952386,34.02507695763277,9.753264970544238,3732.3577140180137,25.279592658084024,123.45303182577551,123.45303200000002,13.413749575301361,0.1,9.713880885443992,3744.3605227676344,34.0,25.275435477494423,3736.8254602256907,5.822186497413728,2.398715136486093,5.783400000000012,2.427000000000001,101.85170561660948,48.25181320960606,32.55517021925642,0.4737457553360539,0.6746931991516387,13.414276195821705,43.71388088544399,34.04332452146836,5.784050953240026,2.425419142713487,25.188439721729747,3732.6380234731396
2496,249.5999999999901,43.77834192915725,34.02507695794924,9.753264970043686,3732.357713546585,25.27959265818568,123.45303184938547,123.45303200000002,13.413749572721668,0.1,9.786414999947574,3744.3605227676344,34.0,25.275435477494423,3736.8254602256907,5.822186497413728,2.398715136486093,5.783400000000012,2.427000000000001,101.85170561151477,48.251813212739435,32.5551702129955,0.4737457553905151,0.6746931989780705,13.437699694049735,43.786414999947574,34.00035413791198,5.783914898267064,2.426379854596304,25.01038154383286,3732.3761393042328
2497,249.6999999999901,43.77834192884032,34.025076958222826,9.753264969610967,3732.3577131390416,25.27959265827356,123.45303186979596,123.45303200000002,13.413749570491559,0.1,9.767529684902527,3744.3605227676344,34.0,25.227665212839966,3732.198867486459,5.822186497413728,2.398715136486093,5.783400000000012,2.427000000000001,101.85170560711049,48.25181321544821,32.555170207583025,0.47374575543759617,0.6746931988280229,13.300888796724411,43.76752968490253,34.000657507699216,5.783567904998418,2.427176734260321,25.431854276449805,3732.430009458303
2498,249.7999999999901,43.77834192856635,34.02507695845934,9.753264969236888,3732.3577127867266,25.279592658349532,123.4530318874405,123.45303200000002,13.413749568563661,0.1,9.779912841154193,3744.3605227676344,34.0,25.227665212839966,3732.198867486459,5.822186497413728,2.398715136486093,5.783400000000012,2.427000000000001,101.85170560330305,48.25181321778989,32.555170202904016,0.4737457554782969,0.6746931986983092,13.347077375116465,43.77991284115419,34.025790911538444,5.785270892793644,2.4255522086732744,25.21553312217,3732.344265413336
2499,249.8999999999901,43.77834192832951,34.025076958663796,9.7532649689135,3732.3577124821554,25.279592658415208,123.45303190269397,123.45303200000002,13.413749566897023,0.1,9.77722345787668,3744.3605227676344,34.0,25.227665212839966,3732.198867486459,5.822186497413728,2.398715136486093,5.783400000000012,2.427000000000001,101.85170560001153,48.25181321981423,32.55517019885909,0.47374575551348225,0.6746931985861737,13.383022033051192,43.77722345787668,34.08096775376019,5.781611477923266,2.428649798411228,25.34592168640541,3732.2525848231394
2500,249.99999999999008,43.77834192812476,34.02507695884054,9.753264968633935,3732.357712218858,25.279592658471984,123.45303191588035,123.45303200000002,13.413749565456238,0.1,9.77195347290565,3744.3605227676344,34.0,25.227665212839966,3732.198867486459,5.827357452307435,2.396592733954972,5.783400000000012,2.427000000000001,101.85170559716609,48.251813221564255,32.5551701953623,0.4737457555438994,0.674693198489234,13.401106910084037,43.77195347290565,34.02553731335863,5.784113898823631,2.4279179549036036,25.363553676456092,3732.473740214715
2501,250.09999999999008,43.77834192794775,34.025076958993345,9.753264968392259,3732.357711991241,25.279592658521064,123.45303192727978,123.45303200000002,13.413749564210702,0.1,9.761563530973355,3744.3605227676344,34.0,25.227665212839966,3732.198867486459,5.827357452307435,2.396592733954972,5.783400000000012,2.427000000000001,101.85170559470626,48.251813223077114,32.55517019233939,0.4737457555701944,0.6746931984054315,13.485315125688514,43.761563530973355,34.05231977110453,5.783933860567117,2.426917507970902,25.46357022587644,3732.3001984124653
2502,250.19999999999007,43.77834192779474,34.02507695912543,9.753264968183329,3732.3577117944697,25.279592658563494,123.45303193713441,123.45303200000002,13.413749563133953,0.1,9.815302556858818,3744.3605227676344,34.0,25.227665212839966,3732.198867486459,5.827357452307435,2.396592733954972,5.783400000000012,2.427000000000001,101.85170559257973,48.25181322438496,32.55517018972612,0.47374575559292625,0.6746931983329851,13.419036121610171,43.81530255685882,34.027932260752124,5.782695159644287,2.424309296271044,25.249631253433417,3732.334932178056
2503,250.29999999999006,43.77834192766245,34.02507695923962,9.753264968002714,3732.3577116243637,25.279592658600176,123.4530319456536,123.45303200000002,13.413749562203117,0.1,9.82334409714904,3744.3605227676344,34.0,25.265164864566025,3732.3904445028347,5.827357452307435,2.396592733954972,5.783400000000012,2.427000000000001,101.85170559074139,48.25181322551557,32.55517018746698,0.47374575561257753,0.6746931982703563,13.38985397417145,43.82334409714904,34.01329082920708,5.783752640559927,2.427756321665112,25.24282122783092,3732.3853721695887
2504,250.39999999999006,43.7783419275481,34.02507695933834,9.753264967846576,3732.3577114773093,25.279592658631884,123.45303195301835,123.45303200000002,13.413749561398424,0.1,9.80829775677514,3744.3605227676344,34.0,25.265164864566025,3732.3904445028347,5.827357452307435,2.396592733954972,5.783400000000012,2.427000000000001,101.8517055891522,48.25181322649298,32.55517018551399,0.4737457556295658,0.6746931982162145,13.405197872042757,43.80829775677514,34.06075909339781,5.784309652100756,2.426165399828697,25.31312557629831,3732.441261824364
2505,250.49999999999005,43.77834192744925,34.02507695942368,9.753264967711594,3732.357711350183,25.279592658659297,123.45303195938503,123.45303200000002,13.413749560702781,0.1,9.792077719581101,3744.3605227676344,34.0,25.265164864566025,3732.3904445028347,5.827357452307435,2.396592733954972,5.783400000000012,2.427000000000001,101.85170558777833,48.25181322733792,32.55517018382566,0.4737457556442519,0.67469319816941,13.390465484499826,43.7920777195811,34.005826135398856,5.784165226747106,2.4263542184697338,25.240253402215426,3732.105739127241
2506,250.59999999999005,43.77834192736378,34.025076959497454,9.753264967594905,3732.357711240284,25.279592658682994,123.45303196488896,123.45303200000002,13.413749560101403,0.1,9.776538817996546,3744.3605227676344,34.0,25.265164864566025,3732.3904445028347,5.833727207765361,2.394428168968962,5.783400000000012,2.427000000000001,101.85170558659063,48.25181322806837,32.55517018236612,0.47374575565694804,0.6746931981289478,13.393334914132536,43.776538817996546,34.038867202714535,5.783365792402018,2.426749694989038,25.192847642485397,3732.4709880764453
2507,250.69999999999004,43.7783419272899,34.025076959561225,9.75326496749403,3732.3577111452782,25.27959265870348,123.453031969647,123.45303200000002,13.413749559581523,0.1,9.783288366276999,3744.3605227676344,34.0,25.265164864566025,3732.3904445028347,5.833727207765361,2.394428168968962,5.783400000000012,2.427000000000001,101.85170558556389,48.25181322869983,32.55517018110437,0.4737457556679235,0.6746931980939691,13.404697537166118,43.783288366277,34.04793171284036,5.781736432853278,2.42750079646064,25.324096078524384,3732.4671660431
2508,250.79999999999004,43.77834192722604,34.02507695961636,9.753264967406823,3732.357711063147,25.27959265872119,123.45303197376025,123.45303200000002,13.413749559132095,0.1,9.78445386433284,3744.3605227676344,34.0,25.265164864566025,3732.3904445028347,5.833727207765361,2.394428168968962,5.783400000000012,2.427000000000001,101.8517055846763,48.2518132292457,32.555170180013604,0.47374575567741145,0.6746931980637306,13.455437946371974,43.78445386433284,34.05690426345603,5.784664069533593,2.426144417501394,25.32516063503289,3732.4810056602537
2509,250.89999999999003,43.77834192717083,34.02507695966402,9.753264967331434,3732.3577109921453,25.2795926587365,123.45303197731612,123.45303200000002,13.41374955874357,0.1,9.766026200315004,3744.3605227676344,34.0,25.27085900826251,3734.102698667798,5.833727207765361,2.394428168968962,5.783400000000012,2.427000000000001,101.85170558390898,48.25181322971761,32.55517017907066,0.47374575568561383,0.6746931980375898,13.379370703269373,43.766026200315004,33.936190362116726,5.784924513249265,2.427212046479912,25.21176385249748,3732.2288586812206
2510,250.99999999999002,43.778341927123094,34.02507695970523,9.753264967266265,3732.3577109307657,25.27959265874974,123.45303198039015,123.45303200000002,13.413749558407696,0.1,9.770477454350832,3744.3605227676344,34.0,25.27085900826251,3734.102698667798,5.833727207765361,2.394428168968962,5.783400000000012,2.427000000000001,101.85170558324569,48.2518132301256,32.555170178255494,0.4737457556927047,0.6746931980149911,13.360062026739914,43.77047745435083,34.02630842985184,5.781074512089112,2.4264390909222295,25.24385563104178,3732.3587964337385
2511,251.09999999999002,43.778341927081826,34.02507695974085,9.753264967209928,3732.357710877704,25.27959265876118,123.45303198304761,123.45303200000002,13.413749558117336,0.1,9.766192666493389,3744.3605227676344,34.0,25.27085900826251,3734.102698667798,5.833727207765361,2.394428168968962,5.783400000000012,2.427000000000001,101.85170558267228,48.25181323047828,32.555170177550785,0.4737457556988345,0.6746931979954548,13.437677463691767,43.76619266649339,34.035236759550784,5.785196424328544,2.4265970605279565,25.37162618353611,3732.273081786455
2512,251.19999999999,43.77834192704614,34.02507695977165,9.753264967161224,3732.357710831833,25.279592658771072,123.45303198534494,123.45303200000002,13.413749557866327,0.1,9.80351834976787,3744.3605227676344,34.0,25.27085900826251,3734.102698667798,5.834144712400243,2.3922600865435006,5.783400000000012,2.427000000000001,101.85170558217656,48.251813230783185,32.55517017694159,0.47374575570413385,0.674693197978566,13.37932600342566,43.80351834976787,33.97510624803078,5.784454388576682,2.4274437064856205,25.278586629585526,3732.4358813257695
2513,251.29999999999,43.778341927015305,34.02507695979827,9.753264967119119,3732.3577107921783,25.27959265877962,123.4530319873309,123.45303200000002,13.413749557649334,0.1,9.797880054775746,3744.3605227676344,34.0,25.27085900826251,3734.102698667798,5.834144712400243,2.3922600865435006,5.783400000000012,2.427000000000001,101.851705581748,48.25181323104674,32.55517017641495,0.47374575570871486,0.6746931979639663,13.40979388790816,43.797880054775746,34.057456824815254,5.783248725936001,2.4251558540478655,25.288191674105036,3732.482844700862
2514,251.39999999999,43.77834192698866,34.02507695982127,9.753264967082716,3732.357710757897,25.27959265878701,123.4530319890477,123.45303200000002,13.413749557461744,0.1,9.832166583807123,3744.3605227676344,34.0,25.27085900826251,3734.102698667798,5.834144712400243,2.3922600865435006,5.783400000000012,2.427000000000001,101.85170558137747,48.251813231274575,32.55517017595967,0.47374575571267524,0.6746931979513451,13.461692324934786,43.83216658380712,34.02025285137028,5.78217188921346,2.4277406844755123,25.277128552116462,3732.284361764039
2515,251.49999999999,43.77834192696562,34.025076959841165,9.753264967051248,3732.3577107282617,25.2795926587934,123.45303199053185,123.45303200000002,13.413749557299576,0.1,9.802630406597316,3744.3605227676344,34.0,25.30357064457462,3740.4211292199243,5.834144712400243,2.3922600865435006,5.783400000000012,2.427000000000001,101.85170558105719,48.25181323147152,32.55517017556608,0.47374575571609867,0.6746931979404343,13.502711448670107,43.802630406597316,33.98477217776776,5.7835463457249,2.4263152698637533,25.37650499747189,3732.5836545954962
2516,251.59999999999,43.7783419269457,34.02507695985836,9.753264967024046,3732.357710702642,25.279592658798926,123.45303199181494,123.45303200000002,13.413749557159386,0.1,9.762195734669255,3744.3605227676344,34.0,25.30357064457462,3740.4211292199243,5.834144712400243,2.3922600865435006,5.783400000000012,2.427000000000001,101.85170558078032,48.25181323164181,32.55517017522585,0.4737457557190584,0.6746931979310019,13.38308225376263,43.762195734669255,33.94847524185051,5.781612714952973,2.4270584339802697,25.264091341023082,3732.321796598163
2517,251.69999999998998,43.778341926928476,34.02507695987323,9.75326496700053,3732.3577106804946,25.279592658803704,123.45303199292414,123.45303200000002,13.413749557038189,0.1,9.724799730660877,3744.3605227676344,34.0,25.30357064457462,3740.4211292199243,5.834144712400243,2.3922600865435006,5.783400000000012,2.427000000000001,101.85170558054097,48.25181323178903,32.555170174931696,0.47374575572161715,0.6746931979228473,13.468390132674548,43.72479973066088,34.03182192932416,5.784116354196219,2.427652071473364,25.174695176208438,3732.322262680073
2518,251.79999999998998,43.77834192691358,34.02507695988609,9.753264966980204,3732.3577106613484,25.279592658807832,123.45303199388306,123.45303200000002,13.41374955693342,0.1,9.75735208635649,3744.3605227676344,34.0,25.30357064457462,3740.4211292199243,5.838681577874487,2.390108026582212,5.783400000000012,2.427000000000001,101.8517055803341,48.251813231916294,32.55517017467742,0.4737457557238289,0.674693197915798,13.37552969086361,43.75735208635649,34.041778036022144,5.783983303838374,2.42709607335409,25.204167745933674,3732.4356088619925
2519,251.89999999998997,43.77834192690071,34.0250769598972,9.753264966962629,3732.3577106447965,25.279592658811403,123.45303199471198,123.45303200000002,13.41374955684285,0.1,9.772635715305213,3744.3605227676344,34.0,25.30357064457462,3740.4211292199243,5.838681577874487,2.390108026582212,5.783400000000012,2.427000000000001,101.85170558015523,48.251813232026294,32.55517017445761,0.47374575572574085,0.6746931979097044,13.429386941446053,43.77263571530521,34.05296371989252,5.783151190209014,2.4268329551524896,25.30993876400341,3732.5063570654347
2520,251.99999999998997,43.77834192688958,34.02507695990681,9.75326496694744,3732.357710630488,25.279592658814487,123.45303199542862,123.45303200000002,13.413749556764548,0.1,9.765708573366872,3744.3605227676344,34.0,25.30357064457462,3740.4211292199243,5.838681577874487,2.390108026582212,5.783400000000012,2.427000000000001,101.85170558000061,48.251813232121414,32.55517017426757,0.4737457557273939,0.6746931979044359,13.486435517868271,43.76570857336687,34.0240888469591,5.7832196121732835,2.4267595791723755,25.252702713755852,3732.2114805171323
2521,252.09999999998996,43.77834192687996,34.02507695991511,9.753264966934303,3732.3577106181183,25.279592658817155,123.45303199604808,123.45303200000002,13.413749556696862,0.1,9.750109980455584,3744.3605227676344,34.0,25.26228670976823,3740.350485539465,5.838681577874487,2.390108026582212,5.783400000000012,2.427000000000001,101.85170557986693,48.25181323220362,32.555170174103296,0.47374575572882277,0.6746931978998819,13.40615498015766,43.75010998045558,33.967310651326684,5.784838064696324,2.4274330206415504,25.105974417949728,3732.370965776996
2522,252.19999999998996,43.77834192687165,34.025076959922295,9.75326496692295,3732.357710607425,25.27959265881946,123.45303199658363,123.45303200000002,13.413749556638349,0.1,9.806296024941823,3744.3605227676344,34.0,25.26228670976823,3740.350485539465,5.838681577874487,2.390108026582212,5.783400000000012,2.427000000000001,101.85170557975137,48.251813232274706,32.55517017396129,0.4737457557300583,0.6746931978959448,13.450661986758254,43.80629602494182,34.02484545812438,5.785003341615528,2.428188985651128,25.322952100956496,3732.362177390948
2523,252.29999999998995,43.77834192686446,34.0250769599285,9.753264966913134,3732.357710598181,25.279592658821453,123.45303199704661,123.45303200000002,13.413749556587762,0.1,9.784692002659419,3744.3605227676344,34.0,25.26228670976823,3740.350485539465,5.838681577874487,2.390108026582212,5.783400000000012,2.427000000000001,101.85170557965145,48.25181323233614,32.55517017383851,0.4737457557311262,0.6746931978925413,13.35441542857546,43.78469200265942,34.03267806052749,5.784422623438974,2.42697003503291,25.341175265942738,3732.479549090792
2524,252.39999999998994,43.778341926858246,34.025076959933855,9.753264966904649,3732.357710590189,25.279592658823177,123.45303199744681,123.45303200000002,13.413749556544031,0.1,9.722765627537584,3744.3605227676344,34.0,25.26228670976823,3740.350485539465,5.841509789320414,2.387944478393609,5.783400000000012,2.427000000000001,101.85170557956509,48.25181323238926,32.55517017373238,0.4737457557320494,0.674693197889599,13.414329053929432,43.722765627537584,34.01708250702808,5.785533851566222,2.4267472723714993,25.28930807501538,3732.4064020391797
2525,252.49999999998994,43.778341926852875,34.025076959938495,9.753264966897312,3732.3577105832806,25.279592658824665,123.45303199779282,123.45303200000002,13.413749556506227,0.1,9.738804385410603,3744.3605227676344,34.0,25.26228670976823,3740.350485539465,5.841509789320414,2.387944478393609,5.783400000000012,2.427000000000001,101.85170557949041,48.251813232435175,32.555170173640626,0.4737457557328476,0.6746931978870554,13.393341956268788,43.7388043854106,34.06392172723903,5.78455481291759,2.42738173317071,25.23878872582487,3732.400983234937
2526,252.59999999998993,43.77834192684823,34.0250769599425,9.75326496689097,3732.3577105773084,25.279592658825955,123.4530319980919,123.45303200000002,13.413749556473546,0.1,9.743968516918677,3744.3605227676344,34.0,25.26228670976823,3740.350485539465,5.841509789320414,2.387944478393609,5.783400000000012,2.427000000000001,101.85170557942587,48.251813232474866,32.55517017356131,0.4737457557335375,0.6746931978848566,13.488812525988518,43.74396851691868,34.07448482465653,5.783532292195341,2.427280614074362,24.996671060306376,3732.278349861849
2527,252.69999999998993,43.778341926844206,34.02507695994597,9.75326496688549,3732.357710572145,25.27959265882707,123.4530319983505,123.45303200000002,13.413749556445294,0.1,9.812394993433031,3744.3605227676344,34.0,25.284757967729494,3742.6145944954396,5.841509789320414,2.387944478393609,5.783400000000012,2.427000000000001,101.8517055793701,48.25181323250918,32.55517017349274,0.47374575573413374,0.6746931978829558,13.433845894484511,43.81239499343303,33.947767986883726,5.78288755388779,2.4257711126527686,25.517389666122828,3732.3481258808984
2528,252.79999999998992,43.778341926840724,34.025076959948976,9.753264966880753,3732.357710567682,25.279592658828033,123.45303199857408,123.45303200000002,13.41374955642087,0.1,9.742601635799232,3744.3605227676344,34.0,25.284757967729494,3742.6145944954396,5.841509789320414,2.387944478393609,5.783400000000012,2.427000000000001,101.85170557932189,48.251813232538865,32.55517017343346,0.4737457557346495,0.6746931978813121,13.329701150646908,43.74260163579923,34.083415176667415,5.783497599798147,2.4264553030202487,25.466339509218642,3732.285548905719
2529,252.89999999998992,43.778341926837726,34.02507695995157,9.753264966876657,3732.3577105638233,25.279592658828864,123.45303199876733,123.45303200000002,13.413749556399756,0.1,9.839705879454286,3744.3605227676344,34.0,25.284757967729494,3742.6145944954396,5.841509789320414,2.387944478393609,5.783400000000012,2.427000000000001,101.85170557928019,48.25181323256452,32.55517017338222,0.47374575573509536,0.6746931978798915,13.350950534656679,43.839705879454286,34.01500017594503,5.783502695016169,2.426987815505489,25.319012292499817,3732.3228665902548
2530,252.9999999999899,43.77834192683514,34.0250769599538,9.753264966873115,3732.3577105604877,25.279592658829582,123.45303199893436,123.45303200000002,13.413749556381502,0.1,9.778960666794362,3744.3605227676344,34.0,25.284757967729494,3742.6145944954396,5.852444504732215,2.385733491263357,5.783400000000012,2.427000000000001,101.85170557924413,48.25181323258669,32.55517017333792,0.4737457557354808,0.6746931978786633,13.391788664080227,43.77896066679436,34.09849156468154,5.784607901137792,2.426850626310377,25.185411430558354,3732.2628828650504
2531,253.0999999999899,43.778341926832894,34.02507695995573,9.753264966870052,3732.357710557604,25.279592658830204,123.45303199907875,123.45303200000002,13.413749556365724,0.1,9.746326342024517,3744.3605227676344,34.0,25.284757967729494,3742.6145944954396,5.852444504732215,2.385733491263357,5.783400000000012,2.427000000000001,101.85170557921296,48.25181323260584,32.55517017329962,0.47374575573581373,0.6746931978776018,13.334756664604031,43.74632634202452,34.02198758089406,5.785364496178917,2.4285167010284145,25.262118968348013,3732.343273421902
2532,253.1999999999899,43.77834192683096,34.02507695995741,9.753264966867405,3732.357710555111,25.27959265883074,123.45303199920359,123.45303200000002,13.413749556352082,0.1,9.746078653785354,3744.3605227676344,34.0,25.284757967729494,3742.6145944954396,5.852444504732215,2.385733491263357,5.783400000000012,2.427000000000001,101.85170557918602,48.25181323262241,32.55517017326652,0.4737457557361017,0.6746931978766841,13.389729601761111,43.746078653785354,34.033345866205124,5.783566261492032,2.427875613019407,25.178329971291397,3732.3554302781527
2533,253.2999999999899,43.778341926829285,34.02507695995885,9.753264966865116,3732.357710552956,25.279592658831206,123.4530319993115,123.45303200000002,13.41374955634029,0.1,9.809739892984531,3744.3605227676344,34.0,25.26216870905416,3743.309305455113,5.852444504732215,2.385733491263357,5.783400000000012,2.427000000000001,101.85170557916271,48.25181323263673,32.5551701732379,0.47374575573635075,0.6746931978758908,13.442304452882448,43.80973989298453,34.028728625990404,5.785283368983255,2.4264914548073913,25.528778744132637,3732.384667246107
2534,253.3999999999899,43.778341926827835,34.0250769599601,9.753264966863139,3732.357710551093,25.279592658831607,123.45303199940483,123.45303200000002,13.413749556330098,0.1,9.804607603465357,3744.3605227676344,34.0,25.26216870905416,3743.309305455113,5.852444504732215,2.385733491263357,5.783400000000012,2.427000000000001,101.8517055791426,48.25181323264911,32.555170173213156,0.47374575573656585,0.6746931978752049,13.405638791458113,43.80460760346536,34.01265918810254,5.783642193565798,2.4284560343422266,25.214763173382206,3732.374930753861
2535,253.49999999998988,43.778341926826585,34.02507695996118,9.753264966861426,3732.3577105494824,25.279592658831955,123.45303199948548,123.45303200000002,13.413749556321283,0.1,9.726939921462723,3744.3605227676344,34.0,25.26216870905416,3743.309305455113,5.852444504732215,2.385733491263357,5.783400000000012,2.427000000000001,101.85170557912517,48.251813232659806,32.55517017319177,0.47374575573675193,0.6746931978746121,13.49463375502885,43.72693992146272,34.04768141545147,5.783397232192318,2.4274425406460574,25.12931345330276,3732.3459658330744
2536,253.59999999998988,43.778341926825505,34.02507695996212,9.75326496685995,3732.35771054809,25.279592658832257,123.45303199955524,123.45303200000002,13.413749556313663,0.1,9.7697629508176,3744.3605227676344,34.0,25.26216870905416,3743.309305455113,5.854360448752193,2.383617138775856,5.783400000000012,2.427000000000001,101.85170557911015,48.25181323266908,32.55517017317327,0.47374575573691285,0.6746931978740991,13.405264140853731,43.7697629508176,34.00897684435195,5.783391303880935,2.4272269427788666,25.3422346803428,3732.4038740733185
2537,253.69999999998987,43.77834192682457,34.02507695996293,9.753264966858675,3732.357710546886,25.279592658832517,123.45303199961555,123.45303200000002,13.413749556307076,0.1,9.78102528110744,3744.3605227676344,34.0,25.26216870905416,3743.309305455113,5.854360448752193,2.383617138775856,5.783400000000012,2.427000000000001,101.85170557909716,48.25181323267708,32.555170173157286,0.4737457557370518,0.6746931978736559,13.424359933620853,43.78102528110744,34.06839072396058,5.783104553718131,2.4260437946194657,25.190283448714535,3732.478465977519
2538,253.79999999998986,43.77834192682376,34.02507695996363,9.75326496685757,3732.3577105458457,25.27959265883274,123.45303199966766,123.45303200000002,13.413749556301381,0.1,9.731618621908432,3744.3605227676344,34.0,25.26216870905416,3743.309305455113,5.854360448752193,2.383617138775856,5.783400000000012,2.427000000000001,101.85170557908592,48.251813232684,32.555170173143466,0.47374575573717204,0.6746931978732728,13.404529988879588,43.73161862190843,34.08586034754685,5.7845142265517495,2.427869765106888,25.233134154013737,3732.517195900642
2539,253.89999999998986,43.77834192682306,34.02507695996424,9.753264966856612,3732.3577105449463,25.279592658832932,123.45303199971269,123.45303200000002,13.41374955629646,0.1,9.73126355552062,3744.3605227676344,34.0,25.25345473386515,3744.4316066562865,5.854360448752193,2.383617138775856,5.783400000000012,2.427000000000001,101.85170557907615,48.25181323268997,32.55517017313152,0.47374575573727606,0.6746931978729418,13.484259737054202,43.73126355552062,33.992176157958085,5.7830253268578975,2.4266071431219975,25.37431198656775,3732.426987915041
2540,253.99999999998985,43.77834192682245,34.02507695996475,9.753264966855784,3732.3577105441686,25.2795926588331,123.4530319997516,123.45303200000002,13.413749556292204,0.1,9.737309973655961,3744.3605227676344,34.0,25.25345473386515,3744.4316066562865,5.854360448752193,2.383617138775856,5.783400000000012,2.427000000000001,101.85170557906774,48.25181323269513,32.55517017312119,0.4737457557373658,0.6746931978726555,13.36790306524201,43.73730997365596,34.01210367592276,5.783725787938782,2.4286488463039326,25.151731434728983,3732.3904607716813
2541,254.09999999998985,43.77834192682194,34.025076959965205,9.75326496685507,3732.3577105434965,25.279592658833245,123.45303199978525,123.45303200000002,13.413749556288527,0.1,9.731111045616075,3744.3605227676344,34.0,25.25345473386515,3744.4316066562865,5.854360448752193,2.383617138775856,5.783400000000012,2.427000000000001,101.85170557906046,48.25181323269959,32.555170173112266,0.4737457557374435,0.6746931978724081,13.468381886118827,43.731111045616075,34.085839306146426,5.783635368717526,2.428009156306593,25.162488775985164,3732.201046089098
2542,254.19999999998984,43.77834192682148,34.02507695996559,9.753264966854454,3732.3577105429154,25.27959265883337,123.45303199981437,123.45303200000002,13.413749556285348,0.1,9.817545377860775,3744.3605227676344,34.0,25.25345473386515,3744.4316066562865,5.863457908853728,2.381446126777605,5.783400000000012,2.427000000000001,101.85170557905418,48.251813232703455,32.55517017310455,0.47374575573751065,0.6746931978721942,13.38929135595579,43.817545377860775,34.03392765143421,5.78159958114498,2.428318650679978,25.302060649476207,3732.347332188785
2543,254.29999999998984,43.7783419268211,34.02507695996593,9.75326496685392,3732.357710542413,25.27959265883348,123.45303199983951,123.45303200000002,13.413749556282598,0.1,9.802370734678611,3744.3605227676344,34.0,25.25345473386515,3744.4316066562865,5.863457908853728,2.381446126777605,5.783400000000012,2.427000000000001,101.85170557904875,48.251813232706795,32.55517017309788,0.4737457557375687,0.6746931978720092,13.387369046986551,43.80237073467861,34.093813821741676,5.783042985077085,2.427176990255187,25.22845617564438,3732.3094762336673
2544,254.39999999998983,43.778341926820744,34.02507695996623,9.753264966853461,3732.3577105419786,25.279592658833575,123.4530319998613,123.45303200000002,13.413749556280221,0.1,9.775995916622009,3744.3605227676344,34.0,25.25345473386515,3744.4316066562865,5.863457908853728,2.381446126777605,5.783400000000012,2.427000000000001,101.85170557904411,48.251813232709694,32.55517017309211,0.4737457557376188,0.6746931978718491,13.39420413672526,43.77599591662201,33.971208212774265,5.782756885450896,2.4256300149604852,25.243672988605866,3732.3884054338573
2545,254.49999999998983,43.778341926820445,34.02507695996648,9.753264966853065,3732.3577105416034,25.279592658833653,123.45303199988014,123.45303200000002,13.413749556278168,0.1,9.740416554872603,3744.3605227676344,34.0,25.221763712922545,3741.7976856290006,5.863457908853728,2.381446126777605,5.783400000000012,2.427000000000001,101.85170557904006,48.25181323271221,32.55517017308713,0.4737457557376623,0.6746931978717107,13.470781203273585,43.7404165548726,34.095787906315316,5.784130916500649,2.4255252791410062,25.188199724781228,3732.3154288867413
2546,254.59999999998982,43.778341926820204,34.02507695996669,9.753264966852717,3732.357710541279,25.27959265883372,123.45303199989634,123.45303200000002,13.413749556276391,0.1,9.706396616014558,3744.3605227676344,34.0,25.221763712922545,3741.7976856290006,5.863457908853728,2.381446126777605,5.783400000000012,2.427000000000001,101.8517055790365,48.25181323271435,32.555170173082814,0.47374575573769984,0.6746931978715914,13.422403511700994,43.70639661601456,34.0502152420563,5.782521202964067,2.426808824311559,25.22667479636974,3732.4426910536945
2547,254.6999999999898,43.77834192681999,34.025076959966874,9.753264966852417,3732.3577105409986,25.27959265883378,123.45303199991034,123.45303200000002,13.413749556274857,0.1,9.785796150287013,3744.3605227676344,34.0,25.221763712922545,3741.7976856290006,5.863457908853728,2.381446126777605,5.783400000000012,2.427000000000001,101.85170557903345,48.251813232716195,32.55517017307909,0.4737457557377322,0.6746931978714884,13.404831784449822,43.78579615028701,34.086130605930336,5.783345058914989,2.425879280986122,25.398710769606822,3732.2368134344874
2548,254.7999999999898,43.778341926819806,34.02507695996704,9.753264966852159,3732.3577105407558,25.279592658833835,123.45303199992247,123.45303200000002,13.413749556273531,0.1,9.767058536747037,3744.3605227676344,34.0,25.221763712922545,3741.7976856290006,5.869727368293993,2.3792979953439546,5.783400000000012,2.427000000000001,101.85170557903083,48.251813232717794,32.55517017307587,0.47374575573776007,0.6746931978713994,13.38071444030421,43.76705853674704,33.97287692197921,5.783666232899383,2.424867075493261,25.219900201581975,3732.394478393594
2549,254.8999999999898,43.778341926819635,34.02507695996718,9.753264966851937,3732.357710540546,25.27959265883388,123.453031999933,123.45303200000002,13.41374955627238,0.1,9.754550933152345,3744.3605227676344,34.0,25.221763712922545,3741.7976856290006,5.869727368293993,2.3792979953439546,5.783400000000012,2.427000000000001,101.85170557902856,48.2518132327192,32.55517017307308,0.47374575573778444,0.6746931978713218,13.337664978612667,43.754550933152345,34.06018981335002,5.7831672825715,2.4277738057884983,25.309137303235108,3732.4045167254626
2550,254.9999999999898,43.77834192681949,34.0250769599673,9.753264966851745,3732.3577105403647,25.27959265883392,123.4530319999421,123.45303200000002,13.413749556271389,0.1,9.77568942626634,3744.3605227676344,34.0,25.221763712922545,3741.7976856290006,5.869727368293993,2.3792979953439546,5.783400000000012,2.427000000000001,101.85170557902663,48.25181323272041,32.55517017307067,0.4737457557378053,0.674693197871255,13.398807766668263,43.77568942626634,34.02908713109989,5.785065137224714,2.4267093176160124,25.228028292387666,3732.349990907546
2551,255.0999999999898,43.77834192681938,34.025076959967414,9.753264966851578,3732.357710540208,25.279592658833955,123.45303199994996,123.45303200000002,13.413749556270533,0.1,9.768371726346729,3744.3605227676344,34.0,25.22868641231609,3738.6016407098223,5.869727368293993,2.3792979953439546,5.783400000000012,2.427000000000001,101.85170557902494,48.25181323272145,32.555170173068596,0.4737457557378234,0.6746931978711974,13.428146845722528,43.76837172634673,34.05205236891342,5.78512228647521,2.427321728247342,25.35321087952406,3732.223137511241
2552,255.19999999998979,43.778341926819266,34.0250769599675,9.753264966851436,3732.3577105400723,25.279592658833984,123.45303199995678,123.45303200000002,13.41374955626979,0.1,9.809697609180297,3744.3605227676344,34.0,25.22868641231609,3738.6016407098223,5.869727368293993,2.3792979953439546,5.783400000000012,2.427000000000001,101.85170557902349,48.25181323272236,32.55517017306679,0.47374575573783906,0.6746931978711472,13.506945147682611,43.8096976091803,34.010182317268026,5.7851602033272265,2.425169086144699,25.104328704228386,3732.1625107228538
2553,255.29999999998978,43.77834192681918,34.025076959967585,9.753264966851312,3732.3577105399554,25.27959265883401,123.45303199996263,123.45303200000002,13.413749556269147,0.1,9.786998259568271,3744.3605227676344,34.0,25.22868641231609,3738.6016407098223,5.869727368293993,2.3792979953439546,5.783400000000012,2.427000000000001,101.85170557902221,48.251813232723144,32.555170173065235,0.4737457557378527,0.674693197871104,13.42544950555753,43.78699825956827,33.99338672900255,5.780940713607438,2.425814702714789,25.4310064514737,3732.350642628387
2554,255.39999999998977,43.778341926819095,34.02507695996765,9.753264966851205,3732.3577105398545,25.27959265883403,123.45303199996769,123.45303200000002,13.413749556268597,0.1,9.746163450519674,3744.3605227676344,34.0,25.22868641231609,3738.6016407098223,5.874721354674183,2.37712348331265,5.783400000000012,2.427000000000001,101.85170557902114,48.25181323272382,32.5551701730639,0.47374575573786426,0.674693197871067,13.390365288072715,43.746163450519674,33.997222387509154,5.782461729644881,2.4260184984972857,25.257171659396732,3732.3757625154044
2555,255.49999999998977,43.77834192681904,34.025076959967706,9.75326496685111,3732.357710539767,25.279592658834048,123.45303199997204,123.45303200000002,13.413749556268117,0.1,9.829620386716051,3744.3605227676344,34.0,25.22868641231609,3738.6016407098223,5.874721354674183,2.37712348331265,5.783400000000012,2.427000000000001,101.85170557902018,48.25181323272438,32.555170173062734,0.4737457557378743,0.674693197871035,13.411989471326796,43.82962038671605,33.997606658299695,5.783464867081304,2.4286408651502684,25.226070818505974,3732.4475089243324
2556,255.59999999998976,43.77834192681898,34.02507695996775,9.75326496685103,3732.3577105396917,25.279592658834066,123.4530319999758,123.45303200000002,13.413749556267705,0.1,9.78298549874092,3744.3605227676344,34.0,25.22868641231609,3738.6016407098223,5.874721354674183,2.37712348331265,5.783400000000012,2.427000000000001,101.85170557901934,48.251813232724885,32.55517017306173,0.47374575573788313,0.6746931978710071,13.329007387562543,43.78298549874092,33.992383941336406,5.781384219503416,2.426797005723024,25.237815781003206,3732.489959633819
2557,255.69999999998976,43.778341926818925,34.0250769599678,9.753264966850962,3732.357710539626,25.27959265883408,123.4530319999791,123.45303200000002,13.413749556267346,0.1,9.787168544079137,3744.3605227676344,34.0,25.24416266618539,3735.785815958848,5.874721354674183,2.37712348331265,5.783400000000012,2.427000000000001,101.85170557901866,48.25181323272532,32.55517017306086,0.4737457557378906,0.674693197870983,13.385021104156593,43.78716854407914,34.016493979236884,5.781475475812244,2.428653697380201,25.320418455016405,3732.357351512752
2558,255.79999999998975,43.77834192681888,34.02507695996784,9.753264966850901,3732.35771053957,25.27959265883409,123.45303199998195,123.45303200000002,13.413749556267037,0.1,9.786563071257625,3744.3605227676344,34.0,25.24416266618539,3735.785815958848,5.874721354674183,2.37712348331265,5.783400000000012,2.427000000000001,101.85170557901803,48.2518132327257,32.55517017306011,0.47374575573789723,0.6746931978709622,13.444821303925504,43.786563071257625,34.051989207467216,5.784149345782607,2.4251451374761426,25.202783436659637,3732.341718348073
2559,255.89999999998975,43.77834192681884,34.02507695996787,9.753264966850848,3732.3577105395207,25.2795926588341,123.45303199998436,123.45303200000002,13.41374955626677,0.1,9.756133361378957,3744.3605227676344,34.0,25.24416266618539,3735.785815958848,5.874721354674183,2.37712348331265,5.783400000000012,2.427000000000001,101.85170557901748,48.251813232726015,32.555170173059466,0.4737457557379029,0.6746931978709444,13.455961137836551,43.75613336137896,34.02168970783327,5.783277576880616,2.4271047011798594,25.259898510448064,3732.2799098158844
2560,255.99999999998974,43.77834192681881,34.0250769599679,9.753264966850804,3732.3577105394784,25.27959265883411,123.45303199998648,123.45303200000002,13.41374955626654,0.1,9.784130015834513,3744.3605227676344,34.0,25.24416266618539,3735.785815958848,5.880123606588207,2.3749439656400053,5.783400000000012,2.427000000000001,101.85170557901704,48.2518132327263,32.555170173058904,0.4737457557379077,0.6746931978709287,13.375038348324107,43.78413001583451,34.04856697856824,5.782037234177241,2.4272523223114573,25.367398292079564,3732.304884039712
2561,256.09999999998973,43.77834192681878,34.025076959967926,9.753264966850766,3732.3577105394415,25.27959265883412,123.45303199998834,123.45303200000002,13.413749556266337,0.1,9.736362431005325,3744.3605227676344,34.0,25.24416266618539,3735.785815958848,5.880123606588207,2.3749439656400053,5.783400000000012,2.407000000000001,101.85170557901665,48.25181323272655,32.28689518193308,0.47374575573791194,0.6691333033684765,13.37221491618632,43.736362431005325,34.058956659873694,5.784546629593584,2.405854356348813,25.37812236407818,3732.4152763734337
2562,256.19999999998976,43.778341926818754,34.02507695996795,9.753264966850733,3732.3577105394097,25.279592658834126,123.45303199998992,122.52071200000002,13.437722248419053,0.1,9.773689475686098,3744.3605227676344,34.0,25.265642689165013,3741.0196038391164,5.880123606588207,2.3749439656400053,5.783400000000012,2.407000000000001,101.85170557901631,48.251813232726754,32.34459745194467,0.47374575573791555,0.670329160397375,13.514990169928938,43.7736894756861,34.017700555198914,5.7850027141083995,2.4063440808592276,25.1047814028172,3732.377072543735
2563,256.2999999999898,43.77834192681874,34.02507695996796,9.753264966850702,3734.8804460289357,25.279592658834133,123.4530319999913,122.52071200000002,13.437722248418904,0.1,9.826887316255174,3744.3605227676344,34.0,25.265642689165013,3741.0196038391164,5.880123606588207,2.3749439656400053,5.783400000000012,2.407000000000001,101.85170557901601,48.284427084645195,32.34459745194432,0.4740659649257066,0.6698763846828398,13.505500921388105,43.826887316255174,34.02242188777686,5.78307022266269,2.406155582439346,25.183565300409683,3734.9668066819004
2564,256.3999999999898,43.77834192681871,34.02507695996798,9.756191359853615,3737.4031815184658,25.27959265883414,123.3529881397303,122.52071200000002,13.449656133739442,0.1,9.811866475215595,3744.3605227676344,34.0,25.265642689165013,3741.0196038391164,5.880123606588207,2.3749439656400053,5.783400000000012,2.407000000000001,101.88388540971707,48.277885775986114,32.37332231391085,0.4738520285307225,0.6705621382039404,13.492665646064173,43.811866475215595,34.03020499872829,5.780656703769343,2.4074502822659016,25.33095881941009,3737.5098161151327
2565,256.4999999999898,43.77834192681868,34.025076959968,9.759121497701278,3739.6552114596943,25.279371783012678,123.25298350303544,122.52071200000002,13.46159001906,0.1,9.828456586277142,3744.3605227676344,34.0,25.265642689165013,3741.0196038391164,5.885687724866492,2.3757935300661845,5.783400000000012,2.407000000000001,101.91521594692699,48.267812967252596,32.402047175877435,0.4736075228686987,0.6712971892441175,13.444635838794168,43.82845658627714,34.0523767431333,5.783451267767164,2.4068443858638706,25.28924414930913,3739.6273906115507
2566,256.59999999998985,43.77903052927968,34.024482527101284,9.76149354779824,3741.6366419864407,25.278929748719516,123.16003464750715,122.52071200000002,13.472243322653906,0.1,9.756774414026935,3744.3605227676344,34.0,25.265642689165013,3741.0196038391164,5.885687724866492,2.3757935300661845,5.783400000000012,2.407000000000001,101.93951722297267,48.25696781037595,32.42768967762797,0.4733882318161593,0.6719794290650716,13.55575174721795,43.756774414026935,34.039112007681794,5.7841619426122675,2.4070141517986636,25.22388112465638,3741.713922722427
2567,256.69999999998987,43.78040861539205,34.02329291628228,9.76330683543223,3743.3665651159904,25.27840551868863,123.07413637373773,122.52071200000002,13.481616546590772,0.1,9.758205128215032,3744.3605227676344,34.0,25.235146149397494,3741.3640750900586,5.885687724866492,2.3757935300661845,5.840100000000012,2.407000000000001,101.95734194527716,48.24560662451674,32.450251027644,0.47319404080199795,0.6726053064312371,13.433510152404248,43.75820512821503,34.01652065861523,5.840469560351311,2.407896404180637,25.300053842753254,3743.227186945162
2568,256.7999999999899,43.78204295493633,34.02188212574566,9.855409192414456,3744.864058796714,25.27793822932604,123.9826218576274,122.52071200000002,13.489800006302303,0.1,9.792634180188266,3744.3605227676344,34.0,25.235146149397494,3741.3640750900586,5.885687724866492,2.3757935300661845,5.840100000000012,2.407000000000001,102.96818661009105,48.62117956246272,32.469948615169656,0.47219613322487863,0.6678149092095991,13.478359362305753,43.792634180188266,34.029939804218024,5.841577788278178,2.4049200244516307,25.28208159251763,3744.993202622314
2569,256.8999999999899,43.78349977625314,34.02062459671691,9.856651064746663,3748.8197948962984,25.27074915374759,123.91552231038231,122.52071200000002,13.496883950666739,0.1,9.808522126298413,3744.3605227676344,34.0,25.235146149397494,3741.3640750900586,5.885687724866492,2.3757935300661845,5.840100000000012,2.407000000000001,102.95255370156444,48.646196946690985,32.48699966925485,0.47251083336606703,0.6678219821552707,13.477821791099155,43.80852212629841,34.0374336758772,5.839342865755503,2.4078103263995465,25.33465340026086,3748.8151424563803
2570,256.99999999998994,43.80591243827652,34.00128090339871,9.853695668992158,3752.59396843242,25.263671216621997,123.64569766436813,122.52071200000002,13.515596693705696,0.1,9.76159835778195,3744.3605227676344,34.0,25.235146149397494,3741.3640750900586,5.888192490738103,2.3799361703038087,5.840100000000012,2.407000000000001,102.89124003088483,48.58913895832012,32.532041241749624,0.4722378595469851,0.6695331907333383,13.49993612923164,43.76159835778195,34.006431396230674,5.8404613175036575,2.40791080832945,25.423020044127895,3752.492279375292
2571,257.09999999998996,43.827978615059266,33.98224162627202,9.850794124827257,3755.6380319092736,25.259967995312984,123.38904239215856,122.52071200000002,13.53345054891441,0.1,9.811399977637542,3744.3605227676344,34.0,25.235146149397494,3741.3640750900586,5.888192490738103,2.3799361703038087,5.840100000000012,2.407000000000001,102.8442761247808,48.52761411791565,32.575015471236995,0.4718552742695876,0.6712676084194875,13.45908527474278,43.81139997763754,33.98406647083606,5.840484249791983,2.406686207339242,25.23227651198551,3755.6450102760136
2572,257.19999999999,43.839523777812246,33.972282281703094,9.85057660681728,3757.987619922999,25.25958629706672,123.21387560852081,122.52071200000002,13.547850593862456,0.1,9.865410246699042,3744.3605227676344,34.0,25.302756970745893,3752.7615048332596,5.888192490738103,2.3799361703038087,5.840100000000012,2.407000000000001,102.84033204056642,48.489039424420355,32.60967637942694,0.4714982775949552,0.6725164442627389,13.631906802228054,43.86541024669904,33.96295574932624,5.840306409585998,2.4082088100978267,25.27739163882115,3758.0479133540734
2573,257.29999999999,43.840713760264805,33.971255835621676,9.852946584715257,3759.863229622761,25.26084411551704,123.11528172097618,122.52071200000002,13.558965399208766,0.1,9.85083844251806,3744.3605227676344,34.0,25.302756970745893,3752.7615048332596,5.888192490738103,2.3799361703038087,5.840100000000012,2.407000000000001,102.87149497680161,48.474420714989954,32.63642971589551,0.47121333976842994,0.673271165173578,13.604578263119116,43.85083844251806,33.99045409257922,5.838935393273901,2.4071412241771384,25.229435156078583,3759.7062583491706
2574,257.39999999999003,43.83679238546409,33.97463836415648,9.856432883015929,3761.472057209985,25.262090344498045,123.05945265962117,122.52071200000002,13.567838034154438,0.1,9.845774727508967,3744.3605227676344,34.0,25.302756970745893,3752.7615048332596,5.888192490738103,2.3799361703038087,5.840100000000012,2.407000000000001,102.9148803209151,48.47317159758061,32.657786148209745,0.47100255518374773,0.6737290973929124,13.517756545598582,43.84577472750897,33.97599737977119,5.840481366439521,2.406752246178737,25.36925271033373,3761.4285302175003
2575,257.49999999999005,43.832907141992905,33.97798989237174,9.859597386333148,3762.9298186885458,25.262522159745902,123.01413426505844,122.52071200000002,13.575448647318666,0.1,9.804633390858214,3744.3605227676344,34.0,25.302756970745893,3752.7615048332596,5.8827057649715595,2.385338652929503,5.840100000000012,2.407000000000001,102.95141417940967,48.47409956031957,32.67610489409604,0.4708444264383346,0.6740941077912128,13.54674911199592,43.804633390858214,33.955033422416626,5.83941356978432,2.405747571488445,25.089683273312964,3762.9073135985577
2576,257.5999999999901,43.831560914776176,33.97915122714807,9.861754921300722,3764.264954542543,25.262168916336766,122.9628813638558,122.52071200000002,13.582344637160674,0.1,9.798914373923125,3744.3605227676344,34.0,25.302756970745893,3752.7615048332596,5.8827057649715595,2.385338652929503,5.840100000000012,2.407000000000001,102.97368341635287,48.47109526379151,32.692703541645756,0.4707134255633901,0.6744783331947442,13.73218297623567,43.798914373923125,33.962355462291946,5.840346088573352,2.4073440549020297,25.212233911101134,3764.3331803133556
2577,257.6999999999901,43.83266218642851,33.9782012039714,9.862967459276357,3765.461406776317,25.261463564676152,122.90493591317748,122.52071200000002,13.58866054234974,0.1,9.85492968851078,3744.3605227676344,34.0,25.30564363908614,3767.0697942791644,5.8827057649715595,2.385338652929503,5.840100000000012,2.407000000000001,102.98413226926145,48.463652606268965,32.70790592543584,0.47059339665606253,0.6748956004443821,13.696095174866144,43.85492968851078,33.93768060696734,5.8405297821688364,2.40730991666093,25.382690195059645,3765.637474578967
2578,257.7999999999901,43.834861190765636,33.97630425029019,9.863658806511244,3766.501066229839,25.26082151999748,122.84732952070584,122.52071200000002,13.594320399995791,0.1,9.898158264296725,3744.3605227676344,34.0,25.30564363908614,3767.0697942791644,5.8827057649715595,2.385338652929503,5.840100000000012,2.407000000000001,102.98911152309132,48.4543121004779,32.72152920278988,0.4704799505879211,0.6753068567960776,13.537402623578375,43.898158264296725,34.01224692967207,5.839568731908968,2.4061163079411414,25.26346039409514,3766.5078574422096
2579,257.89999999999014,43.836862829255864,33.97457759874288,9.8642314954343,3767.3848503500926,25.260436445658343,122.79689032028939,122.52071200000002,13.599238544106523,0.1,9.809288269150613,3744.3605227676344,34.0,25.30564363908614,3767.0697942791644,5.8827057649715595,2.385338652929503,5.840100000000012,2.407000000000001,102.99383431642407,48.4457823245259,32.73336717566441,0.4703755583629186,0.6756701121346738,13.533792820225061,43.80928826915061,33.95761314896823,5.839761295099822,2.4068306550988723,25.33542889645214,3767.387281211956
2580,257.99999999999017,43.838063337015555,33.97354203890043,9.864883101309108,3768.1321526175966,25.260289547117083,122.75639455113428,122.52071200000002,13.603419314695834,0.1,9.826658762991883,3744.3605227676344,34.0,25.30564363908614,3767.0697942791644,5.876829043207941,2.3902324292080417,5.840100000000012,2.407000000000001,103.00039522717111,48.439412534394734,32.74343029047289,0.47028375403375733,0.6759667092829251,13.635746042035988,43.82665876299188,33.94462327453157,5.840848624720638,2.406274940509836,25.199761916925993,3768.1941665662325
2581,258.0999999999902,43.83852130790778,33.97314699666317,9.865616581619422,3768.7698786515925,25.260262239240937,122.72477777258219,122.52071200000002,13.606954453277424,0.1,9.843721101481215,3744.3605227676344,34.0,25.30564363908614,3767.0697942791644,5.876829043207941,2.3902324292080417,5.840100000000012,2.407000000000001,103.00834336367448,48.435132489931796,32.75193936903877,0.470205916417177,0.6762021219999123,13.667253411031894,43.843721101481215,33.982230758049674,5.8388879492610855,2.405417510920883,25.29276711625108,3768.628122380137
2582,258.1999999999902,43.838606442942464,33.973073560077644,9.8663426323999,3769.32205383468,25.260243953362043,122.6992361087041,122.52071200000002,13.609971237790596,0.1,9.80179539806371,3744.3605227676344,34.0,25.25010715218889,3771.863165831959,5.876829043207941,2.3902324292080417,5.840100000000012,2.407000000000001,103.01624664060255,48.43214701555434,32.759200769361975,0.4701408621935312,0.6763937340799927,13.644381951082208,43.80179539806371,33.97086995357483,5.840008001348661,2.408420701797838,25.545684809933586,3769.0824886736123
2583,258.29999999999023,43.838663450998496,33.973024385572444,9.866976970000064,3769.805116629395,25.26018283576999,122.67720424807105,122.52071200000002,13.612583321118066,0.1,9.842152224760227,3744.3605227676344,34.0,25.25010715218889,3771.863165831959,5.876829043207941,2.3902324292080417,5.840100000000012,2.407000000000001,103.02296747448742,48.4296563205802,32.7654880539312,0.4700860158447029,0.6765583434464203,13.588412428635191,43.84215222476023,33.927255971207,5.8412614125514795,2.4084902323513093,25.077790465776456,3769.709082490122
2584,258.39999999999026,43.83885399120349,33.97286002800222,9.867486185536498,3770.2285641024177,25.26008185453762,122.65727539790225,122.52071200000002,13.614868465961305,0.1,9.839475320827958,3744.3605227676344,34.0,25.25010715218889,3771.863165831959,5.876829043207941,2.3902324292080417,5.840100000000012,2.407000000000001,103.02815084870242,48.42722797753047,32.77098839756887,0.4700387959854409,0.6767058484696694,13.608003519743622,43.83947532082796,34.017489664729446,5.840835369566373,2.409058462286437,25.356100321295603,3770.034701226339
2585,258.4999999999903,43.839168810293515,33.97258846990938,9.867884482651371,3770.598086723902,25.2599692258395,122.63911763436893,122.52071200000002,13.616871598514564,0.1,9.868933286404747,3744.3605227676344,34.0,25.25010715218889,3771.863165831959,5.872955080503222,2.3946800309336496,5.840100000000012,2.407000000000001,103.03206791100465,48.424804658676024,32.775809937624565,0.4699974060552061,0.676839280378022,13.596046796344247,43.86893328640475,33.95882241840663,5.840399098398925,2.4082828065606017,25.227743938100758,3770.41302505308
2586,258.5999999999903,43.83951994152278,33.97228559080579,9.868207257240023,3770.918476821707,25.259870792890034,122.6229177236714,122.52071200000002,13.618619637738828,0.1,9.840653154847232,3744.3605227676344,34.0,25.25010715218889,3771.863165831959,5.872955080503222,2.3946800309336496,5.840100000000012,2.407000000000001,103.03521301020467,48.42252216766127,32.78001746803737,0.4699609070819844,0.6769580765441693,13.519728391809911,43.84065315484723,33.93812787436198,5.84025057325939,2.406044638544494,25.270473678093694,3770.8809250080226
2587,258.6999999999903,43.83982681608603,33.972020887764344,9.868486421462709,3771.1950320885053,25.259797360672533,122.6088628230987,122.52071200000002,13.620135253902678,0.1,9.898804023314838,3744.3605227676344,34.0,25.25951715241956,3772.420392786931,5.872955080503222,2.3946800309336496,5.840100000000012,2.407000000000001,103.03798088131317,48.42052288349444,32.78366555614376,0.46992887932527333,0.6770613699283086,13.56535605159222,43.89880402331484,33.942647191788566,5.840385370795444,2.406171124917677,25.42673100127383,3771.227941410507
2588,258.79999999999035,43.84005574836732,33.971823416640184,9.868739190722794,3771.433556640016,25.259745998985508,122.59690070845849,122.52071200000002,13.621443507919977,0.1,9.827850828565765,3744.3605227676344,34.0,25.25951715241956,3772.420392786931,5.872955080503222,2.3946800309336496,5.840100000000012,2.407000000000001,103.04054874373561,48.41886107559204,32.7868145235634,0.46990104057006665,0.6771496436559356,13.74582217714031,43.827850828565765,33.99165279622384,5.838484157472552,2.4060576394015194,25.300128617708882,3771.473831261367
2589,258.89999999999037,43.840215873562784,33.97168529708766,9.86896942334225,3771.6397132801517,25.259707742709978,122.58675921970674,122.52071200000002,13.622571856355904,0.1,9.84187581600274,3744.3605227676344,34.0,25.25951715241956,3772.420392786931,5.872955080503222,2.3946800309336496,5.840100000000012,2.407000000000001,103.0429224291072,48.417502244974955,32.78953045824868,0.4698770289467077,0.6772247418370649,13.579368518522243,43.84187581600274,33.9405440138233,5.83898684934609,2.406085106619159,25.24138893064124,3771.7624430272595
2590,258.9999999999904,43.84033514132737,33.97158242020432,9.869174687212134,3771.8184283834858,25.25967461979649,122.57808416355935,122.52071200000002,13.62354708729536,0.1,9.905446132947532,3744.3605227676344,34.0,25.25951715241956,3772.420392786931,5.866392893008055,2.3991222631603946,5.840100000000012,2.407000000000001,103.04504269766831,48.41636994887404,32.79187783911995,0.46985637233347083,0.6772890630534053,13.557660470414437,43.90544613294753,33.963555479518355,5.838407394968904,2.407757552287919,25.142964407915066,3771.696557383635
2591,259.0999999999904,43.84043840532247,33.97149334783005,9.8693526972834,3771.9736699240766,25.259642770996116,122.57056506859509,122.52071200000002,13.62439250511942,0.1,9.821919160631538,3744.3605227676344,34.0,25.25951715241956,3772.420392786931,5.866392893008055,2.3991222631603946,5.840100000000012,2.407000000000001,103.04686870052277,48.4153926394456,32.793912759822454,0.46983856229684723,0.6773447652080835,13.626583060696296,43.82191916063154,33.97173600020436,5.841196091090236,2.4069992490099454,25.3203451120763,3772.0140331398416
2592,259.19999999999044,43.84053769714251,33.97140770184304,9.869504220059058,3772.108565781087,25.259612003503985,122.56398925494356,122.52071200000002,13.625126880463203,0.1,9.854021611362171,3744.3605227676344,34.0,25.252025629676506,3775.811414205336,5.866392893008055,2.3991222631603946,5.840100000000012,2.407000000000001,103.04840807466074,48.41452656292371,32.79568040127494,0.469823139119688,0.6773933926349737,13.64867896483386,43.85402161136217,33.976634069589394,5.842272134145827,2.4070942113844116,25.344422912533123,3772.061380308658
2593,259.29999999999046,43.84063361787598,33.97132496375136,9.869632757071614,3772.225668349879,25.259583758083394,122.55823059450445,122.52071200000002,13.625765009864587,0.1,9.787525259876269,3744.3605227676344,34.0,25.252025629676506,3775.811414205336,5.866392893008055,2.3991222631603946,5.840100000000012,2.407000000000001,103.04970517296249,48.41375473552615,32.797216378744075,0.4698097355471972,0.6774359179102749,13.718842705648337,43.78752525987627,33.93720600382228,5.842544968387789,2.4078119993704474,25.246011000079175,3772.206655694616
2594,259.3999999999905,43.840721675799216,33.971249007951684,9.869742790409072,3772.327188739739,25.259559295714674,122.55320944434786,122.52071200000002,13.626318967515918,0.1,9.83356121008621,3744.3605227676344,34.0,25.252025629676506,3775.811414205336,5.866392893008055,2.3991222631603946,5.840100000000012,2.407000000000001,103.05081438892626,48.413074134411886,32.79854975481083,0.4697980741005605,0.6774729830985409,13.575226352514674,43.83356121008621,33.971470067080766,5.841682191318027,2.4076869539679,25.185808041269222,3772.3102725433114
2595,259.4999999999905,43.840797939679945,33.97118322536461,9.869838216451152,3772.4151225566434,25.25953890763193,122.54885700635853,122.52071200000002,13.626799213144249,0.1,9.796352181110713,3744.3605227676344,34.0,25.252025629676506,3775.811414205336,5.862771768743822,2.4035401854671754,5.840100000000012,2.407000000000001,103.05177972405616,48.412483239433016,32.79970570603822,0.4697879393162166,0.6775051290763401,13.601629338667161,43.79635218111071,33.99290259834024,5.840888362941948,2.406404542363772,25.399783540026036,3772.494538443708
2596,259.59999999999053,43.84086150156669,33.971128399127096,9.869921691871102,3772.491279247902,25.259522038326338,122.54509887330124,122.52071200000002,13.627215187030966,0.1,9.83127576366234,3744.3605227676344,34.0,25.252025629676506,3775.811414205336,5.862771768743822,2.4035401854671754,5.840100000000012,2.407000000000001,103.05262810359582,48.41197591319502,32.80070695518355,0.46977914881052685,0.6775329107408625,13.646262554132655,43.83127576366234,33.95813633605125,5.838416888050786,2.407254647911218,25.222796702883755,3772.306394005607
2597,259.69999999999055,43.84091409331381,33.97108303537785,9.869994793327274,3772.5572669246185,25.25950780413238,122.54185566507407,122.52071200000002,13.627575448827592,0.1,9.832067406013792,3744.3605227676344,34.0,25.23351003940732,3776.0882852720943,5.862771768743822,2.4035401854671754,5.840100000000012,2.407000000000001,103.05337324684058,48.41154146000194,32.80157410532803,0.4697715361926413,0.6775569030874381,13.631532967137527,43.83206740601379,33.992528212313296,5.841321267259925,2.406411747171651,25.372979472070583,3772.6016487415563
2598,259.7999999999906,43.840958469836906,33.97104475780891,9.870058526314176,3772.614478905764,25.259495445850693,122.53905117182137,122.52071200000002,13.627887605757945,0.1,9.844629947222437,3744.3605227676344,34.0,25.23351003940732,3776.0882852720943,5.862771768743822,2.4035401854671754,5.840100000000012,2.407000000000001,103.05402310488759,48.41116767231201,32.80232546705938,0.4697649467118765,0.6775776549967446,13.630807674602531,43.84462994722244,33.93295764075771,5.840571149245057,2.407931229302292,25.26624242070746,3772.684450324789
2599,259.8999999999906,43.84099699801588,33.971011524825606,9.870113768945702,3772.664102296448,25.25948451568021,122.53661946603548,122.52071200000002,13.62815824896441,0.1,9.796871376222384,3744.3605227676344,34.0,25.23351003940732,3776.0882852720943,5.862771768743822,2.4035401854671754,5.840100000000012,2.407000000000001,103.05458549951227,48.410843752546384,32.80297690525735,0.4697592399008339,0.6775956451602216,13.727341132835274,43.796871376222384,33.94846067732118,5.841932200898465,2.409720586058848,25.121111388426414,3772.7222696549
2600,259.9999999999906,43.84103107391539,33.97098213222759,9.870161471864664,3772.7071458106025,25.25947483228145,122.5345072801321,122.52071200000002,13.62839299408775,0.1,9.812620017361724,3744.3605227676344,34.0,25.23351003940732,3776.0882852720943,5.855033611395586,2.4078377418320627,5.840100000000012,2.407000000000001,103.05507013644285,48.41056161112274,32.80354193676923,0.4697542929913892,0.6776112659108738,13.566231642449878,43.81262001736172,33.951440576811144,5.8404738233429985,2.407567409835341,25.178718618358815,3772.6986467616352
2601,260.09999999999064,43.84106126287935,33.9709560923656,9.870202645395146,3772.7444740270707,25.259466338823728,122.53267225337757,122.52071200000002,13.62859661288324,0.1,9.805088074828717,3744.3605227676344,34.0,25.23351003940732,3776.0882852720943,5.855033611395586,2.4078377418320627,5.840100000000012,2.407000000000001,103.0554878850873,48.410315614738444,32.80403204720997,0.46975000175360565,0.6776248332746427,13.64160994384107,43.80508807482872,33.940720466478645,5.8403866870072525,2.4084210346860937,25.30258853374481,3772.7181289137884
2602,260.19999999999067,43.84108774208315,33.97093325241105,9.870238255795323,3772.7768369021132,25.25945898169689,122.53107951531778,122.52071200000002,13.628773195270256,0.1,9.867176965508698,3744.3605227676344,34.0,25.281328588080996,3780.215488660203,5.855033611395586,2.4078377418320627,5.840100000000012,2.407000000000001,103.05584914377147,48.41010161618077,32.80445708101552,0.4697462785314073,0.6776366085968066,13.705274402149508,43.8671769655087,33.94324864463442,5.8393579802237765,2.408361740157159,25.27566708094437,3772.6382870745306
2603,260.2999999999907,43.84111067866178,33.970913468196514,9.870269136928556,3772.8048900371214,25.259452659268135,122.52969875777845,122.52071200000002,13.628926288942186,0.1,9.890403956462094,3744.3605227676344,34.0,25.281328588080996,3780.215488660203,5.855033611395586,2.4078377418320627,5.840100000000012,2.407000000000001,103.05616266015134,48.4099160582329,32.804825577483854,0.469743048922503,0.6776468180201451,13.517499771112611,43.890403956462094,33.988845749106986,5.839918725638676,2.4075960323539105,25.219743827871095,3772.666476169223
2604,260.3999999999907,43.84113038946566,33.97089646641636,9.870295962174168,3772.829207023546,25.259447230463238,122.5285026905987,122.52071200000002,13.629058995243522,0.1,9.830621200670137,3744.3605227676344,34.0,25.281328588080996,3780.215488660203,5.855033611395586,2.4078377418320627,5.840100000000012,2.407000000000001,103.056435257594,48.409755522412006,32.80514500155117,0.469740248645412,0.6776556635648272,13.664265463766078,43.83062120067014,33.93258038055458,5.841114752259548,2.407608083134888,25.280986369793673,3772.7735385093574
2605,260.49999999999073,43.84114731430782,33.970881867702886,9.870319267745554,3772.850287609248,25.259442547926525,122.52746667992656,122.52071200000002,13.629174027567974,0.1,9.860964016321866,3744.3605227676344,34.0,25.281328588080996,3780.215488660203,5.847224480017088,2.41215796368844,5.840100000000012,2.407000000000001,103.05667222668396,48.40961669118533,32.80542188435612,0.46973782138727804,0.6776633265582023,13.565658454428355,43.860964016321866,33.942870478376605,5.840708700101169,2.4075343973062124,25.345795351610708,3772.9090950909263
2606,260.59999999999076,43.84116191258427,33.970869275797405,9.87033949603477,3772.868564886118,25.259438485659892,122.52656890869105,122.52071200000002,13.629273749989647,0.1,9.831987823238634,3744.3605227676344,34.0,25.281328588080996,3780.215488660203,5.847224480017088,2.41215796368844,5.840100000000012,2.407000000000001,103.05687791424937,48.40949650385753,32.80566191622509,0.4697357176309733,0.6776699673711946,13.604214724212268,43.831987823238634,34.01426254878176,5.840302847896122,2.4071439848546166,25.311763282894162,3772.6951094306514
2607,260.6999999999908,43.84117457710673,33.9708583518748,9.870357032192015,3772.884412911918,25.259434948857123,122.52579049534314,122.52071200000002,13.629360211264338,0.1,9.83285293239598,3744.3605227676344,34.0,25.22307299404842,3781.231585747039,5.847224480017088,2.41215796368844,5.840100000000012,2.407000000000001,103.05705616541306,48.40939230148495,32.805870028513276,0.46973389404588495,0.6776757250783948,13.673184607868,43.83285293239598,34.03235509366088,5.840250646402752,2.405611601824831,25.440318112781256,3772.7669214261523
2608,260.7999999999908,43.84118560344304,33.97084884098904,9.870372223134181,3772.8981546534183,25.259431868863828,122.52511533655934,122.52071200000002,13.629435180884911,0.1,9.83318002900522,3744.3605227676344,34.0,25.22307299404842,3781.231585747039,5.847224480017088,2.41215796368844,5.840100000000012,2.407000000000001,103.05721051189263,48.409301866804164,32.80605048038999,0.4697323130167375,0.6776807186902682,13.723182850190296,43.83318002900522,34.03447614533014,5.840256631995852,2.407350610568749,25.241494466445847,3773.1140510893197
2609,260.8999999999908,43.84119520563013,33.97084055851969,9.870385381825914,3772.91006950391,25.259429192392535,122.524529720998,122.52071200000002,13.629500186656564,0.1,9.88657262533313,3744.3605227676344,34.0,25.22307299404842,3781.231585747039,5.847224480017088,2.41215796368844,5.840100000000012,2.407000000000001,103.05734417504007,48.409223368203776,32.80620694928236,0.4697309420858162,0.6776850498045831,13.730966528784286,43.88657262533313,33.964024756379416,5.8400780033616355,2.408249656153848,25.168731802084874,3772.760634019354
2610,260.99999999999085,43.841203549797044,33.97083336116995,9.87039678522305,3772.920399755595,25.259426872623617,122.52402187631756,122.52071200000002,13.62955655025868,0.1,9.795419377633294,3744.3605227676344,34.0,25.22307299404842,3781.231585747039,5.846325177272201,2.416363614062451,5.840100000000012,2.407000000000001,103.05746000693894,48.409155263886504,32.806342616472655,0.46972975329129085,0.6776888057153595,13.580074692608381,43.795419377633294,33.933887588030764,5.83927104010325,2.4070914596255917,25.218782857517585,3772.704108598395
2611,261.09999999999087,43.841210781908615,33.97082712303595,9.87040667289604,3772.9293558462637,25.259424865188194,122.52358158482998,122.52071200000002,13.629605417862699,0.1,9.912146835721437,3744.3605227676344,34.0,25.22307299404842,3781.231585747039,5.846325177272201,2.416363614062451,5.840100000000012,2.407000000000001,103.05756045889069,48.40909621739823,32.80646024079553,0.46972872249104375,0.6776920621171376,13.564604124609575,43.91214683572144,33.91756844045197,5.839167146885811,2.407373236732181,25.414243059543047,3773.0063419792136
2612,261.1999999999909,43.841217040289294,33.97082172480426,9.870415249162509,3772.9371205659854,25.25942312815516,122.52319991846159,122.52071200000002,13.629647784951679,0.1,9.882556302201436,3744.3605227676344,34.0,25.275791469084815,3782.449932412241,5.846325177272201,2.416363614062451,5.840100000000012,2.407000000000001,103.05764760479445,48.40904504693412,32.8065622183787,0.4697278287640832,0.6776948850482734,13.687729283623705,43.882556302201436,33.945007053583,5.8400234318392386,2.4064427026473285,25.282362714969782,3772.922046310262
2613,261.2999999999909,43.841222455663484,33.97081705371698,9.870422688056575,3772.943852546634,25.25942162361787,122.5228690729246,122.52071200000002,13.629684516220212,0.1,9.812947112397993,3744.3605227676344,34.0,25.275791469084815,3782.449932412241,5.846325177272201,2.416363614062451,5.840100000000012,2.407000000000001,103.05772320222249,48.40900070462892,32.806650630542066,0.4697270539311212,0.6776973321699875,13.522075123384125,43.81294711239799,33.921952290514554,5.8389208890766024,2.4086976556974693,25.194176626417537,3772.9416669242405
2614,261.39999999999094,43.84122714620892,33.970813007838515,9.870429139074226,3772.9496893027053,25.259420318911445,122.52258225340475,122.52071200000002,13.629716362081727,0.1,9.807348657466619,3744.3605227676344,34.0,25.275791469084815,3782.449932412241,5.846325177272201,2.416363614062451,5.840100000000012,2.407000000000001,103.0577887605155,48.40896227043488,32.806727283530726,0.46972638218472806,0.6776994536725898,13.689005972356204,43.80734865746662,33.988308598266386,5.839805938668712,2.407065907121039,25.205926722262223,3772.995283142748
2615,261.49999999999096,43.84123121376169,33.970809499329036,9.870434732012225,3772.9547499628206,25.25941918670098,122.5223335725488,122.52071200000002,13.629743973053188,0.1,9.823814002833174,3744.3605227676344,34.0,25.275791469084815,3782.449932412241,5.838860102818608,2.420753239232246,5.840100000000012,2.407000000000001,103.05784559431108,48.408928946883954,32.80679374313903,0.46972579979448154,0.6777012930638446,13.594338566969528,43.823814002833174,33.95610769504754,5.840986677992147,2.406259512894873,25.406804827416863,3773.0272000417112
2616,261.599999999991,43.84123474354102,33.9708064546817,9.870439580293816,3772.959137725196,25.259418204171094,122.52211794421277,122.52071200000002,13.629767912676549,0.1,9.856863493274332,3744.3605227676344,34.0,25.275791469084815,3782.449932412241,5.838860102818608,2.420753239232246,5.840100000000012,2.407000000000001,103.05789485677913,48.40890004862819,32.80685136581246,0.4697252948539523,0.6777028879577308,13.62544381519533,43.85686349327433,33.964904015156534,5.840191220771361,2.4070179721288585,25.28333558581493,3773.088098791905
2617,261.699999999991,43.841237806676205,33.970803812543174,9.870443783054599,3772.9629420256097,25.25941735192573,122.5219309750089,122.52071200000002,13.629788669134456,0.1,9.823108221621958,3744.3605227676344,34.0,25.225835011871602,3781.4761775933725,5.838860102818608,2.420753239232246,5.840100000000012,2.407000000000001,103.05793755805213,48.40887498741755,32.80690132660665,0.46972485705090905,0.6777042708621887,13.628879796286915,43.82310822162196,33.969641355579164,5.839539464789819,2.407488926548677,25.1154082034212,3773.2823694171207
2618,261.79999999999103,43.84124046363635,33.970801520755145,9.870447426593604,3772.9662404119103,25.25941661308577,122.5217688629606,122.52071200000002,13.629806665505878,0.1,9.836798775944793,3744.3605227676344,34.0,25.225835011871602,3781.4761775933725,5.838860102818608,2.420753239232246,5.840100000000012,2.407000000000001,103.05797457748753,48.408853256117794,32.80694464387266,0.46972447745632734,0.6777054699127085,13.687145989467382,43.83679877594479,34.00134103129057,5.8389459948720335,2.4087509705818118,25.17922012786534,3773.0483212787212
2619,261.89999999999105,43.84124276704381,33.970799533927654,9.870450585677718,3772.9691001442966,25.259415972759285,122.52162831058929,122.52071200000002,13.629822268633522,0.1,9.85827196709674,3744.3605227676344,34.0,25.225835011871602,3781.4761775933725,5.838860102818608,2.420753239232246,5.840100000000012,2.407000000000001,103.0580066758391,48.40883441490979,32.8069822006009,0.4697241483349857,0.6777065095063812,13.718851627800692,43.85827196709674,33.98612641218215,5.840291581520296,2.407727957187606,25.458326490298564,3773.042091942137
2620,261.9999999999911,43.84124476332566,33.97079781201453,9.870453324899845,3772.971579560423,25.25941541780885,122.52150645421857,122.52071200000002,13.629835796694028,0.1,9.851033851952856,3744.3605227676344,34.0,25.225835011871602,3781.4761775933725,5.83729706314772,2.4250112102601,5.840100000000012,2.407000000000001,103.0580345092305,48.40881808087713,32.80701476264254,0.46972386298073004,0.6777074108240261,13.661443456187609,43.851033851952856,33.9909967792381,5.839606413399503,2.4080343289336232,25.118287695675082,3772.8678273109576
2621,262.0999999999911,43.84124649343913,33.97079631968766,9.870455700060214,3772.9737292492123,25.2594149367485,122.52140080685767,122.52071200000002,13.629847525655638,0.1,9.85143189605963,3744.3605227676344,34.0,25.225835011871602,3781.4761775933725,5.83729706314772,2.4250112102601,5.840100000000012,2.407000000000001,103.05805864391252,48.40880392050344,32.80704299425313,0.4697236155764018,0.6777081922562805,13.60769944501441,43.85143189605963,33.964995081363355,5.8402349766719555,2.4058232584649026,25.031163020827947,3772.8690248044163
2622,262.1999999999911,43.84124799319288,33.970795026059925,9.87045775945279,3772.9755930701162,25.25941451963843,122.52130921050181,122.52071200000002,13.629857694830964,0.1,9.854621446606373,3744.3605227676344,34.0,25.222924539877507,3779.5945130515,5.83729706314772,2.4250112102601,5.840100000000012,2.407000000000001,103.0580795699679,48.40879164390632,32.80706747145814,0.4697234010754175,0.6777088697603937,13.661491010997842,43.85462144660637,34.04449433273188,5.840464612449103,2.406349018903686,25.29661691379241,3773.049791411418
2623,262.29999999999114,43.84124929357523,33.97079390440202,9.870459544966243,3772.9772090433094,25.259414157927758,122.52122979448325,122.52071200000002,13.629866511698612,0.1,9.845794392499933,3744.3605227676344,34.0,25.222924539877507,3779.5945130515,5.83729706314772,2.4250112102601,5.840100000000012,2.407000000000001,103.05809771276698,48.40878099980539,32.80708869365857,0.4697232151007231,0.6777094571703935,13.63122918220264,43.84579439249993,33.947775440580145,5.83851191777381,2.405919323904745,25.43974224725968,3772.950457515366
2624,262.39999999999117,43.841250421244425,33.97079293171962,9.87046109297921,3772.978610127185,25.25941384426032,122.52116093814742,122.52071200000002,13.629874156114305,0.1,9.826696797339658,3744.3605227676344,34.0,25.222924539877507,3779.5945130515,5.83729706314772,2.4250112102601,5.840100000000012,2.407000000000001,103.0581134420122,48.40877177075256,32.807107093767144,0.46972305385728574,0.6777099664732338,13.635799400647471,43.82669679733966,33.97046313078316,5.838704133427629,2.4093081788252744,25.2807371263621,3772.872327379613
2625,262.4999999999912,43.84125139913404,33.97079208823111,9.870462435084493,3772.979824894858,25.25941357228183,122.52110123742769,122.52071200000002,13.629880783988838,0.1,9.85438880477244,3744.3605227676344,34.0,25.222924539877507,3779.5945130515,5.832163930102283,2.4292902510773238,5.840100000000012,2.407000000000001,103.0581270789086,48.40876376860657,32.80712304706115,0.469722914055496,0.6777104080550143,13.63343758440121,43.85438880477244,33.946082179465854,5.839804310396659,2.4070283083755264,25.340353128536773,3772.8521799767627
2626,262.5999999999912,43.84125224705417,33.970791356849084,9.870463598694922,3772.9808781202237,25.25941333647749,122.52104947541493,122.52071200000002,13.629886530488285,0.1,9.833708323698623,3744.3605227676344,34.0,25.222924539877507,3779.5945130515,5.832163930102283,2.4292902510773238,5.840100000000012,2.407000000000001,103.05813890215822,48.4087568304251,32.807136878885316,0.469722792843985,0.6777107909176031,13.602362359460365,43.83370832369862,33.93348652857894,5.8396450586895945,2.4063989155186065,25.243504778260974,3773.0581820609236
2627,262.69999999999123,43.84125298219779,33.97079072274359,9.870464607572998,3772.9817912843796,25.25941313204838,122.52100459692987,122.52071200000002,13.629891512806399,0.1,9.85025731588837,3744.3605227676344,34.0,25.249941311085713,3780.0319505028374,5.832163930102283,2.4292902510773238,5.840100000000012,2.407000000000001,103.05814915327534,48.40875081491645,32.80714887132501,0.4697226877509662,0.6777111228661568,13.68536155115343,43.85025731588837,33.98845242273217,5.8394637775214235,2.406399180155379,25.449490274058842,3772.778096123106
2628,262.79999999999126,43.84125361952597,33.97079017300977,9.870465482305544,3772.9825830132486,25.25941295481905,122.52096568679427,122.52071200000002,13.62989583256024,0.1,9.833446608584055,3744.3605227676344,34.0,25.249941311085713,3780.0319505028374,5.832163930102283,2.4292902510773238,5.840100000000012,2.407000000000001,103.0581580414248,48.40874559946974,32.80715926897251,0.46972259663336474,0.6777114106698083,13.641625042840225,43.833446608584055,33.98999612283509,5.839770864001115,2.406656560539413,25.254763228608244,3773.034007508361
2629,262.8999999999913,43.841254172056125,33.970789696419345,9.87046624072852,3772.9832694564,25.25941280116346,122.52093195126369,122.52071200000002,13.629899577860357,0.1,9.863556227232472,3744.3605227676344,34.0,25.249941311085713,3780.0319505028374,5.832163930102283,2.4292902510773238,5.840100000000012,2.407000000000001,103.05816574778747,48.40874107767966,32.80716828390989,0.4697225176329022,0.6777116601992496,13.585944771295681,43.86355622723247,33.96127398190768,5.838962923304936,2.4068910114706297,25.359583737439554,3772.9458261857358
2630,262.9999999999913,43.8412546510928,33.970789283221464,9.870466898300783,3772.9838646156363,25.259412667939355,122.52090270204125,122.52071200000002,13.629902825102839,0.1,9.863321718792285,3744.3605227676344,34.0,25.249941311085713,3780.0319505028374,5.829912158540363,2.4335987405331965,5.840100000000012,2.407000000000001,103.05817242939936,48.4087371572464,32.807176100022545,0.46972244913821953,0.6777118765452359,13.575396196015255,43.863321718792285,33.998907035674,5.8399625801875095,2.4091156041321926,25.292209912236434,3772.9204197203117
2631,263.0999999999913,43.84125506643227,33.97078892496625,9.870467468426904,3772.9843806303174,25.25941255242689,122.52087734239171,122.52071200000002,13.629905640523678,0.1,9.830082920438215,3744.3605227676344,34.0,25.249941311085713,3780.0319505028374,5.829912158540363,2.4335987405331965,5.840100000000012,2.407000000000001,103.05817822244808,48.40873375815027,32.807182876740505,0.4697223897521401,0.6777120641214246,13.594494142563217,43.830082920438215,33.95333826442234,5.839703701349907,2.407553648368651,25.116839094944154,3772.889026224271
2632,263.19999999999135,43.84125542655393,33.97078861433971,9.870467962732983,3772.9848280251167,25.259412452271658,122.52085535501944,122.52071200000002,13.629908081548532,0.1,9.81812293764883,3744.3605227676344,34.0,25.210419210379275,3776.951226525435,5.829912158540363,2.4335987405331965,5.840100000000012,2.407000000000001,103.05818324507108,48.40873081104119,32.80718875228733,0.4697223382632879,0.6777122267540339,13.592118867704597,43.81812293764883,33.99429793652624,5.838699444027854,2.4076873854025935,25.348515463325572,3773.0661930710203
2633,263.29999999999137,43.841255738797884,33.97078834501057,9.870468391302444,3772.985215924974,25.259412365433775,122.52083629148926,122.52071200000002,13.629910197964719,0.1,9.841510916545879,3744.3605227676344,34.0,25.210419210379275,3776.951226525435,5.829912158540363,2.4335987405331965,5.840100000000012,2.407000000000001,103.05818759973863,48.40872825581684,32.80719384650109,0.4697222936214299,0.6777123677600216,13.663788443049745,43.84151091654588,33.923955357401326,5.838881791758373,2.4072596076788417,25.212333946444204,3772.9981837858063
2634,263.3999999999914,43.84125600952366,33.970788111493334,9.870468762879105,3772.9855522414223,25.25941229014417,122.52081976302667,122.52071200000002,13.62991203293808,0.1,9.869674159929133,3744.3605227676344,34.0,25.210419210379275,3776.951226525435,5.829912158540363,2.4335987405331965,5.840100000000012,2.407000000000001,103.05819137530689,48.40872604037847,32.80719826328197,0.46972225491604513,0.6777124900150642,13.637190069602205,43.86967415992913,33.93525535437105,5.840135901214364,2.406667745459781,25.288348345122586,3772.905595532389
2635,263.4999999999914,43.84125624424654,33.970787909030776,9.87046908504361,3772.985843834021,25.259412224867845,122.52080543254885,122.52071200000002,13.629913623894382,0.1,9.838873594647993,3744.3605227676344,34.0,25.210419210379275,3776.951226525435,5.823040337945282,2.437881210531889,5.840100000000012,2.407000000000001,103.05819464880642,48.40872411955367,32.80720209271379,0.46972222135772024,0.6777125960124617,13.579238501952853,43.83887359464799,33.98149971822516,5.838690945462479,2.4072621128623424,25.402532780590203,3772.899710216748
2636,263.59999999999144,43.841256447752016,33.9707877334951,9.870469364367464,3772.986096650229,25.25941216827297,122.52079300777741,122.52071200000002,13.629915003283003,0.1,9.848494468408063,3744.3605227676344,34.0,25.210419210379275,3776.951226525435,5.823040337945282,2.437881210531889,5.840100000000012,2.407000000000001,103.05819748700871,48.40872245416981,32.8072054129022,0.46972219226201883,0.677712687914082,13.72743824281199,43.84849446840806,33.98577766509823,5.839938397583074,2.4078361016922023,25.312212889603238,3772.729136877492
2637,263.69999999999146,43.8412566241922,33.970787581304855,9.870469606547426,3772.9863158466364,25.259412119204473,122.52078223528405,122.52071200000002,13.6299161992386,0.1,9.823392101197705,3744.3605227676344,34.0,25.25185008747848,3777.94009003415,5.823040337945282,2.437881210531889,5.840100000000012,2.407000000000001,103.05819994779495,48.408721010256926,32.80720829156732,0.46972216703550806,0.677712767594419,13.694456044578796,43.823392101197705,33.9656943455063,5.840744177788236,2.4050566585447233,25.368760064078614,3772.977644746003
2638,263.7999999999915,43.84125677716814,33.97078744935393,9.87046981652238,3772.986505894092,25.259412076661015,122.52077289533537,122.52071200000002,13.6299172361546,0.1,9.865386293275492,3744.3605227676344,34.0,25.25185008747848,3777.94009003415,5.823040337945282,2.437881210531889,5.840100000000012,2.407000000000001,103.0582020813464,48.40871975835975,32.80721078742414,0.4697221451636576,0.6777128366787396,13.709083024278844,43.86538629327549,33.95994160245671,5.839792426298861,2.4083289419891494,25.314843115557483,3773.16702482868
2639,263.8999999999915,43.84125690980163,33.97078733494959,9.870469998574551,3772.9866706688726,25.259412039774713,122.52076479742091,122.52071200000002,13.6299181351805,0.1,9.845436960901388,3744.3605227676344,34.0,25.25185008747848,3777.94009003415,5.823040337945282,2.437881210531889,5.840100000000012,2.407000000000001,103.05820393117361,48.40871867294055,32.807212951379476,0.46972212620035403,0.6777128965761702,13.716334656387142,43.84543696090139,33.97680141453425,5.8410000411694565,2.407648046212049,25.229402882077608,3772.7616502420487
2640,263.99999999999153,43.84125702479837,33.97078723575801,9.870470156416976,3772.98681353176,25.259412007793344,122.52075777637017,122.52071200000002,13.629918914653157,0.1,9.82788765828743,3744.3605227676344,34.0,25.25185008747848,3777.94009003415,5.81775050344106,2.4421760332276086,5.840100000000012,2.407000000000001,103.05820553500502,48.408717731859554,32.807214827570164,0.4697221097588093,0.6777129485084157,13.532317976724174,43.82788765828743,33.95847843691112,5.8399500479906745,2.408081325259546,25.365574562100655,3772.9386378032186
2641,264.09999999999155,43.84125712450347,33.97078714975636,9.870470293269154,3772.9869373966067,25.2594119800648,122.5207516889818,122.52071200000002,13.629919590470866,0.1,9.80455797586665,3744.3605227676344,34.0,25.25185008747848,3777.94009003415,5.81775050344106,2.4421760332276086,5.840100000000012,2.407000000000001,103.0582069255547,48.40871691592282,32.80721645426339,0.46972209550367416,0.677712993534689,13.671379442496383,43.80455797586665,33.93150299843515,5.839529520230251,2.4079250465611515,25.379445494285616,3772.8830663114077
2642,264.1999999999916,43.841257210949976,33.97078707519107,9.870470411922527,3772.9870447897797,25.259411956023662,122.5207464110991,122.52071200000002,13.629920176417698,0.1,9.83522787010316,3744.3605227676344,34.0,25.22660560597071,3775.591881832216,5.81775050344106,2.4421760332276086,5.840100000000012,2.407000000000001,103.05820813118713,48.40871620848947,32.807217864637416,0.46972208314419733,0.6777130325733363,13.559389610817536,43.83522787010316,33.94277615985035,5.84181616144104,2.407203610307977,25.34697183251514,3773.1511119234815
2643,264.2999999999916,43.84125728590064,33.970787010541635,9.870470514797297,3772.987137901695,25.259411935179617,122.52074183507536,122.52071200000002,13.629920684444727,0.1,9.80827907404624,3744.3605227676344,34.0,25.22660560597071,3775.591881832216,5.81775050344106,2.4421760332276086,5.840100000000012,2.407000000000001,103.05820917649412,48.408715595131476,32.80721908745847,0.46972207242829433,0.6777130664205834,13.611743972910807,43.80827907404624,34.00789626594343,5.83820516843853,2.404948320542757,25.228274866460037,3772.924470212515
2644,264.3999999999916,43.841257350884035,33.97078695448956,9.87047060399176,3772.987218631491,25.259411917107496,122.52073786757741,122.52071200000002,13.629921124913782,0.1,9.789984572186292,3744.3605227676344,34.0,25.22660560597071,3775.591881832216,5.81775050344106,2.4421760332276086,5.840100000000012,2.407000000000001,103.05821008279632,48.40871506333895,32.807220147667486,0.46972206313740256,0.6777130957667818,13.537775144224998,43.78998457218629,33.97903105542007,5.840062433848571,2.4090443092158935,25.066640806315498,3773.0019488235394
2645,264.49999999999164,43.84125740722568,33.97078690589151,9.870470681325116,3772.9872886257585,25.259411901438643,122.52073442768248,122.52071200000002,13.629921506808806,0.1,9.824670799636976,3744.3605227676344,34.0,25.22660560597071,3775.591881832216,5.811297024312025,2.44643914886217,5.840100000000012,2.407000000000001,103.05821086857829,48.40871460226515,32.80722106688881,0.46972205508202375,0.6777131212104873,13.716098336853829,43.824670799636976,33.941077993147154,5.83993196720885,2.408242490386928,25.29502916792162,3772.8483862804355
2646,264.59999999999167,43.841257456074885,33.97078686375613,9.87047074837463,3772.987349312122,25.25941188785344,122.52073144522858,122.52071200000002,13.62992183791905,0.1,9.87984276275791,3744.3605227676344,34.0,25.22660560597071,3775.591881832216,5.811297024312025,2.44643914886217,5.840100000000012,2.407000000000001,103.05821154986641,48.40871420250555,32.80722186387116,0.4697220480978577,0.6777131432706618,13.637041715624429,43.87984276275791,33.99625973209925,5.83883605815211,2.4072056928842662,25.304263460260472,3772.9835505713822
2647,264.6999999999917,43.84125749842812,33.970786827223925,9.87047080650783,3772.987401928357,25.259411876074786,122.52072885938415,122.52071200000002,13.62992212499794,0.1,9.831786352585432,3744.3605227676344,34.0,25.26434736534408,3777.937198246339,5.811297024312025,2.44643914886217,5.840100000000012,2.407000000000001,103.05821214055607,48.40871385590631,32.80722255487005,0.469722042042453,0.6777131623972543,13.689169813644387,43.83178635258543,33.950185810687046,5.841238925374647,2.407250578244766,25.35801426593882,3773.0492586967707
2648,264.7999999999917,43.84125753514925,33.970786795549756,9.870470856910405,3772.9874475476367,25.259411865862454,122.52072661740746,122.52071200000002,13.629922373900811,0.1,9.876061991527394,3744.3605227676344,34.0,25.26434736534408,3777.937198246339,5.811297024312025,2.44643914886217,5.840100000000012,2.407000000000001,103.05821265269496,48.40871355539805,32.807223153979265,0.46972203679230184,0.6777131789803766,13.505893466802469,43.87606199152739,33.97364564197366,5.839197720482447,2.405251356520756,25.21835753557472,3772.984797891497
2649,264.89999999999173,43.841257566987224,33.97078676808759,9.870470900610384,3772.9874871004217,25.25941185700816,122.52072467357068,122.52071200000002,13.629922589704353,0.1,9.842376284578982,3744.3605227676344,34.0,25.26434736534408,3777.937198246339,5.811297024312025,2.44643914886217,5.840100000000012,2.407000000000001,103.05821309672896,48.40871329485155,32.80722367341839,0.4697220322403206,0.6777131933582619,13.530868097592416,43.84237628457898,33.98117612717022,5.84021070241826,2.406558764893621,25.16047431240627,3773.0098125320756
2650,264.99999999999176,43.84125759459137,33.97078674427736,9.870470938499093,3772.9875213934397,25.25941184933132,122.5207229882271,122.52071200000002,13.629922776810137,0.1,9.84873226203851,3744.3605227676344,34.0,25.26434736534408,3777.937198246339,5.810007068041675,2.450751968707346,5.840100000000012,2.407000000000001,103.05821348171486,48.40871306895273,32.807224123782014,0.46972202829366594,0.6777132058241631,13.633014166696883,43.84873226203851,33.998406069436,5.839369959565744,2.4084059085562024,25.40138338083881,3772.910883496061
2651,265.0999999999918,43.84125761852468,33.97078672363345,9.870470971349329,3772.9875511261394,25.259411842675362,122.52072152700217,122.52071200000002,13.629922939034415,0.1,9.826665902988942,3744.3605227676344,34.0,25.26434736534408,3777.937198246339,5.810007068041675,2.450751968707346,5.840100000000012,2.407000000000001,103.05821381550507,48.40871287309414,32.80722451425585,0.4697220248718406,0.6777132166323371,13.626908987853394,43.82666590298894,33.92823162939484,5.839249092047714,2.406613539172736,25.310358037784994,3772.9276935911357
2652,265.1999999999918,43.8412576392753,33.970786705734795,9.870470999831117,3772.9875769049563,25.259411836904523,122.52072026009242,122.52071200000002,13.629923079685952,0.1,9.873842706487977,3744.3605227676344,34.0,25.25777590470008,3779.9241618006,5.810007068041675,2.450751968707346,5.840100000000012,2.407000000000001,103.05821410490759,48.40871270328106,32.8072248528041,0.46972202190505313,0.6777132260032289,13.630866306666196,43.87384270648798,33.94224265259854,5.842836868434182,2.4058089329883905,25.313252117513766,3772.882515467617
2653,265.2999999999918,43.84125765726647,33.970786690216336,9.870471024525372,3772.9875992556817,25.259411831901097,122.52071916165761,122.52071200000002,13.629923201633517,0.1,9.800070572828773,3744.3605227676344,34.0,25.25777590470008,3779.9241618006,5.810007068041675,2.450751968707346,5.840100000000012,2.407000000000001,103.05821435582514,48.40871255604991,32.80722514633189,0.46972201933279195,0.6777132341279707,13.659426516454413,43.80007057282877,33.9464633083814,5.840073747856543,2.4085262177421747,25.2822777465133,3773.1256106024434
2654,265.39999999999185,43.84125767286514,33.970786676761534,9.870471045935767,3772.9876186341867,25.259411827563028,122.52071820929376,122.52071200000002,13.629923307364376,0.1,9.85977131015963,3744.3605227676344,34.0,25.25777590470008,3779.9241618006,5.810007068041675,2.450751968707346,5.840100000000012,2.407000000000001,103.05821457337548,48.40871242839772,32.80722540082606,0.4697220171025925,0.677713241172276,13.63064055429474,43.85977131015963,33.988415989046,5.839063274564603,2.408433573344385,25.104169697809454,3772.6772131055286
2655,265.49999999999187,43.84125768638951,33.970786665095964,9.870471064498982,3772.98763543572,25.259411823801837,122.52071738357608,122.52071200000002,13.629923399035047,0.1,9.78775964584225,3744.3605227676344,34.0,25.25777590470008,3779.9241618006,5.800169489073424,2.455017717397488,5.840100000000012,2.407000000000001,103.0582147619957,48.40871231772081,32.80722562147737,0.4697220151689671,0.6777132472798236,13.571985631481498,43.78775964584225,33.93256659553678,5.841102285007738,2.408744932284947,25.358037300756273,3772.8627308215264
2656,265.5999999999919,43.8412576981154,33.97078665498168,9.870471080593644,3772.98765000297,25.259411820540812,122.5207166676631,122.52071200000002,13.62992347851527,0.1,9.811920434977537,3744.3605227676344,34.0,25.25777590470008,3779.9241618006,5.800169489073424,2.455017717397488,5.840100000000012,2.407000000000001,103.05821492553302,48.40871222176181,32.807225812786264,0.46972201349247694,0.6777132525751841,13.581273209902887,43.81192043497754,33.93184501094684,5.83901209261677,2.406260623828623,25.36538830588839,3773.175212644684
2657,265.6999999999919,43.84125770828197,33.9707866462124,9.87047109454802,3772.9876626330533,25.259411817713442,122.52071604695287,122.52071200000002,13.629923547426134,0.1,9.860479830351643,3744.3605227676344,34.0,25.233384370017802,3779.138750548596,5.800169489073424,2.455017717397488,5.840100000000012,2.407000000000001,103.05821506732298,48.408712138563516,32.80722597865472,0.469722012038928,0.6777132571663628,13.614092813201758,43.86047983035164,33.98380157278342,5.839517819978829,2.406153139697604,25.28908765005556,3773.0026288223476
2658,265.79999999999194,43.84125771709658,33.97078663860927,9.87047110664673,3772.9876735835765,25.259411815262062,122.52071550878529,122.52071200000002,13.629923607173172,0.1,9.780109046362462,3744.3605227676344,34.0,25.233384370017802,3779.138750548596,5.800169489073424,2.455017717397488,5.840100000000012,2.407000000000001,103.0582151902576,48.40871206642901,32.807226122465835,0.4697220107786733,0.677713261147002,13.575449638648925,43.78010904636246,33.99420380290775,5.839582684853858,2.4079014977107494,25.189076827453167,3773.080970638117
2659,265.89999999999196,43.841257724738995,33.97078663201722,9.87047111713655,3772.9876830778885,25.25941181313667,122.52071504218378,122.52071200000002,13.629923658974988,0.1,9.836160177372953,3744.3605227676344,34.0,25.233384370017802,3779.138750548596,5.800169489073424,2.455017717397488,5.840100000000012,2.407000000000001,103.05821529684432,48.40871200388705,32.80722624715281,0.46972200968600836,0.677713264598292,13.603437333235421,43.83616017737295,33.97447428105476,5.8390684737883065,2.406551149656405,25.209888391756607,3773.060503488314
2660,265.999999999992,43.84125773136512,33.970786626301795,9.870471126231422,3772.987691309638,25.259411811293912,122.5207146376314,122.52071200000002,13.629923703888153,0.1,9.875398658860355,3744.3605227676344,34.0,25.233384370017802,3779.138750548596,5.7938824175501855,2.4593576637349037,5.840100000000012,2.407000000000001,103.05821538925704,48.40871194966197,32.8072263552588,0.4697220087386471,0.677713267590626,13.619135668905445,43.875398658860355,33.919336438534685,5.839753865539183,2.4072636879160916,25.298421483291886,3772.9795894885306
2661,266.099999999992,43.8412577371101,33.970786621346406,9.870471134116848,3772.9876984467223,25.259411809696203,122.52071428687675,122.52071200000002,13.629923742828723,0.1,9.847510972133733,3744.3605227676344,34.0,25.233384370017802,3779.138750548596,5.7938824175501855,2.4593576637349037,5.840100000000012,2.427000000000001,103.05821546938058,48.408711902647795,33.07982492384532,0.469722007917267,0.6833444564765617,13.729745961953423,43.84751097213373,33.99065436486559,5.841933714197437,2.427489059978887,25.288434615901764,3773.00806007486
2662,266.19999999999203,43.841257742091116,33.97078661704998,9.87047114095366,3772.9877046347106,25.259411808310958,122.52071398276574,123.45303200000002,13.605951084438049,0.1,9.87474859838781,3744.3605227676344,34.0,25.225879963101335,3774.6546245238255,5.7938824175501855,2.4593576637349037,5.840100000000012,2.427000000000001,103.0582155388492,48.4087118618856,33.021643281931155,0.4697220072051148,0.682142573348055,13.58039704770976,43.87474859838781,34.02844880250091,5.838389239034519,2.426275533373626,25.253363640815074,3773.1089474842483
2663,266.29999999999205,43.84125774640977,33.97078661332489,9.870471146881306,3770.4649745102606,25.259411807109924,122.52071371909565,123.45303200000002,13.605951113710537,0.1,9.918907988629968,3744.3605227676344,34.0,25.225879963101335,3774.6546245238255,5.7938824175501855,2.4593576637349037,5.840100000000012,2.427000000000001,103.05821559907982,48.37634427469515,33.02164335297549,0.46940793602414255,0.682598981962524,13.642502512995998,43.91890798862997,33.93495388289005,5.839786087673783,2.4260371391268833,25.32764184919101,3770.4482781636834
2664,266.3999999999921,43.841257750154114,33.97078661009517,9.86748304074478,3767.942243672354,25.25941180606861,122.62004306938842,123.45303200000002,13.594017253769673,0.1,9.838677662673483,3744.3605227676344,34.0,25.225879963101335,3774.6546245238255,5.7938824175501855,2.4593576637349037,5.840100000000012,2.427000000000001,103.02538337203148,48.383169957777135,32.99267987489901,0.46962377983163917,0.6819040567968356,13.609651977997434,43.83867766267348,34.05799907910219,5.838807813923721,2.4275607256048923,25.46879304002161,3768.0224029227998
2665,266.4999999999921,43.84125775340051,33.970786607294954,9.864499394094485,3765.688285012603,25.25963733930696,122.71947269834074,123.45303200000002,13.582083390453777,0.1,9.857531726832676,3744.3605227676344,34.0,25.225879963101335,3774.6546245238255,5.795384786223639,2.4610366504097962,5.840100000000012,2.427000000000001,102.9935197365486,48.39343673292687,32.963716388631326,0.4698687534586103,0.6811608890385508,13.496665758393414,43.857531726832676,33.97867963247886,5.837843098051774,2.4272248868152713,25.295058437565995,3765.7251856885737
2666,266.5999999999921,43.84055463097663,33.97139309526351,9.862066730946205,3763.703369871892,25.260088070165637,122.81167502640756,123.45303200000002,13.571420962991846,0.1,9.854895583807789,3744.3605227676344,34.0,25.225879963101335,3774.6546245238255,5.795384786223639,2.4610366504097962,5.840100000000012,2.427000000000001,102.96862761131547,48.40426836564366,32.937838677181226,0.4700875352865672,0.680473846404831,13.569163057299354,43.85489558380779,34.0111284061836,5.840511039174668,2.4279042379006452,25.110293121600645,3763.717542078799
2667,266.69999999999214,43.83914943245162,33.97260518490567,9.860184124114964,3761.9679421230994,25.260623565852462,122.89661566706359,123.45303200000002,13.562031254971094,0.1,9.857599676965059,3744.3605227676344,34.0,25.253818026672274,3771.029458854619,5.795384786223639,2.4610366504097962,5.840100000000012,2.427000000000001,102.95012408103409,48.41541192761603,32.91504985581486,0.4702802678460814,0.6798465312042548,13.520933826376499,43.85759967696506,33.89415105826801,5.84206136329286,2.425467126577531,25.35949867078831,3761.8389618492592
2668,266.79999999999217,43.837479971098375,33.97404524926735,9.858684888161136,3760.4623525936827,25.26110360988142,122.9730075500554,123.45303200000002,13.55382175547257,0.1,9.84598188427006,3744.3605227676344,34.0,25.253818026672274,3771.029458854619,5.795384786223639,2.4610366504097962,5.840100000000012,2.427000000000001,102.93560634669866,48.426118155164104,32.895125400531946,0.4704506037693071,0.6792847879140618,13.543913380726815,43.84598188427006,33.984345070654335,5.841510110151304,2.4274326826705237,25.409813525514778,3760.3263509288727
2669,266.8999999999922,43.835983385833686,33.97533621801121,9.857402216996032,3759.1634694680083,25.26146211381873,123.03956061813147,123.45303200000002,13.546699513422835,0.1,9.86551529584036,3744.3605227676344,34.0,25.253818026672274,3771.029458854619,5.795384786223639,2.4610366504097962,5.840100000000012,2.427000000000001,102.92297253417438,48.435590716515506,32.87783971907724,0.47060038710437585,0.6787950602585836,13.557247883704443,43.86551529584036,34.04059887049462,5.840202583792947,2.4260616439821274,25.47534326420869,3759.259789463824
2670,266.9999999999922,43.834865713958735,33.97630034844806,9.856240565676698,3758.0446702049285,25.261707033478764,123.09619856208097,123.45303200000002,13.540555102987836,0.1,9.81476199497149,3744.3605227676344,34.0,25.253818026672274,3771.029458854619,5.791857225462844,2.4611995392484673,5.840100000000012,2.427000000000001,102.9112054505111,48.443464736646966,32.86292723495149,0.4707307093000957,0.6783768959054458,13.541094675177185,43.81476199497149,33.965435434092576,5.8389229764052715,2.426961944171579,25.33935714009982,3758.12195039626
2671,267.09999999999224,43.83410215242661,33.97695902271787,9.855175936047141,3757.0791257805918,25.261882502758713,123.14407122613048,123.45303200000002,13.535262585338748,0.1,9.83119322837883,3744.3605227676344,34.0,25.253818026672274,3771.029458854619,5.791857225462844,2.4611995392484673,5.840100000000012,2.427000000000001,102.90022137058074,48.44985332642437,32.85008229461715,0.4708430427174593,0.6780223269881571,13.53995314232905,43.83119322837883,33.999550552305585,5.840020264996918,2.426665368468177,25.098268989367302,3757.068158302864
2672,267.19999999999226,43.83355510939944,33.977430924653035,9.85422129620325,3756.2431184986276,25.26203098094177,123.18487556839528,123.45303200000002,13.530695044873346,0.1,9.856981029810314,3744.3605227676344,34.0,25.219447105797745,3767.236667203629,5.791857225462844,2.4611995392484673,5.840100000000012,2.427000000000001,102.89033584978117,48.45512300142641,32.838996873907625,0.4709394969044555,0.6777198124735112,13.511983619652938,43.85698102981031,34.0055717200846,5.838745632357835,2.4278660188662418,25.19551755415262,3756.4326303005023
2673,267.2999999999923,43.833092213815945,33.977830240084145,9.853391802657178,3755.5175224084855,25.262174605557366,123.22016717543912,123.45303200000002,13.52674028422899,0.1,9.826898808088686,3744.3605227676344,34.0,25.219447105797745,3767.236667203629,5.791857225462844,2.4611995392484673,5.840100000000012,2.427000000000001,102.88180565184832,48.45964226461341,32.829398669823775,0.47102247047063567,0.6774585435558761,13.564676848937388,43.826898808088686,33.96724266845523,5.839839591684898,2.4278499919985483,25.35001604551956,3755.405007275732
2674,267.3999999999923,43.832644449714365,33.97821650462276,9.852687394484851,3754.887420772579,25.26231576075148,123.25102452425033,123.45303200000002,13.52330782745152,0.1,9.856172013957071,3744.3605227676344,34.0,25.219447105797745,3767.236667203629,5.791857225462844,2.4611995392484673,5.840100000000012,2.427000000000001,102.87463984485824,48.46364513975607,32.82106809722485,0.47109419010207426,0.6772306953506645,13.59370133186252,43.85617201395707,33.95231481156674,5.839466626303044,2.427056260840876,25.37811709449171,3754.7220003479933
2675,267.4999999999923,43.832204384281184,33.97859613003043,9.852092844929606,3754.3408150704286,25.26244713256131,123.27807032584734,123.45303200000002,13.520327110410667,0.1,9.80546218467196,3744.3605227676344,34.0,25.219447105797745,3767.236667203629,5.789184102371207,2.4617429870566685,5.840100000000012,2.427000000000001,102.86864134546425,48.4672233555614,32.8138338969667,0.4711564449732907,0.677031437436398,13.515788734250952,43.80546218467196,33.97582578931294,5.8398294306961445,2.4278712287296975,25.45584107086643,3754.319022592157
2676,267.59999999999235,43.83179481952686,33.97894944572798,9.85158647712979,3753.8673917557976,25.262561511347183,123.3016695491148,123.45303200000002,13.517741373700618,0.1,9.86877074998403,3744.3605227676344,34.0,25.219447105797745,3767.236667203629,5.789184102371207,2.4617429870566685,5.840100000000012,2.427000000000001,102.86354261680394,48.470388577388405,32.80755831397141,0.4712105702790583,0.6768577532979846,13.480328778778162,43.86877074998403,33.97695906029198,5.840468933518424,2.4286720669533386,25.24519343350225,3753.7448962721073
2677,267.6999999999924,43.83143823222403,33.97925706132016,9.851148721474743,3753.4578248403245,25.26265652928758,123.32212233344525,123.45303200000002,13.515501828743039,0.1,9.840793183835913,3744.3605227676344,34.0,25.24624146339042,3766.068521184045,5.789184102371207,2.4617429870566685,5.840100000000012,2.427000000000001,102.85911899107425,48.473139395592625,32.80212293835937,0.47125757901736404,0.6767072103718925,13.600201253452587,43.84079318383591,34.00796329743289,5.8389325007977035,2.426636657786413,25.350594761491312,3753.506593728602
2678,267.7999999999924,43.831142004293056,33.979512608018936,9.850766141216122,3753.1036004734297,25.2627344556343,123.33976153523452,123.45303200000002,13.513564358635437,0.1,9.817485466206811,3744.3605227676344,34.0,25.24624146339042,3766.068521184045,5.789184102371207,2.4617429870566685,5.840100000000012,2.427000000000001,102.85523206941461,48.475497480380305,32.79742069840822,0.4712983141943165,0.6765772896231226,13.476792972797892,43.81748546620681,34.002434922273416,5.839808317618515,2.4263547814936026,25.186168139318838,3753.109931562785
2679,267.8999999999924,43.83089906111452,33.97972218832275,9.850431018728404,3752.797105470231,25.262799611671056,123.3549567675311,123.45303200000002,13.511888688320488,0.1,9.818791214202172,3744.3605227676344,34.0,25.24624146339042,3766.068521184045,5.789184102371207,2.4617429870566685,5.840100000000012,2.427000000000001,102.85181464928579,48.477510361955325,32.793353846553835,0.471333544549104,0.6764653052870004,13.457948866420105,43.81879121420217,33.93526820381819,5.840692021915815,2.4270698632686125,25.216329706954244,3752.742088922696
2680,267.99999999999244,43.830695930654315,33.97989742380118,9.85013881206151,3752.531726770219,25.262855906614618,123.36807270794323,123.45303200000002,13.510438803370333,0.1,9.81022247846969,3744.3605227676344,34.0,25.24624146339042,3766.068521184045,5.78746852324283,2.462537211108657,5.840100000000012,2.427000000000001,102.8488327432175,48.4792363743678,32.78983497577981,0.4713639919998492,0.6763686358953589,13.610754369761477,43.81022247846969,33.99800716727529,5.841692635765155,2.4265627079575287,25.413115373205375,3752.5784967581662
2681,268.09999999999246,43.83052042553827,33.98004882796219,9.849885744637279,3752.301838082602,25.262905698501378,123.37942864397235,123.45303200000002,13.509183420479177,0.1,9.829687569442989,3744.3605227676344,34.0,25.24624146339042,3766.068521184045,5.78746852324283,2.462537211108657,5.840100000000012,2.427000000000001,102.8462544559954,48.48072862829066,32.786788161502976,0.47139031834196743,0.6762849711456363,13.50016417572297,43.82968756944299,33.95076101691466,5.83931495160307,2.427320187057811,25.227964143594594,3752.3082280047743
2682,268.1999999999925,43.83036519435211,33.980182742559,9.849667618352006,3752.1026770666404,25.262949917015085,123.3892820424202,123.45303200000002,13.508095924288673,0.1,9.834201118402255,3744.3605227676344,34.0,25.239369340605336,3764.7434165124546,5.78746852324283,2.462537211108657,5.840100000000012,2.427000000000001,102.84403744330506,48.48202700563309,32.784148808248624,0.4714131048419781,0.6762124200054477,13.545231428718035,43.834201118402255,33.98027932459396,5.839383491397321,2.426593290509784,25.34626128844552,3752.064520600504
2683,268.2999999999925,43.83022733871378,33.98030166786667,9.849479791526376,3751.9301780529495,25.26298877517908,123.39783514085339,123.45303200000002,13.507153786385325,0.1,9.872728228449475,3744.3605227676344,34.0,25.239369340605336,3764.7434165124546,5.78746852324283,2.462537211108657,5.840100000000012,2.427000000000001,102.8421315676327,48.483158617638836,32.7818622395572,0.4714328444831441,0.676149474874162,13.46792010405353,43.872728228449475,34.03386225301185,5.839354104964193,2.427431854071057,25.270319942579004,3751.735833958148
2684,268.39999999999253,43.83010619450171,33.98040617673229,9.849317709283188,3751.7808226004427,25.263022428882167,123.40525204962304,123.45303200000002,13.50633777398298,0.1,9.787350779721443,3744.3605227676344,34.0,25.239369340605336,3764.7434165124546,5.78746852324283,2.462537211108657,5.840100000000012,2.427000000000001,102.8404874119329,48.484142614364075,32.7798817774567,0.4714499496697087,0.67609490464095,13.481431502466133,43.78735077972144,33.950115486212475,5.840597870993686,2.426893978115263,25.311158562272563,3751.667838807823
2685,268.49999999999255,43.83000127571697,33.98049668835248,9.84917740257999,3751.651536329093,25.263051284439456,123.41167440565246,123.45303200000002,13.505631242977403,0.1,9.790507607807776,3744.3605227676344,34.0,25.239369340605336,3764.7434165124546,5.784084624587571,2.463364357733623,5.840100000000012,2.427000000000001,102.83906301575925,48.48499501609648,32.77816702670617,0.47146476829205014,0.6760476517698761,13.534278747884285,43.790507607807776,33.98509623235019,5.838663284860876,2.4284001939307567,25.258792623178394,3751.5802467467383
2686,268.5999999999926,43.82991131563156,33.9805742954576,9.849055681594052,3751.539628109787,25.263075979416506,123.41722999939519,123.45303200000002,13.50501964991019,0.1,9.80414511592624,3744.3605227676344,34.0,25.239369340605336,3764.7434165124546,5.784084624587571,2.463364357733623,5.840100000000012,2.427000000000001,102.83782592243921,48.48573132680673,32.776682690332045,0.47147759972458875,0.6760067713407989,13.48492348357049,43.80414511592624,33.962626498431256,5.837802947859581,2.426721806210304,25.306803770051943,3751.7142424228136
2687,268.6999999999926,43.8298343265711,33.98064071274048,9.848950044266873,3751.4427525975993,25.263097214052415,123.42203489142004,123.45303200000002,13.5044902643043,0.1,9.790232595177883,3744.3605227676344,34.0,25.239877827009877,3764.2337326110965,5.784084624587571,2.463364357733623,5.840100000000012,2.427000000000001,102.83675148792905,48.486366888801626,32.775397871466545,0.4714887060050019,0.6759714116471846,13.575183893216764,43.79023259517788,33.96844784130081,5.839088282719186,2.427858882946461,25.319582266089192,3751.425423972033
2688,268.7999999999926,43.829768125470196,33.980697823467864,9.848858459205003,3751.3588784922617,25.263115597990396,123.42619239214004,123.45303200000002,13.50403199142646,0.1,9.845528076892371,3744.3605227676344,34.0,25.239877827009877,3764.2337326110965,5.784084624587571,2.463364357733623,5.840100000000012,2.427000000000001,102.83581987127567,48.48691607736539,32.77428564319203,0.4714983177851715,0.6759408165059952,13.541415466174952,43.84552807689237,33.960403427584666,5.839631943993348,2.4278783103536896,25.324621557927582,3751.416075058155
2689,268.89999999999264,43.82971081170514,33.980747267258565,9.848779171026496,3751.286254037918,25.263131587282277,123.42979204138501,123.45303200000002,13.503635222142238,0.1,9.759002760794587,3744.3605227676344,34.0,25.239877827009877,3764.2337326110965,5.784084624587571,2.463364357733623,5.840100000000012,2.427000000000001,102.83501363920382,48.48739145843792,32.773322684139224,0.47150663711248886,0.6759143294444212,13.592952814611062,43.75900276079459,33.990977475027336,5.841694480012417,2.426503201844081,25.365689135938528,3751.594834073406
2690,268.99999999999267,43.82966096348878,33.98079027065315,9.848710595054715,3751.2233697617316,25.263145503263683,123.43291003570751,123.45303200000002,13.503291669711471,0.1,9.833984111560078,3744.3605227676344,34.0,25.239877827009877,3764.2337326110965,5.779497497782291,2.464263562314137,5.840100000000012,2.427000000000001,102.83431668579946,48.487803478317836,32.77248888238975,0.47151383935838986,0.6758913898222785,13.501564222439976,43.83398411156008,33.97486838158173,5.838215776241918,2.428203448141113,25.060244974397513,3751.038908345116
2691,269.0999999999927,43.829617579025154,33.9808276978762,9.848651292767766,3751.168922368733,25.263157586988882,123.43561097980488,123.45303200000002,13.502994193521998,0.1,9.84859439279034,3744.3605227676344,34.0,25.239877827009877,3764.2337326110965,5.779497497782291,2.464263562314137,5.840100000000012,2.427000000000001,102.83371418435556,48.48816068760158,32.7717669076779,0.47152007561133336,0.675871520860919,13.427502485382233,43.84859439279034,33.95886624629648,5.839671833384945,2.4279249951602395,25.18263678624465,3751.3488174008976
2692,269.1999999999927,43.82957990680346,33.98086019723775,9.848599985127219,3751.1217833757796,25.26316804724576,123.43795012075906,123.45303200000002,13.502736628293006,0.1,9.800449458124952,3744.3605227676344,34.0,25.18292885746573,3755.450362520405,5.779497497782291,2.464263562314137,5.840100000000012,2.427000000000001,102.8331929293283,48.488470215341295,32.771141796867134,0.47152547571546083,0.6758543144654345,13.382663847022057,43.80044945812495,33.98842291688175,5.840227079732471,2.426711759120743,25.097030473320824,3751.0088449283758
2693,269.29999999999274,43.82954729590662,33.98088833026927,9.84855556493908,3751.0809737910768,25.26317708370589,123.43997530065981,123.45303200000002,13.502513635696927,0.1,9.808578586857081,3744.3605227676344,34.0,25.18292885746573,3755.450362520405,5.779497497782291,2.464263562314137,5.840100000000012,2.427000000000001,102.83274156643257,48.48873821019175,32.770600593836456,0.47153015150205624,0.6758394176350927,13.5143964392687,43.80857858685708,33.97695281138057,5.839401095786451,2.427202741717948,25.23148466549504,3751.1299278927595
2694,269.39999999999276,43.82951912383852,33.98091263398559,9.848517090850343,3751.0456440772423,25.263184888096536,123.44172830197807,123.45303200000002,13.502320584580056,0.1,9.811891745464294,3744.3605227676344,34.0,25.18292885746573,3755.450362520405,5.779497497782291,2.464263562314137,5.840100000000012,2.427000000000001,102.83235053145782,48.48897011093265,32.77013205877581,0.47153419969817,0.6758265226876253,13.569945983750015,43.811891745464294,33.995422981097896,5.838522325037187,2.42669900025139,25.298227971052842,3751.0837168137027
2695,269.4999999999928,43.82949479287025,33.98093362403664,9.848483765030979,3751.0150577547747,25.263191635679007,123.44324565827354,123.45303200000002,13.502153456177153,0.1,9.838148840861919,3744.3605227676344,34.0,25.18292885746573,3755.450362520405,5.773671509348437,2.465280383043173,5.840100000000012,2.427000000000001,102.83201177033727,48.489170753753314,32.769726438141966,0.47153770425155106,0.6758153610124467,13.527921762252827,43.83814884086192,33.93050190573162,5.841512197550275,2.427301687511698,25.489764191069852,3751.0467649595275
2696,269.5999999999928,43.82947375660713,33.98095177178805,9.84845490519882,3750.9885771991862,25.2631974778979,123.4445591772091,123.45303200000002,13.502008766547098,0.1,9.795235960895624,3744.3605227676344,34.0,25.18292885746573,3755.450362520405,5.773671509348437,2.465280383043173,5.840100000000012,2.427000000000001,102.83171840181312,48.48934439468883,32.76937527640982,0.4715407380942286,0.6758056988701859,13.490838088726061,43.795235960895624,34.009648654021724,5.838765126242317,2.426435727900065,25.17565436403838,3751.278655723139
2697,269.6999999999928,43.82945554290551,33.98096748455081,9.848429920424788,3750.9656508533485,25.26320254087687,123.44569639415386,123.45303200000002,13.501883499385746,0.1,9.808385737717224,3744.3605227676344,34.0,25.210527230842604,3752.434640403993,5.773671509348437,2.465280383043173,5.840100000000012,2.427000000000001,102.83146444543976,48.48949472293839,32.769071253009216,0.47154336451822004,0.6757973338399732,13.50884042938719,43.808385737717224,34.005739845962495,5.840852480589131,2.4269751902520906,25.217736093954127,3750.982240057326
2698,269.79999999999285,43.82943975856229,33.98098110153539,9.848408294597247,3750.945801667226,25.26320692896248,123.44668105650135,123.45303200000002,13.501775045533497,0.1,9.82328310541913,3744.3605227676344,34.0,25.210527230842604,3752.434640403993,5.773671509348437,2.465280383043173,5.840100000000012,2.427000000000001,102.83124465430122,48.489624902002596,32.768808035509814,0.4715456383418809,0.6757900912150896,13.502229358409435,43.82328310541913,34.01466301970384,5.840461839238378,2.4271516818185206,25.38253247246125,3751.0118711850414
2699,269.8999999999929,43.82942607826658,33.980992903382806,9.848389576505307,3750.928616848112,25.26321073017544,123.44753363428937,123.45303200000002,13.501681148289068,0.1,9.796755063777645,3744.3605227676344,34.0,25.210527230842604,3752.434640403993,5.773671509348437,2.465280383043173,5.840100000000012,2.427000000000001,102.83105442822745,48.48973763800656,32.76858014689758,0.4715476069716929,0.675783820311153,13.455926036688505,43.796755063777645,33.951100180154484,5.839578850115714,2.427099872026695,25.33712524263953,3750.8852680657583
2700,269.9999999999929,43.82941422760506,33.9810031268257,9.848373373417292,3750.9137389925336,25.263214020857056,123.4482718072429,123.45303200000002,13.501599854922636,0.1,9.821970135207003,3744.3605227676344,34.0,25.210527230842604,3752.434640403993,5.7738965061863246,2.4662271562449387,5.840100000000012,2.427000000000001,102.83088976214309,48.4898352565575,32.76838284789725,0.4715493113860899,0.6757783909662971,13.499309463172875,43.821970135207,33.978425050242656,5.839060512102741,2.4295796284822035,25.313685410282346,3750.8792122843356
2701,270.0999999999929,43.829403968576045,33.98101197718495,9.848359345455892,3750.900858536032,25.263216868411053,123.44891088518555,123.45303200000002,13.501529474725016,0.1,9.802238281990135,3744.3605227676344,34.0,25.210527230842604,3752.434640403993,5.7738965061863246,2.4662271562449387,5.840100000000012,2.427000000000001,102.8307471954174,48.489919770416755,32.768212035157624,0.4715507870254752,0.6757736904969928,13.52477099991517,43.802238281990135,34.00566118557578,5.838670340142419,2.427413075692489,25.33949156153169,3750.785413634579
2702,270.19999999999294,43.829395091041704,33.98101963574383,9.848347199566536,3750.889707340521,25.2632193324334,123.4494641480172,123.45303200000002,13.501468543291102,0.1,9.805171787375855,3744.3605227676344,34.0,25.225426285813477,3749.52376872221,5.7738965061863246,2.4662271562449387,5.840100000000012,2.427000000000001,102.83062375018184,48.48999293024718,32.76806415456752,0.47155206456832793,0.6757696212021386,13.441111244175456,43.805171787375855,33.95224795701995,5.840523263215352,2.4264641672153404,25.393494443966823,3750.8071889470025
2703,270.29999999999296,43.82938740920564,33.981026262786635,9.848336683166906,3750.880053201579,25.263221465095647,123.44994311672377,123.45303200000002,13.501415792184629,0.1,9.851342167315288,3744.3605227676344,34.0,25.225426285813477,3749.52376872221,5.7738965061863246,2.4662271562449387,5.840100000000012,2.427000000000001,102.83051686310456,48.49005626013566,32.767936127632105,0.4715531705893216,0.6757660983489325,13.52381742055925,43.85134216731529,33.974803356394624,5.841196471781415,2.4280557750301774,25.24908195992357,3750.891047189215
2704,270.399999999993,43.82938076041782,33.981031998629604,9.848327578109384,3750.8716950890594,25.263223311512345,123.45035777686596,123.45303200000002,13.501370122954745,0.1,9.84273945493215,3744.3605227676344,34.0,25.225426285813477,3749.52376872221,5.7738965061863246,2.4662271562449387,5.840100000000012,2.427000000000001,102.83042432053884,48.490111083909326,32.76782528841118,0.4715541281124924,0.6757630485050521,13.469295068337074,43.84273945493215,34.017880753167546,5.838530578221704,2.4253164027726255,25.22440800037614,3750.9083454244374
2705,270.499999999993,43.82937500402912,33.981036964609146,9.848319695486458,3750.8644589924324,25.26322491039618,123.45071677276792,123.45303200000002,13.501330584621568,0.1,9.844498977998292,3744.3605227676344,34.0,25.225426285813477,3749.52376872221,5.770531599260123,2.4672029954164443,5.840100000000012,2.427000000000001,102.83034420410557,48.4901585477458,32.767729328876555,0.47155495708055595,0.6757604080962497,13.505445525013304,43.84449897799829,33.95783411693904,5.841936525564489,2.4270497895798404,25.2520180653549,3750.8846103518017
2706,270.59999999999303,43.82937001934887,33.98104126484374,9.848312871439521,3750.8581942915735,25.26322629494411,123.4510275820006,123.45303200000002,13.501296354022413,0.1,9.829829072874283,3744.3605227676344,34.0,25.225426285813477,3749.52376872221,5.770531599260123,2.4672029954164443,5.840100000000012,2.427000000000001,102.83027484824265,48.490199641824496,32.76764625121241,0.47155567476005034,0.675758122120602,13.563591035913959,43.82982907287428,33.975159686036385,5.840285653083113,2.427055347828151,25.23827420167508,3750.833756302744
2707,270.69999999999305,43.82936570288224,33.98104498861724,9.848306963819946,3750.8527705996835,25.263227493752733,123.45129667245953,123.45303200000002,13.501266718643704,0.1,9.85180612464191,3744.3605227676344,34.0,25.267701627306568,3751.866615938777,5.770531599260123,2.4672029954164443,5.840100000000012,2.427000000000001,102.83021480723873,48.49023522123633,32.767574326148285,0.47155629609579364,0.6757561429975845,13.520231119939272,43.85180612464191,33.961857083811886,5.839492945188777,2.4279903187000085,25.220785090391168,3750.7490934883663
2708,270.7999999999931,43.82936196547648,33.98104821284077,9.848301849432968,3750.8480750312387,25.26322853159722,123.45152964115655,123.45303200000002,13.501241061686285,0.1,9.816818715573433,3744.3605227676344,34.0,25.267701627306568,3751.866615938777,5.770531599260123,2.4672029954164443,5.840100000000012,2.427000000000001,102.83016282811653,48.49026602519897,32.767512056712626,0.47155683402205434,0.6757544295526098,13.467902232932502,43.81681871557343,33.94455553021764,5.840124821370811,2.4269923083004574,25.24099601419518,3750.7826333023113
2709,270.8999999999931,43.829358729892505,33.981051004147645,9.848297421639383,3750.8440098454953,25.263229430017113,123.45173133413662,123.45303200000002,13.501218849141383,0.1,9.889046571945812,3744.3605227676344,34.0,25.267701627306568,3751.866615938777,5.770531599260123,2.4672029954164443,5.840100000000012,2.427000000000001,102.83011782666176,48.49029269370857,32.76745814686615,0.4715572997343782,0.6757529461379721,13.462357833501173,43.88904657194581,33.988614464978376,5.840723242326125,2.42853263060007,25.154984392953335,3750.9489847759874
2710,270.9999999999931,43.82935592897866,33.98105342046893,9.848293588198864,3750.84049041447,25.26323020774169,123.451905948638,123.45303200000002,13.501199618643115,0.1,9.843258749434398,3744.3605227676344,34.0,25.267701627306568,3751.866615938777,5.769517920660088,2.4681501505812187,5.840100000000012,2.427000000000001,102.83007886545427,48.49031578140789,32.76741147444685,0.47155770292517196,0.675751661881536,13.394006288045379,43.8432587494344,34.02692903261343,5.839793043610629,2.4256591075251355,25.275977352090536,3750.8096443920545
2711,271.09999999999314,43.82935350434451,33.98105551217742,9.848290269328608,3750.837443467355,25.263230881021386,123.4520571200063,123.45303200000002,13.501182969855945,0.1,9.819917953700731,3744.3605227676344,34.0,25.267701627306568,3751.866615938777,5.769517920660088,2.4681501505812187,5.840100000000012,2.427000000000001,102.83004513388325,48.49033576903713,32.76737106784039,0.47155805198668743,0.6757505500459654,13.46387094742082,43.81991795370073,33.95208283597164,5.838900291356106,2.4280098940410375,25.232684430181944,3750.834939952135
2712,271.19999999999317,43.82935140532773,33.981057322979,9.848287395989225,3750.8348055701113,25.263231463919272,123.45218799625196,123.45303200000002,13.50116855616985,0.1,9.744087308826138,3744.3605227676344,34.0,25.218660818055202,3751.3287294798615,5.769517920660088,2.4681501505812187,5.840100000000012,2.427000000000001,102.83001593049669,48.49035307306937,32.76733608582424,0.4715583541856518,0.6757495874787227,13.482077758086396,43.74408730882614,33.96544801219188,5.841106954877193,2.4269184109049298,25.3585887278921,3750.7328415115494
2713,271.2999999999932,43.82934958808528,33.981058890696616,9.848284908404864,3750.832521806802,25.263231968586673,123.45230130268759,123.45303200000002,13.501156077507966,0.1,9.872492552783264,3744.3605227676344,34.0,25.218660818055202,3751.3287294798615,5.769517920660088,2.4681501505812187,5.840100000000012,2.427000000000001,102.82999064786068,48.490368054056184,32.76730580011185,0.4715586158138486,0.6757487541357379,13.47713351266868,43.872492552783264,33.9761756577438,5.841160530052166,2.4276783220545215,25.296135370553674,3750.8961017163465
2714,271.3999999999932,43.829348014734194,33.981060248011524,9.84828275480318,3750.8305446358286,25.263232405522707,123.4523993983281,123.45303200000002,13.501145274088605,0.1,9.847536730867745,3744.3605227676344,34.0,25.218660818055202,3751.3287294798615,5.769517920660088,2.4681501505812187,5.840100000000012,2.427000000000001,102.82996875976902,48.49038102399765,32.76727958021306,0.4715588423184363,0.6757480326664518,13.508867889665613,43.847536730867745,33.99981004837162,5.838654974000002,2.428194322210397,25.327110874317864,3750.9263958979905
2715,271.49999999999324,43.82934665254241,33.98106142316134,9.848280890343432,3750.8288328987765,25.26323278380814,123.45248432511465,123.45303200000002,13.501135921014628,0.1,9.82591720458511,3744.3605227676344,34.0,25.218660818055202,3751.3287294798615,5.767766306233947,2.469156779061213,5.840100000000012,2.427000000000001,102.82994981041557,48.49039225286592,32.76725688030251,0.4715590384150354,0.675747408052074,13.535080582986897,43.82591720458511,34.037512665398225,5.839268457375618,2.4282953237898,25.282878489756712,3750.9148237588333
2716,271.59999999999326,43.82934547319975,33.98106244056899,9.848279276196832,3750.8273509624564,25.26323311130636,123.45255785070388,123.45303200000002,13.501127823584769,0.1,9.897904808727873,3744.3605227676344,34.0,25.218660818055202,3751.3287294798615,5.767766306233947,2.469156779061213,5.840100000000012,2.427000000000001,102.82993340510622,48.490401974322346,32.76723722784025,0.47155920818591585,0.6757468672912186,13.528216317282222,43.89790480872787,33.99466293105323,5.837504425229525,2.427951178195674,25.33948649681245,3750.78396661422
2717,271.6999999999933,43.82934445219129,33.981063321383246,9.848277878748995,3750.8260679767254,25.26323339483131,123.45262150548605,123.45303200000002,13.501120813235024,0.1,9.82932984838638,3744.3605227676344,34.0,25.25734142371251,3751.619033335373,5.767766306233947,2.469156779061213,5.840100000000012,2.427000000000001,102.82991920217765,48.49041039066435,32.767220213721416,0.47155935516515957,0.6757463991278149,13.503739237824089,43.82932984838638,33.95746248765508,5.838798835712838,2.4247164138301716,25.31446720068223,3750.6727451356724
2718,271.7999999999933,43.82934356827391,33.98106408393035,9.848276668903972,3750.8249572324758,25.263233640287478,123.45267661452009,123.45303200000002,13.50111474402775,0.1,9.877288226867535,3744.3605227676344,34.0,25.25734142371251,3751.619033335373,5.767766306233947,2.469156779061213,5.840100000000012,2.427000000000001,102.82990690591929,48.49041767707023,32.76720548375536,0.4715594824123967,0.6757459938162187,13.423686133463576,43.877288226867535,34.01633091568045,5.839359927176561,2.4278767572132764,25.256341909073406,3750.8061561924847
2719,271.8999999999933,43.829342803039765,33.98106474409056,9.848275621476823,3750.8239956060356,25.26323385278885,123.45272432508074,123.45303200000002,13.501109489614615,0.1,9.818952949092775,3744.3605227676344,34.0,25.25734142371251,3751.619033335373,5.767766306233947,2.469156779061213,5.840100000000012,2.427000000000001,102.829896260382,48.49042398523724,32.767192731294685,0.4715595925765753,0.6757456429184978,13.470934383480474,43.818952949092775,33.99884193032665,5.840251383181011,2.428335852199595,25.50827254341705,3750.858993576931
2720,271.99999999999335,43.82934214054548,33.981065315618075,9.848274714665708,3750.8231630781074,25.263234036762334,123.45276563046569,123.45303200000002,13.501104940608306,0.1,9.837762932550078,3744.3605227676344,34.0,25.25734142371251,3751.619033335373,5.765583043672729,2.470081567551626,5.840100000000012,2.427000000000001,102.82988704399799,48.490429446514234,32.76718169085637,0.47155968795109693,0.6757453391292219,13.468389587950023,43.83776293255008,33.99871949098778,5.8416532988308765,2.426389598584747,25.149592276877613,3750.7868429928158
2721,272.0999999999934,43.829341566989754,33.98106581041915,9.848273929595235,3750.822442317127,25.263234196038887,123.45280139061514,123.45303200000002,13.501101002306862,0.1,9.838634249808706,3744.3605227676344,34.0,25.25734142371251,3751.619033335373,5.765583043672729,2.470081567551626,5.840100000000012,2.427000000000001,102.82987906493331,48.490434174614805,32.767172132598766,0.4715597705215122,0.6757450761237499,13.535850783413919,43.838634249808706,33.947807846379305,5.839859578339438,2.4269822589200856,25.19903679065676,3750.872131122458
2722,272.1999999999934,43.829341070429166,33.981066238797254,9.84827324992258,3750.8218183184144,25.26323433393379,123.45283234999347,123.45303200000002,13.501097592722731,0.1,9.797421217344109,3744.3605227676344,34.0,25.25824797306121,3756.2308818523957,5.765583043672729,2.470081567551626,5.840100000000012,2.427000000000001,102.82987215708613,48.490438267976266,32.76716385753808,0.47155984200681256,0.6757448484267042,13.590375030172705,43.79742121734411,33.986073409320696,5.8404021407216735,2.4252043803560643,25.258514642003465,3750.911372389164
2723,272.2999999999934,43.82934064052802,33.98106660966889,9.848272661497715,3750.8212780917142,25.263234453316713,123.45285915309634,123.45303200000002,13.501094640875776,0.1,9.818580041893085,3744.3605227676344,34.0,25.25824797306121,3756.2308818523957,5.765583043672729,2.470081567551626,5.840100000000012,2.427000000000001,102.82986617663812,48.490441811811344,32.76715669340552,0.4715599038951961,0.6757446512979403,13.476280857652503,43.818580041893085,33.99975805234428,5.8386862192355204,2.424779930655856,25.33809658437929,3750.897953495379
2724,272.39999999999344,43.82934026833982,33.98106693075212,9.848272152069788,3750.820810390691,25.263234556672217,123.45288235788668,123.45303200000002,13.501092085315152,0.1,9.837018861732545,3744.3605227676344,34.0,25.25824797306121,3756.2308818523957,5.765583043672729,2.470081567551626,5.840100000000012,2.427000000000001,102.82986099907401,48.49044487988884,32.76715049105989,0.4715599574750519,0.6757444806337484,13.500096593565681,43.837018861732545,33.96391510167531,5.84079150827647,2.426970929698419,25.144824490298227,3750.9802631823045
2725,272.49999999999346,43.82933994611871,33.98106720872922,9.848271711032776,3750.820405478783,25.263234646151737,123.45290244742442,123.45303200000002,13.501089872839687,0.1,9.848153485447753,3744.3605227676344,34.0,25.25824797306121,3756.2308818523957,5.757119664903874,2.471087626586577,5.840100000000012,2.427000000000001,102.82985651659817,48.490447536074626,32.76714512138194,0.47156000386179275,0.6757443328813312,13.498244511386085,43.84815348544775,33.909526227819846,5.839392351059241,2.427233942296591,25.346317979692632,3750.8676931583695
2726,272.5999999999935,43.829339667157356,33.981067449386536,9.848271329204907,3750.820054926526,25.263234723618222,123.45291983992718,123.45303200000002,13.501087957390249,0.1,9.837310273605482,3744.3605227676344,34.0,25.25824797306121,3756.2308818523957,5.757119664903874,2.471087626586577,5.840100000000012,2.427000000000001,102.82985263589217,48.490449835663334,32.76714047258615,0.4715600440210883,0.6757442049648065,13.509416027530923,43.83731027360548,33.96426396407605,5.8405275595882475,2.4271579019000002,25.40810662768168,3750.7833453106664
2727,272.6999999999935,43.82933942564783,33.981067657734506,9.848270998637387,3750.8197514360977,25.26323479068465,123.45293489747355,123.45303200000002,13.501086299090973,0.1,9.87471767657712,3744.3605227676344,34.0,25.268477144389454,3758.6702439043397,5.757119664903874,2.471087626586577,5.840100000000012,2.427000000000001,102.82984927616972,48.4904518265286,32.767136447893805,0.4715600787889709,0.6757440942211898,13.50890450579875,43.87471767657712,33.937189690365656,5.8404792885947705,2.428032220635013,25.14367866243215,3750.8410769442157
2728,272.79999999999353,43.82933921656155,33.981067838111265,9.848270712448674,3750.8194886894125,25.26323484874741,123.45294793353587,123.45303200000002,13.501084863419267,0.1,9.838196225716935,3744.3605227676344,34.0,25.268477144389454,3758.6702439043397,5.757119664903874,2.471087626586577,5.840100000000012,2.427000000000001,102.8298463674913,48.490453550118076,32.76713296351858,0.47156010888924055,0.6757439983449853,13.53988462518713,43.838196225716935,34.00524456580182,5.839468410582884,2.4275263250478587,25.19017543435093,3751.1022944884066
2729,272.89999999999355,43.82933903554509,33.98106799427246,9.84827046468104,3750.8192612166,25.263234899015316,123.45295921950199,123.45303200000002,13.50108362048721,0.1,9.807877176307215,3744.3605227676344,34.0,25.268477144389454,3758.6702439043397,5.757119664903874,2.471087626586577,5.840100000000012,2.427000000000001,102.82984384930592,48.49045504231488,32.76712994692247,0.47156013494852916,0.6757439153402139,13.44660908046859,43.807877176307215,33.94925355374702,5.837477246177423,2.4272545509719348,25.408607650298222,3750.8584570102985
2730,272.9999999999936,43.82933887882986,33.9810681294692,9.848270250176482,3750.8190642821296,25.26323494253481,123.45296899032404,123.45303200000002,13.501082544419399,0.1,9.817078092221315,3744.3605227676344,34.0,25.268477144389454,3758.6702439043397,5.755667612140345,2.4721086926677716,5.840100000000012,2.427000000000001,102.82984166919012,48.49045633418411,32.767127335305894,0.47156015750934316,0.6757438434788702,13.457415406890316,43.817078092221315,34.002586347522524,5.838886321922041,2.426463070056399,25.30806772046131,3750.993627973462
2731,273.0999999999936,43.82933874315347,33.981068246515925,9.84827006446939,3750.8188937862205,25.263234980211813,123.45297744941008,123.45303200000002,13.501081612814245,0.1,9.810550281445956,3744.3605227676344,34.0,25.268477144389454,3758.6702439043397,5.755667612140345,2.4721086926677716,5.840100000000012,2.427000000000001,102.82983978175736,48.490457452619744,32.76712507430018,0.4715601770413557,0.6757437812649447,13.536767734871184,43.810550281445956,33.96189504629116,5.839375749097133,2.427290916815142,25.216367507660998,3751.020567075288
2732,273.1999999999936,43.82933862569166,33.98106834784912,9.848269903693627,3750.818746179488,25.263235012830638,123.45298477286002,123.45303200000002,13.501080806277594,0.1,9.84353008342704,3744.3605227676344,34.0,25.236374588489234,3759.4051494064215,5.755667612140345,2.4721086926677716,5.840100000000012,2.427000000000001,102.82983814771397,48.49045842090495,32.767123116835734,0.47156019395118487,0.6757437274032729,13.529824467592789,43.84353008342704,34.01371652918371,5.840693850281365,2.428094287447575,25.411263281331237,3750.7813998233373
2733,273.29999999999364,43.82933852399921,33.98106843557823,9.848269764502106,3750.818618389049,25.263235041070335,123.45299111313264,123.45303200000002,13.501080108018966,0.1,9.815023482457576,3744.3605227676344,34.0,25.236374588489234,3759.4051494064215,5.755667612140345,2.4721086926677716,5.840100000000012,2.427000000000001,102.82983673304174,48.490459259197216,32.76712142216204,0.47156020859085973,0.6757436807725652,13.445738177729936,43.815023482457576,33.968188309364876,5.83930010605307,2.4264982359985026,25.228928458433398,3750.931586231643
2734,273.39999999999367,43.82933843595913,33.98106851152958,9.848269643997117,3750.818507754555,25.26323506551881,123.45299660221963,123.45303200000002,13.501079503501986,0.1,9.782214443920076,3744.3605227676344,34.0,25.236374588489234,3759.4051494064215,5.755667612140345,2.4721086926677716,5.840100000000012,2.427000000000001,102.82983550828988,48.49045998494804,32.76711995499933,0.4715602212651489,0.6757436404020626,13.529738155197338,43.782214443920076,33.99661873611672,5.840518261695822,2.427756534823528,25.36819947110365,3750.7289796851123
2735,273.4999999999937,43.82933835973856,33.98106857728433,9.848269539669982,3750.8184119728094,25.263235086685054,123.45300135439318,123.45303200000002,13.501078980141779,0.1,9.809797427695564,3744.3605227676344,34.0,25.236374588489234,3759.4051494064215,5.753197249373836,2.473017291638774,5.840100000000012,2.427000000000001,102.82983444796146,48.49046061326621,32.76711868480411,0.4715602322379067,0.6757436054513278,13.495286698840854,43.809797427695564,33.98991115050787,5.839955765532067,2.427292716033784,25.30856995103972,3750.778453920378
2736,273.5999999999937,43.82933829375068,33.98106863421146,9.848269449348827,3750.8183290498214,25.263235105009716,123.45300546858456,123.45303200000002,13.501078527043001,0.1,9.854724262572716,3744.3605227676344,34.0,25.236374588489234,3759.4051494064215,5.753197249373836,2.473017291638774,5.840100000000012,2.427000000000001,102.82983352998279,48.49046115723221,32.76711758513338,0.4715602417375646,0.6757435751927523,13.522753687135358,43.85472426257272,33.986945221407275,5.8399355556956225,2.4274197260582393,25.26058443442139,3750.856669803807
2737,273.69999999999374,43.82933823662171,33.981068683496076,9.848269371153348,3750.818257259295,25.26323512087429,123.45300903044337,123.45303200000002,13.501078134773012,0.1,9.809404944623502,3744.3605227676344,34.0,25.24512725163239,3759.4729964269163,5.753197249373836,2.473017291638774,5.840100000000012,2.427000000000001,102.82983273524341,48.490461628170436,32.76711663309411,0.4715602499618872,0.6757435489964096,13.547446458974996,43.8094049446235,33.97038252028391,5.840771094863203,2.4268467885544203,25.211544925788274,3750.8960030351923
2738,273.79999999999376,43.82933818716232,33.981068726164224,9.848269303455671,3750.818195106691,25.26323513460904,123.45301211412065,123.45303200000002,13.501077795165505,0.1,9.813789121917878,3744.3605227676344,34.0,25.24512725163239,3759.4729964269163,5.753197249373836,2.473017291638774,5.840100000000012,2.427000000000001,102.82983204719842,48.49046203588495,32.76711580886669,0.4715602570820893,0.6757435263169418,13.441726124322924,43.81378912191788,33.96923504156552,5.840402866435047,2.426494435000641,25.27957707033143,3750.857482167762
2739,273.8999999999938,43.829338144342856,33.98106876310417,9.848269244846461,3750.8181412981126,25.263235146499895,123.45301478381258,123.45303200000002,13.501077501150514,0.1,9.830781607186893,3744.3605227676344,34.0,25.24512725163239,3759.4729964269163,5.753197249373836,2.473017291638774,5.840100000000012,2.427000000000001,102.82983145152406,48.490462388863605,32.76711509529231,0.47156026324639977,0.675743506682206,13.496486192719368,43.83078160718689,33.98810060132153,5.8415704456983155,2.4272212441024807,25.168364407143997,3750.982343650219
2740,273.9999999999938,43.82933810727194,33.98106879508491,9.84826919410558,3750.81809471337,25.26323515679439,123.45301709509677,123.45303200000002,13.501077246607219,0.1,9.787524084680221,3744.3605227676344,34.0,25.24512725163239,3759.4729964269163,5.7509438477408485,2.4739274810587792,5.840100000000012,2.427000000000001,102.82983093581937,48.49046269445467,32.76711447751573,0.47156026858314787,0.6757434896834456,13.53075707793445,43.78752408468022,34.00006718908167,5.839714670238031,2.426279795430685,25.284558383008953,3750.575845610772
2741,274.0999999999938,43.829338075177816,33.9810688227722,9.84826915017669,3750.8180543826593,25.263235165706842,123.45301909608956,123.45303200000002,13.501077026236525,0.1,9.834158242487739,3744.3605227676344,34.0,25.24512725163239,3759.4729964269163,5.7509438477408485,2.4739274810587792,5.840100000000012,2.427000000000001,102.82983048934832,48.4904629590199,32.767113942676055,0.47156027320343397,0.6757434749667803,13.49527363304626,43.83415824248774,33.938193717185996,5.840560080829189,2.4263269917171186,25.018794610503416,3750.814246756006
2742,274.19999999999385,43.829338047392355,33.98106884674245,9.848269112145283,3750.818019466372,25.26323517342279,123.45302082844779,123.45303200000002,13.501076835450737,0.1,9.782700604885697,3744.3605227676344,34.0,25.229397426383468,3758.358717264284,5.7509438477408485,2.4739274810587792,5.840100000000012,2.427000000000001,102.82983010281629,48.49046318806708,32.76711347963895,0.47156027720344385,0.675743462225837,13.522766880822227,43.7827006048857,33.96756790937785,5.836103086339127,2.4258137221856377,25.20655159725989,3750.8434513599095
2743,274.2999999999939,43.829338023337115,33.98106886749468,9.848269079219616,3750.8179892376183,25.263235180102868,123.45302232823582,123.45303200000002,13.501076670278062,0.1,9.874872311565355,3744.3605227676344,34.0,25.229397426383468,3758.358717264284,5.7509438477408485,2.4739274810587792,5.840100000000012,2.427000000000001,102.82982976817644,48.49046338636451,32.76711307876487,0.47156028066644956,0.6757434511953739,13.408731214810372,43.874872311565355,33.97883929933589,5.838954924156215,2.426533968601762,25.427928877812583,3750.671564127138
2744,274.3999999999939,43.82933800251131,33.981068885460914,9.848269050714242,3750.8179630670943,25.26323518588614,123.45302362667641,123.45303200000002,13.501076527279922,0.1,9.814804833944414,3744.3605227676344,34.0,25.229397426383468,3758.358717264284,5.7509438477408485,2.4739274810587792,5.840100000000012,2.427000000000001,102.8298294784622,48.490463558040396,32.76711273170839,0.4715602836645447,0.6757434416457572,13.497333845550239,43.814804833944414,34.00731413300886,5.840910229156912,2.428240342887845,25.124920870440246,3751.0370213122774
2745,274.4999999999939,43.829337984481384,33.981068901015156,9.848269026035732,3750.81794040998,25.263235190893003,123.4530247508005,123.45303200000002,13.501076403479376,0.1,9.851315740435034,3744.3605227676344,34.0,25.229397426383468,3758.358717264284,5.747504926916337,2.4749578932270797,5.840100000000012,2.427000000000001,102.82982922764228,48.490463706668685,32.767112431244456,0.4715602862601437,0.6757434333781827,13.500616715822682,43.851315740435034,33.99676071801134,5.840525458600866,2.425737225533352,25.24196669080521,3750.776532606112
2746,274.59999999999394,43.82933796887198,33.981068914481234,9.848269004670328,3750.817920794598,25.263235195227693,123.4530257240102,123.45303200000002,13.501076296299134,0.1,9.791945324453486,3744.3605227676344,34.0,25.229397426383468,3758.358717264284,5.747504926916337,2.4749578932270797,5.840100000000012,2.427000000000001,102.82982901049512,48.49046383534352,32.76711217111801,0.47156028850728166,0.6757434262205357,13.515256553964964,43.791945324453486,33.94372539832921,5.839910352855499,2.4272922755176793,25.21839943198307,3750.969466312897
2747,274.69999999999396,43.82933795535814,33.98106892613949,9.848268986173247,3750.817903812594,25.26323519898045,123.45302656656591,123.45303200000002,13.501076203507909,0.1,9.810682003219974,3744.3605227676344,34.0,25.206790250784568,3753.4839994520753,5.747504926916337,2.4749578932270797,5.840100000000012,2.427000000000001,102.82982882250012,48.49046394674369,32.767111945913705,0.47156029045273995,0.6757434200238073,13.44120437353592,43.81068200321997,34.00054892328772,5.838868265806317,2.4266579347985715,25.228402131232222,3750.8816151576684
2748,274.799999999994,43.82933794365856,33.981068936232624,9.848268970159411,3750.817889110435,25.263235202229396,123.45302729600799,123.45303200000002,13.501076123173965,0.1,9.846338280765679,3744.3605227676344,34.0,25.206790250784568,3753.4839994520753,5.747504926916337,2.4749578932270797,5.840100000000012,2.427000000000001,102.8298286597436,48.49046404318831,32.76711175094322,0.4715602921370191,0.6757434146589937,13.5433891831179,43.84633828076568,33.95685231168964,5.84107580014769,2.426918295409458,25.342613856443744,3750.8839307979993
2749,274.899999999994,43.829337933529644,33.98106894497074,9.848268956295442,3750.81787638205,25.263235205042168,123.45302792752199,123.45303200000002,13.501076053624905,0.1,9.804865610414886,3744.3605227676344,34.0,25.206790250784568,3753.4839994520753,5.747504926916337,2.4749578932270797,5.840100000000012,2.427000000000001,102.82982851883722,48.49046412668518,32.767111582147656,0.4715602935951828,0.6757434100144099,13.538370428852588,43.804865610414886,33.982508100256815,5.8411783940438,2.4259848425458,25.21640759130622,3750.755112687067
2750,274.99999999999403,43.82933792476054,33.98106895253576,9.84826894429272,3750.8178653624595,25.263235207477322,123.45302847425482,123.45303200000002,13.501075993412853,0.1,9.781828995293978,3744.3605227676344,34.0,25.206790250784568,3753.4839994520753,5.744920705895191,2.4759372005713804,5.840100000000012,2.427000000000001,102.8298283968476,48.49046419897254,32.767111436013,0.4715602948575871,0.6757434059933645,13.528060877891184,43.78182899529398,34.01349264187156,5.84113369278623,2.4272571928277165,25.119732812086976,3750.792853917002
2751,275.09999999999405,43.8293379171687,33.981068959085164,9.84826893390137,3750.817855822256,25.263235209585556,123.45302894758838,123.45303200000002,13.501075941284308,0.1,9.853788112184539,3744.3605227676344,34.0,25.206790250784568,3753.4839994520753,5.744920705895191,2.4759372005713804,5.840100000000012,2.427000000000001,102.82982829123516,48.49046426155527,32.767111309497025,0.4715602959505128,0.6757434025121472,13.37836400809657,43.85378811218454,34.0221760669471,5.842601428847969,2.4258866416233342,25.243496272164894,3750.8306299868464
2752,275.1999999999941,43.82933791059608,33.98106896475531,9.848268924905067,3750.817847562831,25.26323521141076,123.45302935737661,123.45303200000002,13.501075896154054,0.1,9.852664401232737,3744.3605227676344,34.0,25.22452682033911,3751.176876049108,5.744920705895191,2.4759372005713804,5.840100000000012,2.427000000000001,102.8298281998013,48.490464315736205,32.7671111999659,0.47156029689671214,0.6757433994982859,13.477170446842216,43.85266440123274,34.02043140683421,5.841974375186162,2.4262682185117055,25.273286866672795,3750.8357824666264
2753,275.2999999999941,43.82933790490583,33.981068969664236,9.848268917116524,3750.817840412239,25.263235212990928,123.45302971215054,123.45303200000002,13.501075857082563,0.1,9.846242440170272,3744.3605227676344,34.0,25.22452682033911,3751.176876049108,5.744920705895191,2.4759372005713804,5.840100000000012,2.427000000000001,102.82982812064247,48.490464362643344,32.76711110513939,0.471560297715884,0.6757433968890367,13.42211717931879,43.84624244017027,33.96247939300849,5.840002642269733,2.426648299609099,25.176465071093997,3750.829181066062
2754,275.3999999999941,43.82933789997949,33.981068973914134,9.848268910373598,3750.817834221619,25.263235214358957,123.45303001929584,123.45303200000002,13.501075823256448,0.1,9.823057992038429,3744.3605227676344,34.0,25.22452682033911,3751.176876049108,5.744920705895191,2.4759372005713804,5.840100000000012,2.427000000000001,102.82982805211078,48.49046440325316,32.76711102304341,0.47156029842508135,0.6757433946300813,13.566651294197294,43.82305799203843,33.931501963114904,5.839985119663107,2.4264282016691827,25.145370789438193,3750.7402634353703
2755,275.49999999999415,43.82933789571452,33.98106897759349,9.848268904535914,3750.8178288620934,25.263235215543325,123.45303028520667,123.45303200000002,13.501075793971507,0.1,9.847563736583531,3744.3605227676344,34.0,25.22452682033911,3751.176876049108,5.741078858851155,2.4769331147621276,5.840100000000012,2.427000000000001,102.8298279927795,48.490464438411095,32.76711095196886,0.47156029903906865,0.6757433926743918,13.537218946476383,43.84756373658353,33.97442112191615,5.843627229361026,2.4262173479509395,25.25381067638068,3750.8811305222603
2756,275.59999999999417,43.82933789202214,33.98106898077887,9.84826889948194,3750.817824222088,25.26323521656869,123.45303051541876,123.45303200000002,13.501075768618092,0.1,9.808895455939691,3744.3605227676344,34.0,25.22452682033911,3751.176876049108,5.741078858851155,2.4769331147621276,5.840100000000012,2.427000000000001,102.82982794141346,48.49046446884903,32.76711089043612,0.4715602995706277,0.6757433909812555,13.587489593673478,43.80889545593969,33.97477341215702,5.8387593081388625,2.425390226495891,25.27523088271634,3750.8814488468815
2757,275.6999999999942,43.82933788882545,33.98106898353662,9.848268895106466,3750.817820205006,25.263235217456405,123.45303071472473,123.45303200000002,13.50107574666839,0.1,9.819136589183245,3744.3605227676344,34.0,25.24395930191808,3750.3642671319417,5.741078858851155,2.4769331147621276,5.840100000000012,2.427000000000001,102.82982789694336,48.49046449520065,32.767110837164196,0.47156030003082444,0.6757433895154238,13.452061942759432,43.819136589183245,33.93305554018162,5.841793252600872,2.4276807408607115,25.389062503090884,3751.023125394667
2758,275.7999999999942,43.829337886057914,33.981068985924146,9.848268891318405,3750.8178167272195,25.263235218224942,123.45303088727381,123.45303200000002,13.50107572766545,0.1,9.76819240743285,3744.3605227676344,34.0,25.24395930191808,3750.3642671319417,5.741078858851155,2.4769331147621276,5.840100000000012,2.427000000000001,102.82982785844341,48.49046451801457,32.76711079104406,0.47156030042923963,0.6757433882463806,13.469562974480194,43.76819240743285,34.021541546112324,5.8403302819618705,2.4265282958557015,25.201336135161092,3750.850289124386
2759,275.89999999999424,43.82933788366192,33.981068987991144,9.848268888038893,3750.8178137163286,25.2632352188903,123.45303103665806,123.45303200000002,13.501075711213664,0.1,9.789092881441327,3744.3605227676344,34.0,25.24395930191808,3750.3642671319417,5.741078858851155,2.4769331147621276,5.840100000000012,2.427000000000001,102.8298278251121,48.49046453776572,32.767110751115574,0.47156030077416744,0.675743387147707,13.4109592931332,43.78909288144133,33.999171551492864,5.840853710370465,2.4268030373652754,25.18975976572631,3750.814104574789
2760,275.99999999999426,43.829337881587605,33.981068989780645,9.848268885199657,3750.8178111096518,25.263235219466335,123.45303116598734,123.45303200000002,13.501075696970544,0.1,9.826811817630556,3744.3605227676344,34.0,25.24395930191808,3750.3642671319417,5.738341961542826,2.477905902080595,5.840100000000012,2.427000000000001,102.82982779625554,48.490464554865234,32.76711071654752,0.47156030107278823,0.6757433861965315,13.394200065789235,43.826811817630556,33.97732458084732,5.840944201704354,2.4275028221543717,25.332020538680244,3750.861017733542
2761,276.0999999999943,43.829337879791765,33.9810689913299,9.84826888274159,3750.817808852923,25.263235219965036,123.45303127795408,123.45303200000002,13.501075684639568,0.1,9.78143931846705,3744.3605227676344,34.0,25.24395930191808,3750.3642671319417,5.738341961542826,2.477905902080595,5.840100000000012,2.447000000000001,102.829827771273,48.490464569669136,33.03713220031304,0.47156030133131904,0.6813119340782274,13.55455517776419,43.78143931846705,33.97131732524466,5.839790643807237,2.4481095307756537,25.35277617539467,3750.6828208683714
2762,276.1999999999943,43.82933787823701,33.98106899267117,9.84826888061352,3750.8178068991615,25.263235220396787,123.45303137488922,124.38535200000003,13.477102981811147,0.1,9.80725528536594,3744.3605227676344,34.0,25.281341409280174,3753.538239961749,5.738341961542826,2.477905902080595,5.840100000000012,2.447000000000001,102.82982774964437,48.4904645824856,32.978470996491886,0.47156030155514195,0.6801021866967938,13.551863095164189,43.80725528536594,33.93463998002095,5.84001000560176,2.44809733875986,25.22774181887176,3750.8116570803477
2763,276.2999999999943,43.82933787689099,33.98106899383237,9.848268878771146,3748.2950697181404,25.263235220770575,123.45303145881076,124.38535200000003,13.477102972568812,0.1,9.84474189266416,3744.3605227676344,34.0,25.281341409280174,3753.538239961749,5.738341961542826,2.477905902080595,5.783400000000012,2.447000000000001,102.8298277309194,48.45785074180616,32.97847097387589,0.4712431384073554,0.6805599189611663,13.510438926188156,43.84474189266416,34.00574389804766,5.785664137845324,2.4453321897896,25.26969749183631,3748.184102210571
2764,276.39999999999435,43.829337875725656,33.981068994837685,9.753804326694883,3745.7723327641997,25.26323522109418,122.55512592435016,124.38535200000003,13.4651690792466,0.1,9.82323079627053,3744.3605227676344,34.0,25.281341409280174,3753.538239961749,5.738341961542826,2.477905902080595,5.783400000000012,2.447000000000001,101.79172850235953,48.07302771365443,32.949268736916444,0.47226850767683054,0.685400323299331,13.443095266535833,43.82323079627053,33.98868496630188,5.782279149416318,2.4473200172892797,25.16853968501739,3745.8822524121288
2765,276.4999999999944,43.829337874716785,33.981068995708036,9.750850997628623,3740.8199813452147,25.270365136996073,122.65480555496708,124.38535200000003,13.453235186998597,0.1,9.843959058722461,3744.3605227676344,34.0,25.281341409280174,3753.538239961749,5.738376477340114,2.4753166575531025,5.783400000000012,2.447000000000001,101.78799249381815,48.04851779342449,32.92006650258558,0.4720450479101707,0.6851421857406543,13.466236963536682,43.84395905872246,34.03904446890422,5.783252629844901,2.4457847080493025,25.311262420110175,3740.776709789614
2766,276.5999999999944,43.80710964890105,34.00024778178278,9.752868624170144,3736.137349916944,25.277717961635048,122.96514694197563,124.38535200000003,13.429807921577176,0.1,9.789305002877313,3744.3605227676344,34.0,25.281341409280174,3753.538239961749,5.738376477340114,2.4753166575531025,5.783400000000012,2.447000000000001,101.83979438196017,48.10979254743376,32.86273998409936,0.472406615109544,0.6830779815086171,13.4042456521926,43.78930500287731,33.97599056533665,5.782632650378212,2.4468643456240486,25.289669057369977,3736.2603480474686
2767,276.6999999999944,43.784186482806575,34.020031839272285,9.755557579984384,3732.294461528492,25.281793218060898,123.27173330681558,124.38535200000003,13.407656575668994,0.1,9.777680539286159,3744.3605227676344,34.0,25.24047564705768,3747.8711853353457,5.738376477340114,2.4753166575531025,5.783400000000012,2.447000000000001,101.88578437092927,48.18013587055937,32.80853564066204,0.47288379009924414,0.680955647962583,13.424252699291717,43.77768053928616,34.03708521885561,5.784569983546312,2.447467191542779,25.207342613409043,3732.2653540191445
2768,276.79999999999444,43.77148146337335,34.030999506715645,9.755660379201757,3729.2811555829726,25.282442099968378,123.49274875643299,124.38535200000003,13.3894776625337,0.1,9.756167750533017,3744.3605227676344,34.0,25.24047564705768,3747.8711853353457,5.738376477340114,2.4753166575531025,5.783400000000012,2.447000000000001,101.88952991929526,48.22755018007327,32.76405184021998,0.47333175664146643,0.6793638017665155,13.40384609159955,43.75616775053302,33.99715530463931,5.784186539689139,2.4469868524004794,25.36576794363786,3729.1769310478694
2769,276.89999999999446,43.76945850913859,34.03274599459123,9.752901916204074,3726.8658884207994,25.281296475800808,123.62336412359247,124.38535200000003,13.375223117125028,0.1,9.787778332103635,3744.3605227676344,34.0,25.24047564705768,3747.8711853353457,5.738376477340114,2.4753166575531025,5.783400000000012,2.447000000000001,101.85457774835827,48.24729173628412,32.72917096760496,0.47368800502500524,0.6783628632773839,13.44298104043421,43.787778332103635,34.04206470738458,5.7832515033389,2.44671501517254,25.286541628574078,3726.995866474902
2770,276.9999999999945,43.77303010704341,34.02966253820332,9.748819813587511,3724.8040492900045,25.280074545804943,123.69976308549259,124.38535200000003,13.363797614351746,0.1,9.771576306236973,3744.3605227676344,34.0,25.24047564705768,3747.8711853353457,5.74192733006223,2.4683774917397168,5.783400000000012,2.447000000000001,101.80476542598535,48.25039978437089,32.70121276231873,0.4739503065743043,0.6777397266853569,13.412236950698317,43.77157630623697,34.05255521504599,5.7837413280506675,2.446756294376643,25.468998717046883,3724.869607730188
2771,277.0999999999945,43.77683959599851,34.026373858076646,9.745065299500128,3722.9489357175485,25.279663025877095,123.76092740731585,124.38535200000003,13.354044014801389,0.1,9.769648136625008,3744.3605227676344,34.0,25.24047564705768,3747.8711853353457,5.74192733006223,2.4683774917397168,5.783400000000012,2.447000000000001,101.76182189582643,48.25021490556271,32.67734570421901,0.47414849701645917,0.6772476717083321,13.337812377029135,43.76964813662501,34.09694606187496,5.783449429856628,2.4465455837250842,25.137499590329483,3723.0335887469687
2772,277.19999999999453,43.778122550525566,34.025266336621996,9.742462251816933,3721.2593247679665,25.280070635610812,123.82763598867929,124.38535200000003,13.34526833747724,0.1,9.806368804146253,3744.3605227676344,34.0,25.228472145038243,3740.7737405376797,5.74192733006223,2.4683774917397168,5.783400000000012,2.447000000000001,101.73483797251623,48.25431281078199,32.65587162180682,0.47431453936966944,0.6767451388202167,13.360848097763675,43.80636880414625,34.04472926550515,5.783166282028504,2.4475023695411458,25.296792487617633,3721.2909751681786
2773,277.29999999999455,43.77685178641974,34.026363334506556,9.740971101238475,3719.750218479513,25.28085514230963,123.90162521763003,124.38535200000003,13.3372755758927,0.1,9.804601068140542,3744.3605227676344,34.0,25.228472145038243,3740.7737405376797,5.74192733006223,2.4683774917397168,5.783400000000012,2.447000000000001,101.72159694170793,48.26356505103944,32.636313334209454,0.47446723706763194,0.6762101659853776,13.442832474936457,43.80460106814054,34.01791858666796,5.784360905712419,2.4473959280388846,25.09722419302021,3719.7879229579407
2774,277.3999999999946,43.774406008335504,34.02847472294857,9.740114059928,3718.441317328479,25.281573484872077,123.97486506843511,124.38535200000003,13.330136697695728,0.1,9.798656137896835,3744.3605227676344,34.0,25.228472145038243,3740.7737405376797,5.74192733006223,2.4683774917397168,5.783400000000012,2.447000000000001,101.71506218880246,48.27510130466125,32.618844499261456,0.4746111368938997,0.6756867125644315,13.360366381186314,43.798656137896835,34.075432165189774,5.782231187196632,2.4481635695016344,25.297642576481554,3718.3914883737975
2775,277.4999999999946,43.772166503562815,34.03040809747262,9.739416101611042,3717.3305935960084,25.282012552506057,124.03908205092436,124.38535200000003,13.323944896653874,0.1,9.849039554473542,3744.3605227676344,34.0,25.228472145038243,3740.7737405376797,5.747717700211285,2.4624332351413805,5.783400000000012,2.447000000000001,101.70915291082449,48.28567945853409,32.603693162112044,0.47474271564201814,0.6752249016214188,13.356768604765175,43.84903955447354,34.00527073705497,5.783139958503559,2.4457110031211244,25.487532191166583,3717.2593481165413
2776,277.5999999999946,43.77079766630712,34.031589847871075,9.738633444824053,3716.393632585305,25.282189342986843,124.09070347574414,124.38535200000003,13.318690580574707,0.1,9.767025355831223,3744.3605227676344,34.0,25.228472145038243,3740.7737405376797,5.747717700211285,2.4624332351413805,5.783400000000012,2.447000000000001,101.70125683369905,48.29359896863166,32.59083585066632,0.4748574449537129,0.6748479414805093,13.378753785914244,43.76702535583122,34.06223322842504,5.782494059090387,2.447637736845605,25.44250106933563,3716.2773508711975
2777,277.69999999999465,43.770246504304225,34.032065685189956,9.737755691051818,3715.596352371339,25.28223269507361,124.13095775751987,124.38535200000003,13.314258254911564,0.1,9.783076605000105,3744.3605227676344,34.0,25.2288055497153,3734.154634078189,5.747717700211285,2.4624332351413805,5.783400000000012,2.447000000000001,101.69177807133624,48.29890130680952,32.57998994976861,0.474953848018353,0.6745492975670495,13.340547687193052,43.783076605000105,34.03564952491753,5.784513966749502,2.446979295238448,25.301827726308957,3715.5689488573144
2778,277.79999999999467,43.770111349838515,34.032182369246996,9.73688835421467,3714.907994957744,25.28226478253074,124.16338560667579,124.38535200000003,13.31048669396857,0.1,9.804606147910533,3744.3605227676344,34.0,25.2288055497153,3734.154634078189,5.747717700211285,2.4624332351413805,5.783400000000012,2.447000000000001,101.68236853191644,48.30256859378777,32.570760940141106,0.4750338656659672,0.6743070169632771,13.315410481868502,43.80460614791053,34.05791726959379,5.782830755785972,2.447491857557359,25.329581799798177,3714.992964382418
2779,277.8999999999947,43.77001131398218,34.032268734184505,9.736133781593196,3714.3073830456033,25.282343326050217,124.19129357376438,124.38535200000003,13.3072303960065,0.1,9.716760135554281,3744.3605227676344,34.0,25.2288055497153,3734.154634078189,5.747717700211285,2.4624332351413805,5.783400000000012,2.447000000000001,101.6743859287009,48.305614342703635,32.562792779027916,0.4751011171739745,0.6740995476842826,13.291068374252117,43.71676013555428,34.017206949030744,5.783532349842059,2.4445505916431016,25.511496705609186,3714.3171476499306
2780,277.9999999999947,43.769766446705844,34.03248013831557,9.735532735346538,3713.782286427584,25.282464753563417,124.21650958136989,124.38535200000003,13.304389181098557,0.1,9.734642484340348,3744.3605227676344,34.0,25.2288055497153,3734.154634078189,5.755641622685157,2.4569500759011467,5.783400000000012,2.447000000000001,101.66826415174901,48.308591979208025,32.55584032614818,0.4751590123256468,0.6739140801321675,13.324081598819115,43.73464248434035,34.04819725710847,5.783872633640834,2.446511758633586,25.290913108889733,3713.6788825971153
2781,278.09999999999474,43.769387884290694,34.03280696832785,9.735067090974663,3713.3254210148284,25.282597108269755,124.23945931136583,124.38535200000003,13.30190519383645,0.1,9.795075067910275,3744.3605227676344,34.0,25.2288055497153,3734.154634078189,5.755641622685157,2.4569500759011467,5.783400000000012,2.447000000000001,101.66367536202829,48.311573307580325,32.54976200931781,0.4752097849653865,0.6737466776767254,13.185376844550635,43.795075067910275,34.013004017526626,5.782858449678195,2.447158087000505,25.24717001693296,3713.2222423657095
2782,278.19999999999476,43.76897525525821,34.03316321137577,9.734692331289235,3712.930654557728,25.282711367474683,124.25988603469177,124.38535200000003,13.299743976592161,0.1,9.698079400303733,3744.3605227676344,34.0,25.17909319510014,3724.1876699450786,5.755641622685157,2.4569500759011467,5.783400000000012,2.447000000000001,101.66001328764771,48.314379528515445,32.54447351072103,0.47525450731360397,0.6735980846346807,13.290154645865442,43.69807940030373,34.1009302805914,5.783730319712929,2.4455891788016983,25.119492845086686,3712.994145267625
2783,278.2999999999948,43.76861904076094,34.03347075046571,9.734368543929783,3712.5911601315497,25.282795880196858,124.27753626396961,124.38535200000003,13.297876520552084,0.1,9.794967369495687,3744.3605227676344,34.0,25.17909319510014,3724.1876699450786,5.755641622685157,2.4569500759011467,5.783400000000012,2.447000000000001,101.65679215619056,48.31682395426442,32.53990384579096,0.47529361225591343,0.6734694291287124,13.206081912225898,43.79496736949569,33.974077164800605,5.783928678458547,2.444981269550264,25.188865291702548,3712.48771426166
2784,278.3999999999948,43.76835556389828,34.033698225073586,9.734074647028258,3712.299424908004,25.282854733234995,124.29248089825113,124.38535200000003,13.296270530718513,0.1,9.744656833264138,3715.122184732618,34.0,25.17909319510014,3724.1876699450786,5.755641622685157,2.4569500759011467,5.783400000000012,2.447000000000001,101.65379656264246,48.31883696351918,32.53597398866821,0.4753274210840075,0.6733600399619083,13.388148281203136,43.74465683326414,34.0046103248192,5.784393527200365,2.4461830210888373,25.170772117619087,3712.1726769702896
2785,278.4999999999948,43.768172083666585,34.03385663447497,9.733806587138252,3712.0481279023234,25.28289871315467,124.30508783641356,124.38535200000003,13.294890467403821,0.1,9.810451165813447,3715.122184732618,34.0,25.17909319510014,3724.1876699450786,5.757892050840083,2.462201626881455,5.783400000000012,2.447000000000001,101.65102530782221,48.32046674145821,32.532596973737164,0.47535641273792323,0.6732674406438359,13.22845260472094,43.81045116581345,34.015294870600755,5.784345564120566,2.446117936991013,25.26061308747161,3711.9914821697685
2786,278.59999999999485,43.768034971869014,34.033975011488934,9.73356813459225,3711.830943615792,25.282937120615298,124.31583257639817,124.38535200000003,13.293701698442653,0.1,9.770767119398435,3715.122184732618,34.0,25.17909319510014,3724.1876699450786,5.757892050840083,2.462201626881455,5.783400000000012,2.447000000000001,101.64855725677701,48.32181611273513,32.529688056089185,0.47538122937316424,0.67318844101797,13.444174456787888,43.770767119398435,34.05341956327458,5.78285753876582,2.4499761752299047,25.408222687588818,3711.942535132475
2787,278.6999999999949,43.76791523276975,34.03407838975665,9.733362538023991,3711.6428331846805,25.282974242227056,124.32512586553949,124.38535200000003,13.292674300849981,0.1,9.764164591245276,3715.122184732618,34.0,25.20354692074084,3717.2708506851404,5.757892050840083,2.462201626881455,5.783400000000012,2.447000000000001,101.64644537450077,48.32297936754306,32.52717401417992,0.4754025503745305,0.6731202098856376,13.275585066551699,43.764164591245276,34.065305033276175,5.784335056445692,2.445773217637979,25.213362931194933,3711.71087326632
2788,278.7999999999949,43.767799502432936,34.0341783071578,9.733188856880018,3711.479869173609,25.283010041418752,124.33324145930868,124.38535200000003,13.291784438110984,0.1,9.756207534460117,3715.122184732618,34.0,25.20354692074084,3717.2708506851404,5.757892050840083,2.462201626881455,5.783400000000012,2.447000000000001,101.6446791717899,48.32401194011143,32.52499652005759,0.4754209697335845,0.6730607665681035,13.347927694499035,43.75620753446012,34.027908811903146,5.782658011504182,2.4449536399589356,25.287060646115194,3711.3384429779308
2789,278.8999999999949,43.76768789487291,34.03427466524104,9.733042536273986,3711.338864893553,25.283042673091284,124.3403348164456,124.38535200000003,13.291013531360125,0.1,9.760345690457626,3715.122184732618,34.0,25.20354692074084,3717.2708506851404,5.757892050840083,2.462201626881455,5.783400000000012,2.447000000000001,101.64320113848696,48.32493288049035,32.52311011123824,0.47543694353593347,0.6730089039475605,13.296124231044658,43.760345690457626,34.05473193073977,5.784136993670728,2.446820197660415,25.390723708077967,3711.414872272068
2790,278.99999999999494,43.76758616237062,34.03436249766195,9.73291782535152,3711.2170543064235,25.28307065197172,124.34650091632076,124.38535200000003,13.2903465058575,0.1,9.74981315207134,3715.122184732618,34.0,25.20354692074084,3717.2708506851404,5.764802473514964,2.4614284809797415,5.783400000000012,2.447000000000001,101.64194205784665,48.32574317743204,32.521477899833314,0.47545080504196585,0.6729638441446822,13.352822259835808,43.74981315207134,34.02213847695154,5.783569392936225,2.448062382119173,25.31371087984066,3711.2134083322603
2791,279.09999999999496,43.76749893541297,34.034437806573756,9.732809864272713,3711.111928375836,25.283093735856617,124.35182418083411,124.38535200000003,13.289770276766632,0.1,9.707242863209672,3715.122184732618,34.0,25.20354692074084,3717.2708506851404,5.764802473514964,2.4614284809797415,5.783400000000012,2.447000000000001,101.64084750951434,48.32644303932676,32.52006786724796,0.47546281070514534,0.6729249210578979,13.320812042272484,43.70724286320967,33.98018246555899,5.783080543660862,2.4477292716095955,25.270886600870973,3711.0470844719002
2792,279.199999999995,43.76742696909342,34.034499940010846,9.7327154968624,3711.021206499981,25.283112700591523,124.35640015279088,124.38535200000003,13.28927297500628,0.1,9.757360539903587,3715.122184732618,34.0,25.229382795986734,3713.905487893688,5.764802473514964,2.4614284809797415,5.783400000000012,2.447000000000001,101.6398859021954,48.32703995221544,32.51885096984038,0.4754731818443687,0.6728914289390411,13.291368748087697,43.75736053990359,34.054755549980456,5.782232704526258,2.448430729012905,25.330615965231235,3711.179106603142
2793,279.299999999995,43.76736784463587,34.034550986234144,9.732632983272818,3710.942866603333,25.283128666441925,124.3603327826904,124.38535200000003,13.28884381211266,0.1,9.800532167256208,3715.122184732618,34.0,25.229382795986734,3713.905487893688,5.764802473514964,2.4614284809797415,5.783400000000012,2.447000000000001,101.63904260547655,48.32754802077192,32.51780080823969,0.4754821255879079,0.6728626247345104,13.322660985556464,43.80053216725621,33.9876908868367,5.783038680188759,2.446743818452787,25.162349546758346,3710.8462812803823
2794,279.39999999999503,43.76731806950066,34.03459396057213,9.732561271464427,3710.8751678867684,25.28314254481373,124.36372167141117,124.38535200000003,13.288473222589303,0.1,9.741147979776265,3715.122184732618,34.0,25.229382795986734,3713.905487893688,5.764802473514964,2.4614284809797415,5.783400000000012,2.447000000000001,101.63830971349516,48.32798331022363,32.51689397567604,0.47548983691733726,0.6728378001404663,13.294134865936078,43.741147979776265,34.041768483117785,5.784885934006383,2.446469504915659,25.319654751762766,3710.9595558906844
2795,279.49999999999505,43.76727480228871,34.034631316189135,9.732499396289612,3710.8166390580595,25.283154835322428,124.36665166268895,124.38535200000003,13.28815297152724,0.1,9.785114997658155,3715.122184732618,34.0,25.229382795986734,3713.905487893688,5.767172756133576,2.4606986679179883,5.783400000000012,2.447000000000001,101.63767862042589,48.328359651809244,32.51611032132717,0.4754964921256752,0.6728163454252452,13.261365039448725,43.785114997658155,34.018375256039,5.784486454234279,2.448434787729192,25.21992148135919,3710.8532615164672
2796,279.5999999999951,43.76723648539881,34.03466439786324,9.732446235780102,3710.766038400988,25.283165710811506,124.36918982127008,124.38535200000003,13.287876098928958,0.1,9.787028723076219,3715.122184732618,34.0,25.229382795986734,3713.905487893688,5.767172756133576,2.4606986679179883,5.783400000000012,2.447000000000001,101.63713768200547,48.32868695113851,32.515432814079176,0.47550224311063954,0.6727977701308765,13.358049459181766,43.78702872307622,34.10219523451571,5.78343137435901,2.4481716440561483,25.278961030976607,3710.6892839169404
2797,279.6999999999951,43.767202579974054,34.034693670821675,9.732400561406466,3710.7223056677303,25.283175209744098,124.37138847648711,124.38535200000003,13.287636730814011,0.1,9.73203714756189,3715.122184732618,34.0,25.244870901975553,3715.1535177905466,5.767172756133576,2.4606986679179883,5.783400000000012,2.447000000000001,101.6366735417415,48.328971746392796,32.5148470803019,0.4755072166597858,0.6727816857127477,13.391399471359403,43.73203714756189,34.10451731211769,5.782260796658549,2.4483135628678108,25.435684128015435,3710.7463843779196
2798,279.7999999999951,43.76717296610181,34.0347192385887,9.732361200710788,3710.6845222067673,25.283183387523827,124.37329043692682,124.38535200000003,13.287429851644308,0.1,9.801296327063213,3715.122184732618,34.0,25.244870901975553,3715.1535177905466,5.767172756133576,2.4606986679179883,5.783400000000012,2.447000000000001,101.6362735278621,48.329218716799495,32.51434084697364,0.4755115180757857,0.6727677730008799,13.25849751470279,43.80129632706321,34.053801660026295,5.7847491424337205,2.4468934968509877,25.2011803669555,3710.6440110320987
2799,279.89999999999515,43.76714747105572,34.03474125028717,9.732327162940493,3710.651885200992,25.28319037118373,124.37493317387985,124.38535200000003,13.287251115707857,0.1,9.771388309029305,3715.122184732618,34.0,25.244870901975553,3715.1535177905466,5.767172756133576,2.4606986679179883,5.783400000000012,2.447000000000001,101.63592725488631,48.329431973676876,32.51390348013714,0.47551523638363186,0.6727557546682148,13.30430154770241,43.771388309029305,34.01870876282301,5.7827527230213205,2.448021673497021,25.494466400858915,3710.4697921600186
2800,279.99999999999517,43.767125698797614,34.0347600478419,9.732297671428865,3710.623693225691,25.28319633824376,124.37635078480565,124.38535200000003,13.28709672525125,0.1,9.769791200826106,3715.122184732618,34.0,25.244870901975553,3715.1535177905466,5.780598164488713,2.4599885246178186,5.783400000000012,2.447000000000001,101.63562689475943,48.32961563596312,32.51352568668982,0.47551844872277865,0.6727453810432499,13.312108012003142,43.769791200826106,34.09333294919711,5.7855703921098875,2.4484818124459555,25.440469178455952,3710.720238545617
2801,280.0999999999952,43.76710709589126,34.03477610907166,9.7322721230546,3710.599337119397,25.283201469145116,124.37757420430776,124.38535200000003,13.286963362161224,0.1,9.760273817590608,3715.122184732618,34.0,25.244870901975553,3715.1535177905466,5.780598164488713,2.4599885246178186,5.783400000000012,2.447000000000001,101.63536653978879,48.32977379378743,32.51319934720853,0.4755212229678634,0.6727364271543094,13.239397786290537,43.76027381759061,33.998270406685386,5.784296850727112,2.447851284393931,25.31940674549665,3710.6995043724696
2802,280.1999999999952,43.76709109979319,34.03478991965899,9.732250023857059,3710.5782914256188,25.283205912014694,124.378630749857,124.38535200000003,13.286848144778912,0.1,9.746520614992477,3715.122184732618,34.0,25.248575670619434,3715.482641568178,5.780598164488713,2.4599885246178186,5.783400000000012,2.447000000000001,101.63514135290689,48.32991022086624,32.51291741027401,0.4755236188736205,0.6727286945432125,13.344932609894562,43.74652061499248,34.07338612207708,5.784374900409389,2.4470767678600516,25.257465073604035,3710.651528964879
2803,280.29999999999524,43.76707724870299,34.034801878308286,9.732230939277322,3710.560104605353,25.283209773145007,124.379543856517,124.38535200000003,13.28674858741466,0.1,9.712622985733802,3715.122184732618,34.0,25.248575670619434,3715.482641568178,5.780598164488713,2.4599885246178186,5.783400000000012,2.447000000000001,101.63494698216076,48.33002814424731,32.512673793403685,0.47552568854815586,0.6727220124177322,13.301298029262767,43.7126229857338,34.0267413459886,5.785645932546458,2.448409242768006,25.278632987329846,3710.663796113794
2804,280.39999999999526,43.767065211243136,34.03481227112088,9.73221447213043,3710.544388531802,25.28321312667939,124.38033330229065,124.38535200000003,13.286662554047982,0.1,9.766709094055045,3715.122184732618,34.0,25.248575670619434,3715.482641568178,5.780598164488713,2.4599885246178186,5.783400000000012,2.447000000000001,101.6347793573893,48.330130195274435,32.51246326975543,0.4755274769213204,0.672716235987595,13.267093725275723,43.766709094055045,34.010724357064326,5.78416591920893,2.447312911493317,25.314772935539114,3710.403385834493
2805,280.4999999999953,43.76705475626434,34.03482129766402,9.732200261520935,3710.530808594846,25.283216030134014,124.38101579199284,124.38535200000003,13.286588208631976,0.1,9.776154053894878,3715.122184732618,34.0,25.248575670619434,3715.482641568178,5.78427785470453,2.459241315692098,5.783400000000012,2.447000000000001,101.63463474069633,48.33021850774574,32.51228134652246,0.4755290224740037,0.6727112425802877,13.355949041458254,43.77615405389488,34.05343352895447,5.782838269155568,2.4485918318590487,25.39158299098976,3710.49892087663
2806,280.5999999999953,43.767045704454205,34.034829112750636,9.732187989076374,3710.519075385401,25.283218535755157,124.38160561722708,124.38535200000003,13.286523968282179,0.1,9.795593073642827,3715.122184732618,34.0,25.248575670619434,3715.482641568178,5.78427785470453,2.459241315692098,5.783400000000012,2.447000000000001,101.63450984066266,48.33029486617342,32.512124150386505,0.47553035816223405,0.6727069272060635,13.288373104481838,43.79559307364283,34.09389307825817,5.78325752595091,2.4463650405942223,25.141963110688717,3710.6184848428643
2807,280.6999999999953,43.76703789292972,34.03483585700907,9.732177382276866,3710.508938165585,25.283220694600114,124.38211518205385,124.38535200000003,13.286468463939158,0.1,9.80427054319783,3715.122184732618,34.0,25.266856344087206,3717.054877836422,5.78427785470453,2.459241315692098,5.783400000000012,2.447000000000001,101.63440186537129,48.33036082508052,32.51198833125913,0.4755315123426486,0.6727031989048877,13.326834699702664,43.80427054319783,34.05098514208575,5.784255355672893,2.4463073754593028,25.180167175305492,3710.4596675957428
2808,280.79999999999535,43.767031162514684,34.03484166786747,9.732168211589652,3710.500179761275,25.283222555387034,124.38255533267996,124.38535200000003,13.286420509478909,0.1,9.81032304527993,3715.122184732618,34.0,25.266856344087206,3717.054877836422,5.78427785470453,2.459241315692098,5.783400000000012,2.447000000000001,101.6343084862707,48.330417770649035,32.5118709866949,0.4755325095479718,0.6726999783237814,13.24627299801127,43.81032304527993,34.00247776969022,5.784745880732827,2.4477758931198403,25.338150249375747,3710.616872854789
2809,280.8999999999954,43.76702536132538,34.03484667645788,9.732160283308229,3710.49261234676,25.28322416177169,124.38293554073675,124.38535200000003,13.286379077551913,0.1,9.723596042930431,3715.122184732618,34.0,25.266856344087206,3717.054877836422,5.78427785470453,2.459241315692098,5.783400000000012,2.447000000000001,101.63422774847363,48.33046693707994,32.51176960276955,0.4755333710675612,0.672697196265364,13.31535118257609,43.72359604293043,34.03428772389742,5.78336073439202,2.446245069098623,25.119265665240068,3710.5060059434154
2810,280.9999999999954,43.76702035326058,34.03485100028629,9.732153431632513,3710.486073725318,25.28322555066905,124.38326402406844,124.38535200000003,13.286343279642317,0.1,9.76497498337666,3715.122184732618,34.0,25.266856344087206,3717.054877836422,5.791070717224835,2.4585948707946175,5.783400000000012,2.447000000000001,101.63415797690865,48.33050940511873,32.51168200528476,0.4755341153719152,0.6726947926984072,13.299323559284568,43.76497498337666,34.04910928284986,5.782074836891217,2.4479649269915207,25.270886466249284,3710.622812540294
2811,281.0999999999954,43.76701602323418,34.034854738714806,9.732147512501937,3710.480423936636,25.28322675236665,124.38354786575663,124.38535200000003,13.28631234847305,0.1,9.784003687699496,3715.122184732618,34.0,25.266856344087206,3717.054877836422,5.791070717224835,2.4585948707946175,5.783400000000012,2.447000000000001,101.6340977089527,48.33054610414328,32.51160631671357,0.4755347584483545,0.6726927158376639,13.241187377093695,43.784003687699496,33.98477032541481,5.782753479158714,2.4464788968839875,25.191365017589,3710.6959023014747
2812,281.19999999999544,43.76701227682173,34.03485797326687,9.732142399834029,3710.4755421862887,25.283227791839362,124.38379315093908,124.38535200000003,13.28628562195713,0.1,9.766320330348854,3715.122184732618,34.0,25.266345271751334,3717.435557320714,5.791070717224835,2.4585948707946175,5.783400000000012,2.447000000000001,101.63404565834867,48.330577825353245,32.511540916929114,0.47553531409957367,0.6726909211475269,13.294970381242289,43.766320330348854,33.99635305763915,5.783934674659165,2.447315045274495,25.378087643388305,3710.5149114366045
2813,281.29999999999546,43.76700903616161,34.03486077116606,9.732137983493871,3710.4713241454347,25.28322869029836,124.38400511146868,124.38535200000003,13.286262528672463,0.1,9.770830132127067,3715.122184732618,34.0,25.266345271751334,3717.435557320714,5.791070717224835,2.4585948707946175,5.783400000000012,2.447000000000001,101.63400069910045,48.3306052428225,32.51148440766153,0.47553579422609765,0.6726893703134362,13.356980453715513,43.77083013212707,34.06594374507293,5.781531946717631,2.4480850102500837,25.281559785955572,3710.402784057587
2814,281.3999999999955,43.76700623512585,34.034863189505444,9.732134167953646,3710.4676796419394,25.283229466316865,124.38418825988109,124.38535200000003,13.286242575087936,0.1,9.787973922419404,3715.122184732618,34.0,25.266345271751334,3717.435557320714,5.791070717224835,2.4585948707946175,5.783400000000012,2.447000000000001,101.63396185525603,48.3306289354915,32.51143558124019,0.4755362090904465,0.6726880302889146,13.27510166661082,43.787973922419404,34.04354920807584,5.783276555941826,2.444548086507753,25.349966481991817,3710.47368687868
2815,281.4999999999955,43.767003815810554,34.03486527827764,9.732130870921512,3710.4645307139976,25.283230136377906,124.3843465005307,124.38535200000003,13.286225334641227,0.1,9.775801206018429,3715.122184732618,34.0,25.266345271751334,3717.435557320714,5.793451556600898,2.457870246375227,5.783400000000012,2.447000000000001,101.6339282880299,48.33064940500669,32.511393393867095,0.4755365675528937,0.6726868724941892,13.194256820980112,43.77580120601843,34.0189271295913,5.783274646536671,2.447526167450322,25.088654948643786,3710.5088742798785
2816,281.59999999999553,43.76700172682824,34.03486708184922,9.732128021731201,3710.461809964474,25.28323071503193,124.38448321638529,124.38535200000003,13.286210438531391,0.1,9.796788818073615,3715.122184732618,34.0,25.266345271751334,3717.435557320714,5.793451556600898,2.457870246375227,5.783400000000012,2.447000000000001,101.63389927872569,48.33066708801655,32.51135694308633,0.47553687727233807,0.6726858721788143,13.31011294008604,43.796788818073615,34.10784260773268,5.785011143048509,2.4447971245452775,25.260355617794065,3710.3450454203667
2817,281.69999999999555,43.76699992281645,34.03486863938489,9.732125559634316,3710.4594591500995,25.28323121493584,124.38460133716247,124.38535200000003,13.286197567934003,0.1,9.760816855808393,3715.122184732618,34.0,25.195010366978213,3710.4777575564203,5.793451556600898,2.457870246375227,5.783400000000012,2.447000000000001,101.63387421011173,48.33068236427511,32.51132544873452,0.4755371448731668,0.6726850079146848,13.180467709635515,43.76081685580839,34.10035879161364,5.784129906879252,2.4478364985267262,25.305383346871793,3710.6545233070615
2818,281.7999999999956,43.76699836431604,34.03486998495263,9.732123432227539,3710.4574279550366,25.283231646951776,124.38470339609165,124.38535200000003,13.286186447327317,0.1,9.809650518181826,3715.122184732618,34.0,25.195010366978213,3710.4777575564203,5.793451556600898,2.457870246375227,5.783400000000012,2.447000000000001,101.6338525495208,48.33069556272616,32.51129823660996,0.47553737608418584,0.6726842611734205,13.242408629631305,43.809650518181826,34.03165972427934,5.783802901710163,2.44796297662291,25.367422817321696,3710.472475194271
2819,281.8999999999956,43.76699701746314,34.03487114778955,9.73212159415888,3710.455672918034,25.283232020347523,124.38479158037282,124.38535200000003,13.286176838690562,0.1,9.74026736748251,3715.122184732618,34.0,25.195010366978213,3710.4777575564203,5.793451556600898,2.457870246375227,5.783400000000012,2.447000000000001,101.63383383542686,48.330706967137814,32.511274724275815,0.47553757585686013,0.6726836159541731,13.281899642186387,43.74026736748251,34.0953470316011,5.783693268859844,2.4465378353969265,25.129071861955463,3710.561057777783
2820,281.9999999999956,43.76699585336456,34.034872152841274,9.732120006125152,3710.454156496116,25.283232343051214,124.38486777727472,124.38535200000003,13.286168536428828,0.1,9.803806595110942,3715.122184732618,34.0,25.195010366978213,3710.4777575564203,5.80388390660388,2.457163480677915,5.783400000000012,2.447000000000001,101.63381766744348,48.330716821820424,32.511254408641356,0.47553774846836516,0.6726830584470688,13.249538025028464,43.80380659511094,34.01573198723198,5.7836705843174565,2.445332072518605,25.15132592433209,3710.4643371077564
2821,282.09999999999565,43.766994847303536,34.0348730214476,9.732118634087495,3710.4528462530084,25.28323262189388,124.38493361573829,124.38535200000003,13.286161362943798,0.1,9.793172593298316,3715.122184732618,34.0,25.195010366978213,3710.4777575564203,5.80388390660388,2.457163480677915,5.783400000000012,2.447000000000001,101.633803698671,48.33072533722237,32.511236855123485,0.4755378976124492,0.672682576731052,13.316079835404617,43.793172593298316,34.0521460196916,5.782711047516675,2.4481667847322797,25.312684592378726,3710.4198135189426
2822,282.19999999999567,43.766993977983645,34.03487377199529,9.73211744861609,3710.4517141601377,25.283232862799483,124.38499050281153,124.38535200000003,13.286155164794586,0.1,9.754328465848445,3715.122184732618,34.0,25.238114630113166,3708.748719915628,5.80388390660388,2.457163480677915,5.783400000000012,2.447000000000001,101.6337916292537,48.330732694983354,32.51122168825236,0.4755380264792966,0.6726821605091654,13.284347520408332,43.754328465848445,34.043411747020016,5.782816912395027,2.4473556048037013,25.359817827511097,3710.562890960679
2823,282.2999999999957,43.766993226936336,34.03487442042957,9.732116424304412,3710.4507359962167,25.2832330709181,124.38503965470653,124.38535200000003,13.286149809391077,0.1,9.792787467953985,3715.122184732618,34.0,25.238114630113166,3708.748719915628,5.80388390660388,2.457163480677915,5.783400000000012,2.447000000000001,101.63378120047305,48.33073905218195,32.51120858357998,0.4755381378249557,0.6726818008820046,13.25415260919225,43.792787467953985,34.00962038581725,5.785327324399052,2.449162897237685,25.255735432400645,3710.5406548564924
2824,282.3999999999957,43.76699257810573,34.03487498061266,9.73211553923204,3710.449890830869,25.28323325071996,124.3850821229602,124.38535200000003,13.286145182153657,0.1,9.724825096657042,3715.122184732618,34.0,25.238114630113166,3708.748719915628,5.80388390660388,2.457163480677915,5.783400000000012,2.447000000000001,101.63377218921791,48.330744544775186,32.511197260730015,0.4755382340310545,0.6726814901560346,13.265388424161948,43.72482509665704,34.03683612686321,5.782307783925703,2.4468568551073604,25.280292976255947,3710.6302329398836
2825,282.49999999999574,43.76699201755547,34.03487546457687,9.732114774479452,3710.449160579039,25.28323340607165,124.38511881658087,124.38535200000003,13.286141184070477,0.1,9.767408731563272,3715.122184732618,34.0,25.238114630113166,3708.748719915628,5.809176470720042,2.4564616675462316,5.783400000000012,2.447000000000001,101.6337644029544,48.33074929040014,32.51118747742047,0.47553831715589995,0.6726812216809168,13.334237467838289,43.76740873156327,34.025068255856,5.783258404594462,2.447807152496819,25.39589531394154,3710.427902855323
2826,282.59999999999576,43.766991533231035,34.034875882729715,9.732114113703734,3710.448529615328,25.283233540307705,124.38515052107444,124.38535200000003,13.286137729589562,0.1,9.75653271415245,3715.122184732618,34.0,25.238114630113166,3708.748719915628,5.809176470720042,2.4564616675462316,5.783400000000012,2.447000000000001,101.63375767534743,48.330753390743546,32.51117902430567,0.4755383889782793,0.6726809897098006,13.237781367064322,43.75653271415245,34.031413701860835,5.783316234452512,2.4482487066892658,25.192865797537557,3710.4855884701583
2827,282.6999999999958,43.7669911147367,34.0348762440466,9.732113542777725,3710.4479844398134,25.283233656300816,124.3851779150083,124.38535200000003,13.286134744794445,0.1,9.751623488710592,3715.122184732618,34.0,25.230005725787993,3706.8470258311545,5.809176470720042,2.4564616675462316,5.783400000000012,2.447000000000001,101.63375186257419,48.330756933625246,32.51117172051202,0.4755384510352083,0.6726807892779548,13.251353000427786,43.75162348871059,34.080914136726996,5.781603701255018,2.4468059807577576,25.17628736459578,3710.362343291438
2828,282.7999999999958,43.76699075311659,34.03487655625981,9.732113049486605,3710.4475133886863,25.283233756527864,124.38520158450466,124.38535200000003,13.286132165823286,0.1,9.782461157142578,3715.122184732618,34.0,25.230005725787993,3706.8470258311545,5.809176470720042,2.4564616675462316,5.783400000000012,2.447000000000001,101.63374684025274,48.33075999486074,32.511165409769596,0.4755385046546273,0.6726806160968021,13.26209797563305,43.78246115714258,34.04540992957045,5.782438829071651,2.446149215700102,25.096976649081263,3710.280076222078
2829,282.8999999999958,43.76699044064874,34.03487682603625,9.732112623271135,3710.447106384108,25.2832338431281,124.38522203588043,124.38535200000003,13.286129937500043,0.1,9.759323932522427,3715.122184732618,34.0,25.230005725787993,3706.8470258311545,5.809176470720042,2.4564616675462316,5.783400000000012,2.447000000000001,101.633742500852,48.33076263991437,32.51115995706262,0.47553855098378583,0.6726804664616031,13.25400212247988,43.75932393252243,34.01887291462218,5.784587971417879,2.4488596315784523,25.21206705582794,3710.380467496951
2830,282.99999999999585,43.76699017066383,34.034877059134054,9.732112255006921,3710.4467547182667,25.283233917951726,124.38523970659247,124.38535200000003,13.286128012151156,0.1,9.747677183617313,3715.122184732618,34.0,25.230005725787993,3706.8470258311545,5.812866948584457,2.4557443402821257,5.783400000000012,2.447000000000001,101.63373875145932,48.330764925339494,32.51115524573389,0.4755385910138579,0.6726803371715002,13.22199781768684,43.74767718361731,33.98573675094469,5.783266927531008,2.4464550743793403,25.307850124305904,3710.4064152665596
2831,283.0999999999959,43.7669899373937,34.03487726053329,9.732111936811988,3710.446450867052,25.283233982599636,124.38525497465817,124.38535200000003,13.286126348584034,0.1,9.7928757944318,3715.122184732618,34.0,25.230005725787993,3706.8470258311545,5.812866948584457,2.4557443402821257,5.783400000000012,2.447000000000001,101.63373551182409,48.330766900012065,32.511151174985145,0.4755386256012331,0.6726802254606274,13.216002316086112,43.7928757944318,34.02842155175555,5.783049872591323,2.4479448626559877,25.277222613608757,3710.5159193123104
2832,283.1999999999959,43.766989735847375,34.034877434543034,9.73211166187831,3710.4461883292183,25.283234038456385,124.38526816674701,124.38535200000003,13.286124911205615,0.1,9.754903438210121,3715.122184732618,34.0,25.269337529046986,3709.6287941492437,5.812866948584457,2.4557443402821257,5.783400000000012,2.447000000000001,101.63373271263727,48.33076860617965,32.51114765772015,0.47553865548588814,0.672680128938881,13.3393934683754,43.75490343821012,34.046020506138035,5.784093749510947,2.4459639375997013,25.528341201513793,3710.3808047090474
2833,283.2999999999959,43.766989561708385,34.03487758489003,9.732111424324856,3710.4459614874445,25.283234086718444,124.38527956514156,124.38535200000003,13.286123669261539,0.1,9.750373445807362,3715.122184732618,34.0,25.269337529046986,3709.6287941492437,5.812866948584457,2.4557443402821257,5.783400000000012,2.447000000000001,101.63373029402892,48.330770080356515,32.511144618683,0.4755386813072234,0.6726800455409416,13.341176716476596,43.75037344580736,34.03719957393539,5.783603637904874,2.446893984730867,25.28853130934775,3710.5464588906534
2834,283.39999999999594,43.766989411246584,34.034877714794746,9.732111219070372,3710.4457654882294,25.283234128419082,124.38528941374749,124.38535200000003,13.286122596178874,0.1,9.762630265095666,3715.122184732618,34.0,25.269337529046986,3709.6287941492437,5.812866948584457,2.4557443402821257,5.783400000000012,2.447000000000001,101.63372820426892,48.330771354094416,32.511141992849716,0.4755387036177266,0.6726799734822665,13.346080199069101,43.762630265095666,34.02779297586411,5.781389130893979,2.447107786176038,25.39841348956094,3710.480724095074
2835,283.49999999999596,43.76698928124068,34.0348778270384,9.732111041723966,3710.4455961380486,25.283234164450477,124.3852979232964,124.38535200000003,13.286121668997978,0.1,9.775800571186743,3715.122184732618,34.0,25.269337529046986,3709.6287941492437,5.8207515905023355,2.4550857612631534,5.783400000000012,2.447000000000001,101.63372639865266,48.330772454651616,32.51113972403807,0.4755387228947686,0.6726799112210138,13.217759142382484,43.77580057118674,34.054561770257116,5.785569818340674,2.447984009644985,25.3699736715626,3710.527139577806
2836,283.599999999996,43.766989168909205,34.03487792402242,9.732110888491151,3710.4454498135897,25.283234195583166,124.38530527585472,124.38535200000003,13.286120867881234,0.1,9.752078462863615,3715.122184732618,34.0,25.269337529046986,3709.6287941492437,5.8207515905023355,2.4550857612631534,5.783400000000012,2.447000000000001,101.63372483854576,48.33077340557559,32.51113776370539,0.47553873955080694,0.6726798574250584,13.322396380897596,43.752078462863615,34.037281516435684,5.782740401686324,2.4480357815379077,25.39756833497776,3710.4295605142074
2837,283.699999999996,43.76698907184992,34.034878007820815,9.732110756093027,3710.445323384188,25.283234222482896,124.38531162872683,124.38535200000003,13.286120175688445,0.1,9.761406828093769,3715.122184732618,34.0,25.281959824186934,3714.296459862147,5.8207515905023355,2.4550857612631534,5.783400000000012,2.447000000000001,101.63372349056311,48.330774227209396,32.51113606990964,0.47553875394220896,0.6726798109434471,13.34423729816991,43.76140682809377,34.01639289297807,5.782300380591862,2.446347259155121,25.20188605153871,3710.4795822908222
2838,283.79999999999603,43.76698898798733,34.03487808022555,9.732110641696483,3710.4452141448246,25.283234245725037,124.38531711782866,124.38535200000003,13.286119577609899,0.1,9.821289577595564,3715.122184732618,34.0,25.281959824186934,3714.296459862147,5.8207515905023355,2.4550857612631534,5.783400000000012,2.447000000000001,101.63372232585898,48.33077493712968,32.51113460641143,0.4755387663768833,0.6726797707817229,13.267571899250337,43.821289577595564,34.04029738862488,5.7828499385751115,2.447124147831321,25.20696985773728,3710.429185462294
2839,283.89999999999606,43.766988915527634,34.03487814278534,9.732110542853759,3710.4451197582493,25.28323426580689,124.38532186059942,124.38535200000003,13.286119060849405,0.1,9.741625634174305,3715.122184732618,34.0,25.281959824186934,3714.296459862147,5.8207515905023355,2.4550857612631534,5.783400000000012,2.447000000000001,101.63372131951202,48.33077555052423,32.51113334189851,0.4755387771208719,0.6726797360806238,13.268619045167684,43.741625634174305,33.99617782939303,5.7838069039394835,2.4457190065031833,25.289187904017254,3710.3237537712653
2840,283.9999999999961,43.76698885292045,34.03487819683872,9.732110457450066,3710.445038204989,25.283234283158222,124.38532595851416,124.38535200000003,13.286118614350528,0.1,9.717581602588695,3715.122184732618,34.0,25.281959824186934,3714.296459862147,5.824513525271145,2.4543516950586293,5.783400000000012,2.447000000000001,101.63372044999133,48.33077608051708,32.51113224931576,0.47553878640404734,0.6726797060976953,13.259653474786894,43.717581602588695,34.044904984226235,5.7815878886387395,2.4465629146276378,25.31143229238521,3710.431942174401
2841,284.0999999999961,43.766988798825935,34.034878243542494,9.73211038365824,3710.444967740148,25.283234298150376,124.38532949925266,124.38535200000003,13.286118228560078,0.1,9.733911661202974,3715.122184732618,34.0,25.281959824186934,3714.296459862147,5.824513525271145,2.4543516950586293,5.783400000000012,2.447000000000001,101.63371969869448,48.330776538448525,32.511131305286526,0.47553879442502933,0.6726796801914198,13.224902234672594,43.733911661202974,34.00426744020738,5.782691205504119,2.4487484311473042,25.237013573709554,3710.499433260229
2842,284.1999999999961,43.76698875208639,34.03487828389616,9.732110319899553,3710.4449068560803,25.28323431110416,124.3853325585734,124.38535200000003,13.286117895223772,0.1,9.732955826201888,3715.122184732618,34.0,25.22348925383384,3710.367716019863,5.824513525271145,2.4543516950586293,5.783400000000012,2.447000000000001,101.63371904954823,48.330776934117054,32.51113048961258,0.47553880135543347,0.6726796578075023,13.219621110929468,43.73295582620189,34.057867698872414,5.7834745143495745,2.447826191416534,25.41005468604886,3710.4103632875454
2843,284.29999999999615,43.76698871170167,34.034878318763255,9.732110264809887,3710.4448542501327,25.283234322296718,124.38533520193343,124.38535200000003,13.286117607209636,0.1,9.760346710926207,3715.122184732618,34.0,25.22348925383384,3710.367716019863,5.824513525271145,2.4543516950586293,5.783400000000012,2.447000000000001,101.63371848866407,48.330777275988666,32.51112978484199,0.4755388073435426,0.6726796384670173,13.318807777696168,43.76034671092621,34.018144972184054,5.784060399807028,2.447435153658401,25.20042211020348,3710.354352648438
2844,284.39999999999617,43.766988676807756,34.03487834888974,9.732110217210549,3710.4448087967703,25.283234331967495,124.38533748588894,124.38535200000003,13.286117358355426,0.1,9.754600018007551,3715.122184732618,34.0,25.22348925383384,3710.367716019863,5.824513525271145,2.4543516950586293,5.783400000000012,2.447000000000001,101.63371800404128,48.330777571377865,32.51112917589574,0.4755388125174765,0.6726796217561636,13.367510982034249,43.75460001800755,33.96729641585863,5.783807528714587,2.4473492105786487,25.17467814462807,3710.2914872833717
2845,284.4999999999962,43.766988646658135,34.03487837492012,9.732110176083095,3710.4447695234917,25.28323434032338,124.38533945930602,124.38535200000003,13.286117143336764,0.1,9.797038494995611,3715.122184732618,34.0,25.22348925383384,3710.367716019863,5.829497806133761,2.4536775408783713,5.783400000000012,2.447000000000001,101.63371758531063,48.330777826604525,32.511128649745075,0.4755388169879352,0.672679607317405,13.27202265236974,43.79703849499561,34.08173557626214,5.782488285925554,2.446718729173301,25.22331890395279,3710.536627538084
2846,284.5999999999962,43.76698862060783,34.03487839741126,9.73211014054755,3710.4447355900206,25.28323434754314,124.38534116440665,124.38535200000003,13.286116957553194,0.1,9.760483224436811,3715.122184732618,34.0,25.22348925383384,3710.367716019863,5.829497806133761,2.4536775408783713,5.783400000000012,2.447000000000001,101.63371722351279,48.330778047129186,32.51112819513268,0.47553882085056653,0.6726795948418177,13.297345439946028,43.76048322443681,34.066794751062055,5.783892234592178,2.448740341212547,25.318107716959755,3710.3050398668993
2847,284.69999999999624,43.766988598099516,34.03487841684435,9.732110109843596,3710.444706270328,25.283234353781253,124.38534263767238,124.38535200000003,13.286116797029763,0.1,9.751799818236186,3715.122184732618,34.0,25.235562216790342,3709.029480740522,5.829497806133761,2.4536775408783713,5.783400000000012,2.447000000000001,101.63371691090677,48.330778237670025,32.51112780233184,0.47553882418801346,0.6726795840624802,13.282193570509792,43.75179981823619,34.06990642696885,5.78382164534396,2.4459366144575947,25.14940729207145,3710.559211470766
2848,284.79999999999626,43.766988578651564,34.034878433635186,9.73211008331431,3710.444680937099,25.283234359171196,124.38534391062478,124.38535200000003,13.28611665833197,0.1,9.780852277918328,3715.122184732618,34.0,25.235562216790342,3709.029480740522,5.829497806133761,2.4536775408783713,5.783400000000012,2.447000000000001,101.63371664080425,48.33077840230384,32.51112746293834,0.475538827071683,0.6726795747487607,13.277661877609862,43.78085227791833,34.051020683380884,5.783722087828188,2.447246679972751,25.380780395221333,3710.4694905506312
2849,284.8999999999963,43.76698856184788,34.03487844814305,9.732110060392085,3710.4446590483117,25.283234363828292,124.38534501049965,124.38535200000003,13.286116538492273,0.1,9.750496066222837,3715.122184732618,34.0,25.235562216790342,3709.029480740522,5.829497806133761,2.4536775408783713,5.783400000000012,2.447000000000001,101.63371640742628,48.33077854455311,32.5111271696906,0.47553882956327304,0.6726795667013854,13.204665323146374,43.75049606622284,34.024008610478226,5.783183912845755,2.4467204478921514,25.23665056431535,3710.438774289264
2850,284.9999999999963,43.76698854732892,34.034878460678335,9.732110040586488,3710.4446401356413,25.283234367852188,124.38534596082961,124.38535200000003,13.286116434946628,0.1,9.809267020287564,3715.122184732618,34.0,25.235562216790342,3709.029480740522,5.8380522560215,2.4529349351728666,5.783400000000012,2.447000000000001,101.63371620577962,48.330778667461395,32.51112691631441,0.47553883171609307,0.6726795597481748,13.269241840237486,43.809267020287564,34.077576716981724,5.7853764040069935,2.445518402356942,25.206202604904334,3710.404650849958
2851,285.0999999999963,43.76698853478402,34.034878471509266,9.73211002347377,3710.4446237944394,25.283234371328977,124.38534678194767,124.38535200000003,13.286116345479602,0.1,9.771360081661818,3715.122184732618,34.0,25.235562216790342,3709.029480740522,5.8380522560215,2.4529349351728666,5.783400000000012,2.447000000000001,101.63371603155,48.330778773658444,32.5111266973886,0.47553883357620413,0.6726795537403594,13.304841219835966,43.77136008166182,34.04033360610513,5.783975477338486,2.446445192074837,25.235777979425375,3710.4031536491843
2852,285.19999999999635,43.76698852394479,34.034878480867576,9.732110008687792,3710.444609675075,25.28323437433304,124.38534749142217,124.38535200000003,13.286116268176997,0.1,9.752044407152589,3715.122184732618,34.0,25.270071657893016,3711.339969679695,5.8380522560215,2.4529349351728666,5.783400000000012,2.447000000000001,101.63371588100959,48.330778865416384,32.511126508229125,0.4755388351834045,0.6726795485493989,13.314724197706676,43.75204440715259,34.00368232427904,5.782787442460095,2.4474458567699546,25.328752551733345,3710.600453254187
2853,285.2999999999964,43.76698851457931,34.034878488953474,9.732109995912195,3710.4445974754553,25.283234376928657,124.38534810443268,124.38535200000003,13.286116201384868,0.1,9.85226554848387,3715.122184732618,34.0,25.270071657893016,3711.339969679695,5.8380522560215,2.4529349351728666,5.783400000000012,2.447000000000001,101.63371575093745,48.33077894469841,32.511126344788785,0.4755388365720813,0.6726795440642295,13.31390540256642,43.85226554848387,34.05771553864887,5.781738645179538,2.4472228769288877,25.156660420167466,3710.2330379932314
2854,285.3999999999964,43.76698850648722,34.03487849593997,9.732109984873638,3710.444586934562,25.283234379171358,124.385348634095,124.38535200000003,13.286116143674153,0.1,9.788268443823611,3715.122184732618,34.0,25.270071657893016,3711.339969679695,5.8380522560215,2.4529349351728666,5.783400000000012,2.447000000000001,101.63371563855065,48.33077901320083,32.51112620357067,0.475538837771946,0.6726795401888874,13.23119002674548,43.78826844382361,34.081302346203294,5.781612310270523,2.4474893842884025,25.374269662759417,3710.3620503808825
2855,285.4999999999964,43.76698849949538,34.03487850197654,9.73210997533594,3710.4445778268646,25.28323438110913,124.38534909174153,124.38535200000003,13.2861160938101,0.1,9.766346963444889,3715.122184732618,34.0,25.270071657893016,3711.339969679695,5.845049913043066,2.4522398242584935,5.783400000000012,2.447000000000001,101.63371554144452,48.33077907238928,32.51112608155333,0.4755388388086707,0.6726795368404582,13.290360304839922,43.76634696344489,34.06389906789882,5.782661662962985,2.448932805605228,25.188835560434732,3710.4443975520676
2856,285.59999999999644,43.76698849345419,34.03487850719235,9.732109967095038,3710.444569957499,25.28323438278343,124.38534948716399,124.38535200000003,13.286116050725834,0.1,9.743042471631078,3715.122184732618,34.0,25.270071657893016,3711.339969679695,5.845049913043066,2.4522398242584935,5.783400000000012,2.447000000000001,101.63371545754146,48.33077912353015,32.51112597612613,0.47553883970443683,0.6726795339472994,13.264836990613881,43.74304247163108,34.033972742104524,5.78278374315134,2.4472413063596448,25.30948188391135,3710.3545971968565
2857,285.69999999999646,43.76698848823439,34.03487851169899,9.732109959974615,3710.4445631580948,25.283234384230084,124.3853498288227,124.38535200000003,13.286116013499534,0.1,9.784315822819607,3715.122184732618,34.0,25.253287128763034,3711.92010373461,5.845049913043066,2.4522398242584935,5.783400000000012,2.447000000000001,101.63371538504633,48.33077916771764,32.51112588503337,0.47553884047840966,0.6726795314475099,13.273327143112796,43.78431582281961,34.05907599444322,5.7839650898795325,2.446388610639985,25.19011000963831,3710.4691046002977
2858,285.7999999999965,43.76698848372429,34.03487851559289,9.732109953822324,3710.444557283174,25.283234385480046,124.38535012402764,124.38535200000003,13.286115981334724,0.1,9.812134026430925,3715.122184732618,34.0,25.253287128763034,3711.92010373461,5.845049913043066,2.4522398242584935,5.783400000000012,2.447000000000001,101.63371532240804,48.33077920589715,32.511125806326085,0.47553884114714895,0.6726795292876054,13.320223676283614,43.812134026430925,34.09367367679135,5.781767264232974,2.445933445733182,25.44617801010484,3710.525022169497
2859,285.8999999999965,43.76698847982742,34.03487851895735,9.732109948506533,3710.444552207039,25.283234386560054,124.38535037909497,124.38535200000003,13.286115953543213,0.1,9.818614726054065,3715.122184732618,34.0,25.253287128763034,3711.92010373461,5.845049913043066,2.4522398242584935,5.783400000000012,2.447000000000001,101.63371526828641,48.33077923888559,32.51112573832025,0.47553884172496286,0.6726795274213727,13.409231434821507,43.818614726054065,34.03265734429351,5.783563815472426,2.4480910314123583,25.053005412869872,3710.394590474468
2860,285.99999999999653,43.766988476460384,34.03487852186435,9.732109943913501,3710.444547821083,25.283234387493216,124.38535059948192,124.38535200000003,13.286115929530386,0.1,9.786805413530502,3715.122184732618,34.0,25.253287128763034,3711.92010373461,5.853543855714376,2.4515310446549203,5.783400000000012,2.447000000000001,101.63371522152337,48.33077926738871,32.51112567956087,0.4755388422242141,0.6726795258088838,13.324569354286782,43.7868054135305,34.063825366321595,5.782719808054542,2.446070485070817,25.086696017069855,3710.425963450625
2861,286.09999999999656,43.76698847355115,34.0348785243761,9.732109939944962,3710.444544031465,25.283234388299505,124.38535078990388,124.38535200000003,13.28611590878247,0.1,9.770792378876479,3715.122184732618,34.0,25.253287128763034,3711.92010373461,5.853543855714376,2.4515310446549203,5.783400000000012,2.447000000000001,101.63371518111852,48.330779292016416,32.511125628790715,0.47553884265558455,0.6726795244156369,13.300643312348104,43.77079237887648,34.062380979565475,5.78437639715275,2.446758205633099,25.218842581704205,3710.398251995896
2862,286.1999999999966,43.766988471037465,34.03487852654635,9.732109936516013,3710.4445407571034,25.283234388996167,124.38535095443508,124.38535200000003,13.286115890855555,0.1,9.819477537898209,3715.122184732618,34.0,25.28367662523499,3714.085496677016,5.853543855714376,2.4515310446549203,5.783400000000012,2.447000000000001,101.63371514620738,48.3307793132956,32.511125584923555,0.4755388430283033,0.6726795232118237,13.270322363331958,43.81947753789821,33.980312370542705,5.783278791932188,2.446706031547389,25.16697246929529,3710.3134674997323
2863,286.2999999999966,43.76698846886555,34.03487852842152,9.732109933553282,3710.444537927942,25.283234389598107,124.38535109659578,124.38535200000003,13.286115875366079,0.1,9.734924797774568,3715.122184732618,34.0,25.28367662523499,3714.085496677016,5.853543855714376,2.4515310446549203,5.783400000000012,2.447000000000001,101.63371511604296,48.33077933168158,32.51112554702081,0.47553884335034535,0.6726795221716869,13.2091083023951,43.73492479777457,34.03824340746288,5.783050315836035,2.446327167735363,25.354777405986066,3710.2943070916895
2864,286.3999999999966,43.76698846698895,34.03487853004174,9.732109930993378,3710.444535483449,25.2832343901182,124.38535121942753,124.38535200000003,13.286115861982633,0.1,9.744302972847784,3715.122184732618,34.0,25.28367662523499,3714.085496677016,5.853543855714376,2.4515310446549203,5.783400000000012,2.447000000000001,101.6337150899798,48.3307793475677,32.51112551427152,0.4755388436286011,0.6726795212729728,13.262023002842739,43.744302972847784,34.02826680643587,5.784278406037096,2.445728780625805,25.210947667353334,3710.4928597240987
2865,286.49999999999665,43.766988465367504,34.03487853144165,9.73210992878153,3710.444533371322,25.28323439056758,124.38535132555832,124.38535200000003,13.286115850418877,0.1,9.773312611019556,3715.122184732618,34.0,25.28367662523499,3714.085496677016,5.859048984044973,2.450807312807054,5.783400000000012,2.447000000000001,101.63371506746032,48.330779361293814,32.51112548597501,0.47553884386902334,0.6726795204964534,13.309676161997421,43.773312611019556,34.06906304000063,5.782759897322452,2.446069863502857,25.228839439655236,3710.38611608446
2866,286.59999999999667,43.76698846396653,34.03487853265122,9.732109926870416,3710.4445315463713,25.283234390955858,124.38535141725902,124.38535200000003,13.286115840427389,0.1,9.824762065360694,3715.122184732618,34.0,25.28367662523499,3714.085496677016,5.859048984044973,2.450807312807054,5.783400000000012,2.447000000000001,101.63371504800271,48.33077937315367,32.511125461525836,0.47553884407675656,0.6726795198255134,13.304756472677616,43.824762065360694,34.03969351917978,5.782918333210773,2.446083177392174,25.307702909765606,3710.669628404305
2867,286.6999999999967,43.76698846275602,34.034878533696336,9.73210992521915,3710.444529969551,25.283234391291344,124.38535149649161,124.38535200000003,13.286115831794397,0.1,9.824002603002498,3715.122184732618,34.0,25.271875202566797,3716.519225539431,5.859048984044973,2.450807312807054,5.783400000000012,2.447000000000001,101.63371503119068,48.330779383400994,32.5111254404009,0.47553884425624526,0.6726795192457979,13.321696312960944,43.8240026030025,34.08201610814395,5.7832339373311505,2.446255223687934,25.34714979295945,3710.5852162815986
2868,286.7999999999967,43.76698846171011,34.03487853459934,9.732109923792397,3710.444528607123,25.283234391581217,124.38535156495129,124.38535200000003,13.286115824335198,0.1,9.798421917870975,3715.122184732618,34.0,25.271875202566797,3716.519225539431,5.859048984044973,2.450807312807054,5.783400000000012,2.447000000000001,101.63371501666448,48.33077939225503,32.51112542214824,0.47553884441132965,0.6726795187449041,13.261889287365118,43.798421917870975,34.100626048390325,5.783887047715966,2.4462816373929788,25.223991660878895,3710.2855355472257
2869,286.89999999999674,43.7669884608064,34.03487853537958,9.732109922559635,3710.4445274299383,25.28323439183168,124.38535162410287,124.38535200000003,13.286115817890188,0.1,9.792111898440815,3715.122184732618,34.0,25.271875202566797,3716.519225539431,5.859048984044973,2.450807312807054,5.783400000000012,2.447000000000001,101.63371500411337,48.33077939990523,32.5111254063773,0.47553884454532797,0.6726795183121141,13.25294402634634,43.792111898440815,34.01571563426475,5.784535371560504,2.447382063051028,25.310364783578862,3710.442336226956
2870,286.99999999999676,43.76698846002556,34.03487853605374,9.732109921494487,3710.44452641281,25.283234392048087,124.38535167521192,124.38535200000003,13.286115812321473,0.1,9.750198398944192,3715.122184732618,34.0,25.271875202566797,3716.519225539431,5.866281548159622,2.450054101331804,5.783400000000012,2.447000000000001,101.6337149932688,48.33077940651529,32.51112539275066,0.4755388446611072,0.6726795179381683,13.256660488286125,43.75019839894419,34.03604860025507,5.782947134336995,2.4462955313162524,25.366073592494786,3710.216574442963
2871,287.0999999999968,43.766988459350884,34.034878536636235,9.732109920574162,3710.444525533976,25.28323439223507,124.38535171937187,124.38535200000003,13.286115807509912,0.1,9.771683381111337,3715.122184732618,34.0,25.271875202566797,3716.519225539431,5.866281548159622,2.450054101331804,5.783400000000012,2.447000000000001,101.6337149838987,48.330779412226605,32.511125380976765,0.47553884476114444,0.6726795176150662,13.338749798129202,43.77168338111134,34.04195493629424,5.78340968199913,2.446013637551465,25.197502198351366,3710.3010496118245
2872,287.1999999999968,43.766988458767955,34.03487853713953,9.732109919778969,3710.444524774633,25.28323439239663,124.38535175752759,124.38535200000003,13.286115803352562,0.1,9.721386188678188,3715.122184732618,34.0,25.248502526081054,3717.862857563841,5.866281548159622,2.450054101331804,5.783400000000012,2.447000000000001,101.63371497580259,48.330779417161374,32.51112537080373,0.4755388448475802,0.6726795173358953,13.354759164866119,43.72138618867819,34.057878422601085,5.783091135801741,2.4457852319945284,25.375951349910935,3710.408162610111
2873,287.2999999999968,43.76698845826428,34.034878537574386,9.732109919091894,3710.4445241185344,25.283234392536222,124.38535179049545,124.38535200000003,13.286115799760463,0.1,9.771670561261473,3715.122184732618,34.0,25.248502526081054,3717.862857563841,5.866281548159622,2.450054101331804,5.783400000000012,2.447000000000001,101.63371496880728,48.33077942142518,32.511125362013864,0.4755388449222635,0.6726795170946817,13.333797105834464,43.77167056126147,33.98214004206921,5.783590568351807,2.446321078792952,25.26990576000956,3710.4429280495633
2874,287.39999999999685,43.76698845782907,34.03487853795013,9.732109918498239,3710.4445235516428,25.283234392656833,124.38535181898082,124.38535200000003,13.286115796656766,0.1,9.753470470510813,3715.122184732618,34.0,25.248502526081054,3717.862857563841,5.866281548159622,2.450054101331804,5.783400000000012,2.447000000000001,101.6337149627631,48.330779425109256,32.51112535441912,0.47553884498679255,0.6726795168862648,13.337062602210315,43.75347047051081,33.9827423787555,5.784657672165958,2.445790250394951,25.465611200108565,3710.3948494629517
2875,287.4999999999969,43.76698845745307,34.03487853827477,9.732109917985296,3710.4445230618285,25.283234392761045,124.38535184359313,124.38535200000003,13.286115793975068,0.1,9.812987819321187,3715.122184732618,34.0,25.248502526081054,3717.862857563841,5.867664146818465,2.449426748165691,5.783400000000012,2.447000000000001,101.63371495754068,48.33077942829241,32.511125347857,0.4755388450425478,0.6726795167061858,13.268144659934148,43.81298781932119,34.00870972124822,5.784766378859599,2.4471139578948575,25.292501332093995,3710.483446014046
2876,287.5999999999969,43.766988457128164,34.03487853855527,9.732109917542095,3710.444522638612,25.28323439285109,124.38535186485902,124.38535200000003,13.286115791657984,0.1,9.726466706026429,3715.122184732618,34.0,25.248502526081054,3717.862857563841,5.867664146818465,2.449426748165691,5.783400000000012,2.447000000000001,101.6337149530283,48.330779431042764,32.5111253421871,0.4755388450907224,0.6726795165505911,13.19466045780453,43.72646670602643,34.05814608332495,5.782756330941902,2.4482369679013516,25.472079958530397,3710.3465067370776
2877,287.6999999999969,43.76698845684746,34.034878538797635,9.732109917159157,3710.4445222729382,25.28323439292889,124.3853518832335,124.38535200000003,13.286115789655945,0.1,9.763685207348878,3715.122184732618,34.0,25.24156198469558,3714.832797574089,5.867664146818465,2.449426748165691,5.783400000000012,2.447000000000001,101.63371494912948,48.330779433419174,32.51112533728811,0.4755388451323469,0.6726795164161519,13.238368945945448,43.76368520734888,34.00443960679577,5.781684472848703,2.4465346408969624,25.200571515677886,3710.309309458799
2878,287.79999999999694,43.76698845660489,34.034878539007046,9.732109916828284,3710.4445219569834,25.283234392996114,124.3853518991097,124.38535200000003,13.28611578792611,0.1,9.772613770039705,3715.122184732618,34.0,25.24156198469558,3714.832797574089,5.867664146818465,2.449426748165691,5.783400000000012,2.447000000000001,101.63371494576077,48.33077943547248,32.511125333055205,0.4755388451683119,0.6726795162999916,13.27018997047361,43.772613770039705,34.026525187767355,5.784561361704527,2.447513210276956,25.19467232260937,3710.4625067683382
2879,287.89999999999696,43.766988456395325,34.03487853918799,9.7321099165424,3710.444521683987,25.283234393054197,124.3853519128273,124.38535200000003,13.286115786431477,0.1,9.787993316721185,3715.122184732618,34.0,25.24156198469558,3714.832797574089,5.867664146818465,2.449426748165691,5.783400000000012,2.447000000000001,101.63371494285012,48.33077943724661,32.511125329397835,0.47553884519938683,0.672679516199625,13.338913917313564,43.787993316721185,34.06547150990738,5.785032806079245,2.446573811570753,25.22506393255175,3710.415718989455
2880,287.999999999997,43.766988456214236,34.034878539344334,9.732109916295387,3710.4445214481093,25.283234393104383,124.38535192467978,124.38535200000003,13.286115785140058,0.1,9.77189094621609,3715.122184732618,34.0,25.24156198469558,3714.832797574089,5.877464578310896,2.4487479536703547,5.783400000000012,2.447000000000001,101.63371494033522,48.33077943877952,32.51112532623774,0.47553884522623663,0.6726795161129048,13.212581491463345,43.77189094621609,34.09040419160024,5.782690833138514,2.4461117733730466,25.46685331262627,3710.571350788363
2881,288.099999999997,43.766988456057774,34.034878539479415,9.732109916081958,3710.4445212443025,25.283234393147747,124.38535193492072,124.38535200000003,13.28611578402423,0.1,9.758103599737481,3715.122184732618,34.0,25.24156198469558,3714.832797574089,5.877464578310896,2.4487479536703547,5.783400000000012,2.447000000000001,101.63371493816223,48.330779440103996,32.5111253235073,0.47553884524943574,0.6726795160379757,13.336863017223873,43.75810359973748,34.06377068167832,5.7822230644465815,2.447945198409132,25.344785186600355,3710.370085118218
2882,288.19999999999703,43.766988455922586,34.034878539596136,9.73210991589755,3710.4445210682065,25.283234393185214,124.3853519437693,124.38535200000003,13.286115783060115,0.1,9.787966667479587,3715.122184732618,34.0,25.270756816458242,3715.29474274118,5.877464578310896,2.4487479536703547,5.783400000000012,2.447000000000001,101.63371493628472,48.33077944124842,32.511125321148114,0.47553884526948076,0.672679515973234,13.283008100491399,43.78796666747959,33.9884174044956,5.782734056337956,2.447814995061481,25.352262527821424,3710.440873792536
2883,288.29999999999706,43.76698845580579,34.03487853969698,9.732109915738214,3710.4445209160535,25.283234393217587,124.38535195141473,124.38535200000003,13.286115782227089,0.1,9.72851203222477,3715.122184732618,34.0,25.270756816458242,3715.29474274118,5.877464578310896,2.4487479536703547,5.783400000000012,2.447000000000001,101.63371493466246,48.330779442237215,32.5111253191097,0.4755388452868003,0.6726795159172954,13.258333133042916,43.72851203222477,34.02341703794715,5.7855107414974025,2.4465731896054606,25.208566118478906,3710.521882909614
2884,288.3999999999971,43.76698845570486,34.034878539784124,9.732109915600542,3710.444520784588,25.283234393245557,124.38535195802065,124.38535200000003,13.286115781507323,0.1,9.784244400710662,3715.122184732618,34.0,25.270756816458242,3715.29474274118,5.877464578310896,2.4487479536703547,5.783400000000012,2.447000000000001,101.63371493326079,48.33077944309157,32.51112531734843,0.4755388453017649,0.6726795158689622,13.259495454371189,43.78424440071066,34.111741037180494,5.7853735952810394,2.4484187295267996,25.274736158448857,3710.330102103463
2885,288.4999999999971,43.76698845561765,34.034878539859406,9.732109915481587,3710.444520670997,25.283234393269723,124.3853519637284,124.38535200000003,13.286115780885421,0.1,9.733320003820275,3715.122184732618,34.0,25.270756816458242,3715.29474274118,5.878674323137146,2.4479946883399335,5.783400000000012,2.447000000000001,101.63371493204966,48.33077944382977,32.51112531582664,0.475538845314695,0.6726795158272009,13.271264520518493,43.733320003820275,33.97169142892017,5.782233949356314,2.4460755706101818,25.284271987368804,3710.413876661411
2886,288.5999999999971,43.76698845554232,34.03487853992445,9.732109915378805,3710.4445205728507,25.283234393290606,124.38535196866006,124.38535200000003,13.286115780348073,0.1,9.734394339634413,3715.122184732618,34.0,25.270756816458242,3715.29474274118,5.878674323137146,2.4479946883399335,5.783400000000012,2.447000000000001,101.63371493100321,48.33077944446758,32.511125314511744,0.4755388453258669,0.6726795157911174,13.243597752422533,43.73439433963441,34.068328005036705,5.783832899453126,2.4478337060187485,25.179238655125705,3710.3152669817214
2887,288.69999999999715,43.76698845547722,34.03487853998066,9.73210991529,3710.444520488049,25.28323439330865,124.38535197292123,124.38535200000003,13.28611577988379,0.1,9.725132234376794,3715.122184732618,34.0,25.24571181180896,3715.0849668959413,5.878674323137146,2.4479946883399335,5.783400000000012,2.447000000000001,101.63371493009906,48.33077944501869,32.51112531337565,0.4755388453355199,0.6726795157599403,13.286424228689414,43.725132234376794,34.01191415725399,5.782438139833771,2.4456678343817395,25.295662663180224,3710.4921048643264
2888,288.79999999999717,43.76698845542096,34.03487854002923,9.732109915213272,3710.4445204147773,25.28323439332424,124.38535197660303,124.38535200000003,13.286115779482632,0.1,9.743419572267214,3715.122184732618,34.0,25.24571181180896,3715.0849668959413,5.878674323137146,2.4479946883399335,5.783400000000012,2.447000000000001,101.63371492931788,48.33077944549488,32.511125312394014,0.4755388453438603,0.6726795157330018,13.28007523395689,43.743419572267214,34.04226537312524,5.782590038951024,2.4463264481521314,25.273776670944628,3710.2453533256294
2889,288.8999999999972,43.766988455372356,34.0348785400712,9.732109915146973,3710.4445203514683,25.283234393337708,124.38535197978422,124.38535200000003,13.286115779136018,0.1,9.77271937795819,3715.122184732618,34.0,25.24571181180896,3715.0849668959413,5.878674323137146,2.4479946883399335,5.783400000000012,2.447000000000001,101.63371492864287,48.330779445906316,32.51112531154585,0.47553884535106683,0.6726795157097262,13.29664369788314,43.77271937795819,34.05791912748032,5.7836849594500235,2.4461844759537623,25.39316643195675,3710.410475931753
2890,288.9999999999972,43.76698845533036,34.03487854010744,9.732109915089687,3710.444520296767,25.283234393349346,124.38535198253282,124.38535200000003,13.286115778836532,0.1,9.758318522320451,3715.122184732618,34.0,25.24571181180896,3715.0849668959413,5.887265104190342,2.4473165715793206,5.783400000000012,2.447000000000001,101.63371492805962,48.33077944626178,32.51112531081301,0.47553884535729335,0.6726795156896157,13.403372305875354,43.75831852232045,34.038812067231945,5.784459618282139,2.447654690687736,25.365922611460974,3710.5165997412128
2891,289.09999999999724,43.76698845529408,34.03487854013877,9.732109915040192,3710.444520249503,25.283234393359404,124.38535198490776,124.38535200000003,13.286115778577766,0.1,9.75762829996313,3715.122184732618,34.0,25.24571181180896,3715.0849668959413,5.887265104190342,2.4473165715793206,5.783400000000012,2.447000000000001,101.6337149275557,48.33077944656894,32.51112531017981,0.4755388453626734,0.6726795156722392,13.342517397932381,43.75762829996313,34.00103643905631,5.7831151586000935,2.4490329683264362,25.492270348493474,3710.4272104132324
2892,289.19999999999726,43.766988455262734,34.03487854016584,9.732109914997428,3710.4445202086654,25.283234393368094,124.38535198695982,124.38535200000003,13.286115778354183,0.1,9.785038607032568,3715.122184732618,34.0,25.26921215133441,3715.6311255612773,5.887265104190342,2.4473165715793206,5.840100000000012,2.447000000000001,101.63371492712032,48.33077944683435,32.511125309632696,0.47553884536732194,0.6726795156572251,13.300133021564974,43.78503860703257,34.011253955402935,5.840268995491095,2.4472541691755003,25.248095171671405,3710.459929130779
2893,289.2999999999973,43.766988455235634,34.03487854018923,9.822795880490416,3710.44452017338,25.2832343933756,125.37835157397542,124.38535200000003,13.286115778160998,0.1,9.789215640954481,3715.122184732618,34.0,25.26921215133441,3715.6311255612773,5.887265104190342,2.4473165715793206,5.840100000000012,2.447000000000001,102.63107905868732,48.71661622911282,32.51112530915997,0.4746770342466662,0.6673518775659849,13.204637356460221,43.78921564095448,33.96446114489044,5.839554237384399,2.444846629237828,25.2996152929937,3710.583800926331
2894,289.3999999999973,43.76698845521223,34.03487854020944,9.822795880458493,3713.1314466217877,25.276389674606527,125.37835157551626,124.38535200000003,13.28611577799408,0.1,9.764362938921856,3715.122184732618,34.0,25.26921215133441,3715.6311255612773,5.887265104190342,2.4473165715793206,5.840100000000012,2.447000000000001,102.6032946039349,48.75189447303597,32.51112530875153,0.47514940588629306,0.666868962943235,13.269449707544867,43.764362938921856,34.062367254994875,5.840201320781787,2.448358470298484,25.328163675987934,3713.214763491153
2895,289.4999999999973,43.788327550446695,34.01645742532143,9.818463339567508,3715.8183730743644,25.26954495583657,125.15889546288531,124.38535200000003,13.298826374183474,0.1,9.78824564333906,3715.122184732618,34.0,25.26921215133441,3715.6311255612773,5.888287472240953,2.4484998505546605,5.840100000000012,2.447000000000001,102.5278866697808,48.70177804392138,32.54222813762697,0.47501006434258053,0.6681938410601554,13.229967005326628,43.78824564333906,34.01688610395389,5.839815480026432,2.4461917816560725,25.38527461073853,3715.9576226931867
2896,289.59999999999735,43.80966664568392,33.99804129810067,9.814296632129064,3717.9114801047112,25.266028232517336,124.94364826778012,124.38535200000003,13.311536970392591,0.1,9.795581793063732,3715.122184732618,34.0,25.26921215133441,3715.6311255612773,5.888287472240953,2.4484998505546605,5.840100000000012,2.447000000000001,102.46782376590083,48.6454074988972,32.573330966550685,0.4747383687003352,0.6696075259990191,13.400250180009941,43.79558179306373,33.99429464438919,5.8406819531295575,2.4442472897008134,25.414350941632534,3717.917175375067
2897,289.6999999999974,43.82063038230396,33.988581282265905,9.813028644432519,3719.422156490946,25.265826611556708,124.80608021001088,124.38535200000003,13.321438483796385,0.1,9.83999664611651,3715.122184732618,34.0,25.24570615617874,3717.9248988859367,5.888287472240953,2.4484998505546605,5.840100000000012,2.447000000000001,102.45307035501189,48.61159094918765,32.59755996984977,0.4744766631272523,0.6705717573391724,13.25795882842926,43.83999664611651,33.97101389927496,5.84000680201885,2.4488265121010184,25.173814606665307,3719.4217438227315
2898,289.7999999999974,43.82125895581082,33.988038960062106,9.814553934560792,3720.5605917780263,25.267262221453368,124.74264268547428,124.38535200000003,13.328584789393869,0.1,9.854096960688828,3715.122184732618,34.0,25.24570615617874,3717.9248988859367,5.888287472240953,2.4484998505546605,5.840100000000012,2.447000000000001,102.47565630280239,48.60175362691695,32.615046979646806,0.474276090345838,0.6710672876129251,13.357581580490868,43.85409696068883,34.016153014507346,5.840496833615292,2.4483221375405826,25.254903437635402,3720.7071395370776
2899,289.8999999999974,43.816783298396984,33.991900573125854,9.817353589221263,3721.5273734542025,25.26867108266725,124.71897440218528,124.38535200000003,13.33397019591678,0.1,9.82077269928606,3715.122184732618,34.0,25.24570615617874,3717.9248988859367,5.888287472240953,2.4484998505546605,5.840100000000012,2.447000000000001,102.51214304054317,48.605158771653535,32.62822506940837,0.4741405001398749,0.6712913998017246,13.26162691152815,43.82077269928606,33.974865741823145,5.839689434657857,2.448130822579684,25.242526002828615,3721.438337314336
2900,289.99999999999744,43.81239103267659,33.9956904488586,9.819932778947221,3722.430111863872,25.269239360444114,124.70189031819311,124.38535200000003,13.338543589243741,0.1,9.793631870090273,3715.122184732618,34.0,25.24570615617874,3717.9248988859367,5.886958559704433,2.451202797197972,5.840100000000012,2.447000000000001,102.54279870314889,48.610289442737695,32.63941616287945,0.47404878799397315,0.671450767667785,13.329490866125797,43.79363187009027,34.00813085970427,5.8411695409761855,2.4467584250140892,25.21590088084612,3722.3455432717683
2901,290.09999999999746,43.81061936987943,33.9972191916439,9.82156384142931,3723.286622985707,25.26899540354783,124.67454044766635,124.38535200000003,13.342814023738427,0.1,9.855105030616237,3715.122184732618,34.0,25.24570615617874,3717.9248988859367,5.886958559704433,2.451202797197972,5.840100000000012,2.447000000000001,102.55973704441695,48.61081064855097,32.64986591608795,0.47397557803310686,0.6716585360433853,13.338306965198763,43.85510503061624,34.01292112399034,5.839473100582082,2.447100585486421,25.343582534777617,3723.1893078165144
2902,290.1999999999975,43.81137992989929,33.99656291094167,9.822293943332967,3724.069128949428,25.26837923346668,124.63655796115724,124.38535200000003,13.346865778488848,0.1,9.800186100401064,3715.122184732618,34.0,25.23781951149209,3718.5122520150458,5.886958559704433,2.451202797197972,5.840100000000012,2.447000000000001,102.5652611255297,48.60621441116514,32.65978055996222,0.4739052372876617,0.6719260274764388,13.28213073665527,43.80018610040106,33.97714555419016,5.839915820115784,2.4469269187978613,25.23768837451858,3724.120492883756
2903,290.2999999999975,43.813300901744284,33.99490534906322,9.822551490610598,3724.748859292442,25.26781489647852,124.59583972361305,124.38535200000003,13.350567449342751,0.1,9.813342143004768,3715.122184732618,34.0,25.23781951149209,3718.5122520150458,5.886958559704433,2.451202797197972,5.840100000000012,2.447000000000001,102.56580123854158,48.59920384678754,32.66883854854173,0.47383438982510684,0.6722093360116058,13.329687669086276,43.81334214300477,33.984751900449936,5.841612626989521,2.4458660569534265,25.32188079353405,3724.891372506124
2904,290.39999999999753,43.81506027873857,33.99338725908101,9.822746214432188,3725.318411431701,25.26750121810271,124.56005601220822,124.38535200000003,13.353782936656462,0.1,9.787978813123544,3715.122184732618,34.0,25.23781951149209,3718.5122520150458,5.886958559704433,2.451202797197972,5.840100000000012,2.447000000000001,102.56666821126564,48.59267541914484,32.676706845998375,0.47376673403346015,0.6724615708877846,13.3372624266253,43.787978813123544,33.98772929462492,5.840657815244682,2.444348932923064,25.275736853242293,3725.426093170132
2905,290.49999999999756,43.816038202442996,33.992543465857125,9.823075844068198,3725.7911375469457,25.26742021641319,124.53252141909971,124.38535200000003,13.356477222261194,0.1,9.845260731512106,3715.122184732618,34.0,25.23781951149209,3718.5122520150458,5.887537912596301,2.453701335246887,5.840100000000012,2.447000000000001,102.56996240533286,48.58809860543453,32.683299762873155,0.4737068968927332,0.6726606041590926,13.299500339345135,43.845260731512106,34.03244737475558,5.8402971477150025,2.446364417610403,25.26609347732195,3725.8839719667963
2906,290.5999999999976,43.816290733310254,33.992325573429056,9.82353624077042,3726.189358669028,25.26745183322913,124.51240709536,124.38535200000003,13.358713469093566,0.1,9.883339439082341,3715.122184732618,34.0,25.23781951149209,3718.5122520150458,5.887537912596301,2.453701335246887,5.840100000000012,2.447000000000001,102.57515103146402,48.58544309061159,32.68877185887197,0.4736570465853707,0.6728099977992911,13.3201070867318,43.88333943908234,33.960390267561856,5.84058218223695,2.447900334275667,25.23774877790881,3726.215784193381
2907,290.6999999999976,43.81619216472487,33.992410621754615,9.824027995772939,3726.5331530724443,25.267484206823806,124.49698532346999,124.38535200000003,13.360597267542857,0.1,9.820138726509676,3715.122184732618,34.0,25.262624345055343,3722.1111973034303,5.887537912596301,2.453701335246887,5.840100000000012,2.447000000000001,102.58068740631573,48.583907576936426,32.69338151367739,0.47361651403737026,0.6729261425072666,13.3704154396327,43.820138726509676,33.996283254312054,5.840466844591494,2.4489432881393496,25.324530534448723,3726.5770799048273
2908,290.7999999999976,43.8160912368061,33.992497705903475,9.824457895460606,3726.8352181862833,25.267465605267148,124.48374945492245,124.38535200000003,13.362223598563787,0.1,9.796536010363148,3715.122184732618,34.0,25.262624345055343,3722.1111973034303,5.887537912596301,2.453701335246887,5.840100000000012,2.447000000000001,102.585336975299,48.58268008286045,32.6973611456856,0.47358308229331475,0.6730250593404571,13.408872662874849,43.79653601036315,33.98374084328619,5.83889705988702,2.4474111779460963,25.40196516714701,3726.8332255477712
2909,290.89999999999765,43.816149229019146,33.99244766817406,9.824786774286839,3727.101468777941,25.267400365488488,124.47140425546462,124.38535200000003,13.363652527772913,0.1,9.805533016980228,3715.122184732618,34.0,25.262624345055343,3722.1111973034303,5.887537912596301,2.453701335246887,5.840100000000012,2.447000000000001,102.58868684697546,48.58133255543186,32.70085773546033,0.47355448294115815,0.6731157013478022,13.379134309014464,43.80553301698023,34.02627015504671,5.839516752403682,2.4464132608090305,25.18412808454653,3727.142964798812
2910,290.99999999999767,43.81635262055309,33.99227217506692,9.825025953648655,3727.3343148810136,25.267318456664153,124.45977979489639,124.38535200000003,13.364912035176907,0.1,9.792183866224761,3715.122184732618,34.0,25.262624345055343,3722.1111973034303,5.887582230447632,2.4559323488302254,5.840100000000012,2.447000000000001,102.59098312569152,48.5798302909249,32.70393975007791,0.47352924020044035,0.6731999587941595,13.281544735769101,43.79218386622476,34.03362005812987,5.839785364323777,2.447252011249547,25.420788415218826,3727.4589734846245
2911,291.0999999999977,43.81660797950384,33.9920518433533,9.825209356895401,3727.53570672029,25.26724709239699,124.44923643152887,124.38535200000003,13.36601352152097,0.1,9.856562075366668,3715.122184732618,34.0,25.262624345055343,3722.1111973034303,5.887582230447632,2.4559323488302254,5.840100000000012,2.447000000000001,102.59270916397399,48.578339544532355,32.70663508716182,0.4735067427344136,0.6732761019379687,13.297922977935604,43.85656207536667,34.01483452786938,5.83953908831664,2.447420052533589,25.32341660661237,3727.465412144398
2912,291.1999999999977,43.81683046474315,33.991859876691436,9.825367493190447,3727.708569602828,25.267197789152867,124.4401103012603,124.38535200000003,13.366966212409253,0.1,9.83628742768947,3715.122184732618,34.0,25.256886868534853,3724.7875452152307,5.887582230447632,2.4559323488302254,5.840100000000012,2.447000000000001,102.59424705744871,48.577029825000245,32.70896632176545,0.4734868788285861,0.6733422450816812,13.315348560039027,43.83628742768947,33.958277605341046,5.840735470995176,2.4470670269860837,25.280953872707926,3727.8131737663502
2913,291.29999999999774,43.81698417253703,33.99172725350381,9.825515675462649,3727.8567383752847,25.267167831881757,124.43245933113893,124.38535200000003,13.367783946105455,0.1,9.82358959613758,3715.122184732618,34.0,25.256886868534853,3724.7875452152307,5.887582230447632,2.4559323488302254,5.840100000000012,2.447000000000001,102.59575409257374,48.575973874749614,32.71096731612006,0.4734696314129994,0.6733980753625944,13.370602127330516,43.82358959613758,33.97995401374638,5.839929132256962,2.4471645418282124,25.194806702884392,3727.852839724886
2914,291.39999999999776,43.81707756732544,33.99164667011368,9.825655487212934,3727.984204627304,25.267148301682344,124.42608872535027,124.38535200000003,13.368484863481026,0.1,9.854750990014587,3715.122184732618,34.0,25.256886868534853,3724.7875452152307,5.887582230447632,2.4559323488302254,5.840100000000012,2.447000000000001,102.59721146256311,48.57514778473828,32.71268246093808,0.47345485410646815,0.6734448365634415,13.390164397492285,43.85475099001459,33.92647350593544,5.839997872337563,2.4481085212784874,25.192408496331403,3727.944100103356
2915,291.4999999999978,43.81713845467513,33.99159413501689,9.825782259103356,3728.0944328566343,25.267131350267768,124.42070331438296,124.38535200000003,13.36908784688541,0.1,9.756289845649547,3715.122184732618,34.0,25.256886868534853,3724.7875452152307,5.883096867727827,2.457998335404318,5.840100000000012,2.447000000000001,102.59853598046331,48.57448155208555,32.71415796132861,0.4734422483507469,0.6734844493656572,13.354807883126012,43.75628984564955,34.002284157288734,5.838853881285843,2.4483480537392,25.188571389546492,3727.999213809706
2916,291.5999999999978,43.817191302405206,33.99154853673375,9.825891832178831,3728.190088871089,25.267113391275128,124.41604539666442,124.38535200000003,13.36960928524206,0.1,9.830722485804984,3715.122184732618,34.0,25.256886868534853,3724.7875452152307,5.883096867727827,2.457998335404318,5.840100000000012,2.447000000000001,102.59966737317603,48.573909361869944,32.71543392098733,0.4734314506614985,0.6735186512837823,13.43607996206841,43.83072248580498,34.01259946201982,5.840091884212852,2.44720352026814,25.21279244536179,3728.2353624257576
2917,291.69999999999783,43.81724729136067,33.991500228159744,9.825983554723091,3728.2731411718655,25.267094592443474,124.41195400194421,124.38535200000003,13.37006178924474,0.1,9.846893158918853,3715.122184732618,34.0,25.268776411005426,3729.5492156919477,5.883096867727827,2.457998335404318,5.840100000000012,2.447000000000001,102.60059915908911,48.57339405708577,32.716541198281895,0.47342212867362954,0.6735485924626115,13.390284012656608,43.84689315891885,33.98185258646784,5.83988472424073,2.4462329971457506,25.323457879697365,3728.2772913647805
2918,291.79999999999785,43.817305898598235,33.991449660507776,9.826059869624919,3728.345122695803,25.26707674273594,124.4083530710309,124.38535200000003,13.370454670954771,0.1,9.773412879334984,3715.122184732618,34.0,25.268776411005426,3729.5492156919477,5.883096867727827,2.457998335404318,5.840100000000012,2.447000000000001,102.60136545265243,48.57292594395121,32.71750257982634,0.4734140304045585,0.6735748762094216,13.267574710599547,43.773412879334984,33.99692921003993,5.840707439654814,2.447294278665359,25.152525547327418,3728.375419772823
2919,291.8999999999979,43.81736154684643,33.99140164597365,9.82612440076645,3728.407360573557,25.26706137320683,124.40520856730757,124.38535200000003,13.370795181981563,0.1,9.808662280643475,3715.122184732618,34.0,25.268776411005426,3729.5492156919477,5.883096867727827,2.457998335404318,5.840100000000012,2.447000000000001,102.60201230142916,48.572509046338155,32.7183358103089,0.47340698254181884,0.6735978118629948,13.352183681132045,43.808662280643475,33.99286361426182,5.8407603524210305,2.446883661814879,25.26531365880539,3728.4580552691627
2920,291.9999999999979,43.817409462890396,33.991360302982834,9.826180266977028,3728.4610898371657,25.267048957222677,124.40249074652041,124.38535200000003,13.37108960036145,0.1,9.815912565389723,3715.122184732618,34.0,25.268776411005426,3729.5492156919477,5.879902341340945,2.4601204601380307,5.840100000000012,2.447000000000001,102.6025759069988,48.57214785860314,32.719056252084485,0.47340086181296254,0.6736176532141817,13.37224017729329,43.81591256538972,33.95577753580161,5.8402814309521185,2.4473653584043453,25.15222953645128,3728.4540385501246
2921,292.0999999999979,43.81744817096259,33.99132690484598,9.826229383165746,3728.5074650346232,25.26703906163393,124.40015747368786,124.38535200000003,13.371343768455144,0.1,9.839554779126885,3715.122184732618,34.0,25.268776411005426,3729.5492156919477,5.879902341340945,2.4601204601380307,5.840100000000012,2.447000000000001,102.60307555748376,48.571840984157255,32.71967820140975,0.4733955655836525,0.6736347138269264,13.375248052652868,43.839554779126885,33.99847398533898,5.839346281650641,2.4475226509634727,25.394505176126806,3728.470257448541
2922,292.19999999999794,43.81747902145007,33.99130028640984,9.826272630836167,3728.5475267021966,25.267030901266537,124.39815606296965,124.38535200000003,13.371563147890868,0.1,9.808324226811152,3715.122184732618,34.0,25.245509782851496,3730.6381218764545,5.879902341340945,2.4601204601380307,5.840100000000012,2.447000000000001,102.60351775328635,48.57158141768517,32.720215022888965,0.47339099556486147,0.6736493659021644,13.341724362648877,43.80832422681115,33.95613636614462,5.840972613022541,2.4461720739764776,25.19834912569323,3728.557974829037
2923,292.29999999999797,43.817504462211446,33.991278335604655,9.826310394963715,3728.5821728151877,25.26702381427889,124.39643304037982,124.38535200000003,13.371752660960532,0.1,9.813131037014813,3715.122184732618,34.0,25.245509782851496,3730.6381218764545,5.879902341340945,2.4601204601380307,5.840100000000012,2.447000000000001,102.60390403821641,48.57135998580066,32.720678761370436,0.4733870552109743,0.673661984571484,13.367306820641774,43.81313103701481,34.05864987798022,5.840267352378672,2.446563142684924,25.23539427750026,3728.4402932478206
2924,292.399999999998,43.817526556604136,33.99125927212004,9.826343024336065,3728.6121566553147,25.267017453942962,124.39494250154108,124.38535200000003,13.371916555566589,0.1,9.806822198617994,3715.122184732618,34.0,25.245509782851496,3730.6381218764545,5.879902341340945,2.4601204601380307,5.840100000000012,2.447000000000001,102.60423683789135,48.57116858338114,32.721079811471455,0.47338365432336604,0.6736728962017836,13.273124885386784,43.80682219861799,34.03047416613299,5.839382930769965,2.4480376553302112,25.281937873418503,3728.57424758003
2925,292.499999999998,43.81754638558742,33.991242163280596,9.826371028018642,3728.638107293079,25.267011737314334,124.39364910693317,124.38535200000003,13.37205839513361,0.1,9.795632628661316,3715.122184732618,34.0,25.245509782851496,3730.6381218764545,5.88092696899792,2.462207995497443,5.840100000000012,2.447000000000001,102.60452141067177,48.571001610629345,32.721426892891955,0.4733807140547467,0.6736823579469103,13.427155409947437,43.795632628661316,33.97309869771864,5.840069346804994,2.445408058987152,25.347635971707614,3728.699368003575
2926,292.59999999999803,43.81756420774883,33.991226785970476,9.826395045626725,3728.66055817488,25.267006695009197,124.39252648288154,124.38535200000003,13.372181155500822,0.1,9.902544376412713,3715.122184732618,34.0,25.245509782851496,3730.6381218764545,5.88092696899792,2.462207995497443,5.840100000000012,2.447000000000001,102.60476491091562,48.570855721673446,32.721727287510525,0.4733781687804075,0.6736905661085425,13.401182123004403,43.90254437641271,33.99498162106989,5.840653038123123,2.446025002827704,25.27051765646166,3728.5444145025112
2927,292.69999999999806,43.81757992763933,33.9912132225438,9.826415724356169,3728.679971383418,25.267002345725,124.39155379818871,124.38535200000003,13.37228736015441,0.1,9.80299439777722,3715.122184732618,34.0,25.255261932995374,3732.5055233028843,5.88092696899792,2.462207995497443,5.840100000000012,2.447000000000001,102.60497452788681,48.57072880427558,32.72198717029785,0.4733759647401368,0.6736976770959509,13.396863926594804,43.80299439777722,33.96375805374264,5.841585663394167,2.4467723884417123,25.38218354521642,3728.5517618195104
2928,292.7999999999981,43.81759348696774,33.991201523294194,9.826433616732217,3728.6967526349085,25.266998645890613,124.39071288995746,124.38535200000003,13.37237919499217,0.1,9.791850626066562,3715.122184732618,34.0,25.255261932995374,3732.5055233028843,5.88092696899792,2.462207995497443,5.840100000000012,2.447000000000001,102.60515615745753,48.57061905317162,32.72221189014586,0.473374057134471,0.6737038260583817,13.38509396586705,43.79185062606656,34.00376989226352,5.839966726815186,2.44638912429236,25.11040844934015,3728.613776988833
2929,292.8999999999981,43.817605021571424,33.991191571017644,9.826449145653497,3728.711258499152,25.266995502036202,124.38998690034371,124.38535200000003,13.372458579268347,0.1,9.815434617366058,3715.122184732618,34.0,25.255261932995374,3732.5055233028843,5.88092696899792,2.462207995497443,5.840100000000012,2.447000000000001,102.60531406814133,48.57052453198434,32.722406143469655,0.47337240739527503,0.673709136534474,13.365386670521655,43.81543461736606,33.99607111746926,5.842293874644743,2.4461815447952993,25.188647897547813,3728.734227294361
2930,292.9999999999981,43.81761482285194,33.99118311428661,9.826462625553969,3728.723799930836,25.26699280787159,124.38936017614566,124.38535200000003,13.372527199748408,0.1,9.83586350789551,3715.122184732618,34.0,25.255261932995374,3732.5055233028843,5.879714980110433,2.4642270612735824,5.840100000000012,2.447000000000001,102.60545128425362,48.570443180137886,32.722574057784364,0.4733709814849941,0.6737137220762635,13.436222982495474,43.83586350789551,33.9870591917952,5.839307639490511,2.448090364613218,25.250268003571225,3728.6784196028734
2931,293.09999999999815,43.817623222179535,33.991175867188026,9.826474304948661,3728.73464552914,25.26699047434521,124.38881869073936,124.38535200000003,13.37258652741399,0.1,9.807378921391063,3715.122184732618,34.0,25.255261932995374,3732.5055233028843,5.879714980110433,2.4642270612735824,5.840100000000012,2.447000000000001,102.60557017559603,48.5703730201681,32.722719232582044,0.47336974919632774,0.6737176842144992,13.366079805031731,43.80737892139106,33.98172795755409,5.8401205469605415,2.447210217643201,25.226366177624616,3728.7119278756777
2932,293.19999999999817,43.81763049718138,33.99116959017958,9.8264844013809,3728.7440259390414,25.266988440239086,124.38835037023387,124.38535200000003,13.372637832882571,0.1,9.802487460363658,3715.122184732618,34.0,25.262119525726572,3736.13530196777,5.879714980110433,2.4642270612735824,5.840100000000012,2.447000000000001,102.6056728845859,48.57031234248626,32.72284477706366,0.4733686839822169,0.6737211106719562,13.432046537122053,43.80248746036366,33.95970521811709,5.840480258943708,2.447774673584638,25.380485024318556,3728.906132808529
2933,293.2999999999982,43.81763683871063,33.99116411858931,9.826493117489578,3728.7521391351543,25.266986666950167,124.3879450785312,124.38535200000003,13.372682207227992,0.1,9.768857987290865,3715.122184732618,34.0,25.262119525726572,3736.13530196777,5.879714980110433,2.4642270612735824,5.840100000000012,2.447000000000001,102.60576148165973,48.570259768433566,32.72295336108691,0.4733677628533097,0.6737240755371454,13.362032219947807,43.768857987290865,33.9347870302584,5.83993331712413,2.4475645968997695,25.116254656103795,3728.5820770670516
2934,293.3999999999982,43.817642367116164,33.99115934857779,9.826500641686522,3728.7591556651414,25.26698512741482,124.38759432709477,124.38535200000003,13.372720586975849,0.1,9.793049713984153,3715.122184732618,34.0,25.262119525726572,3736.13530196777,5.879714980110433,2.4642270612735824,5.840100000000012,2.447000000000001,102.60583792774322,48.570214205299266,32.723047276329915,0.4733669661126225,0.6737266411470687,13.35045713346874,43.79304971398415,34.02699233479152,5.8397930544804755,2.4476711132462188,25.076771352258657,3728.7069799598617
2935,293.49999999999824,43.817647166771565,33.991155207345756,9.826507142711234,3728.765223107802,25.266983797269717,124.38729089744413,124.38535200000003,13.372753778907608,0.1,9.808562689032357,3715.122184732618,34.0,25.262119525726572,3736.13530196777,5.875077494429098,2.4663494206302854,5.840100000000012,2.447000000000001,102.60590397850882,48.57017475701855,32.72312849698693,0.47336627692683014,0.673728860575251,13.352290360084815,43.80856268903236,33.9646318975148,5.8407043837012145,2.447657898768411,25.36227047740554,3728.930301260981
2936,293.59999999999826,43.81765131363194,33.99115162935763,9.826512765601365,3728.770469509673,25.26698265127851,124.38702852897661,124.38535200000003,13.372782481149756,0.1,9.854435304517601,3715.122184732618,34.0,25.262119525726572,3736.13530196777,5.875077494429098,2.4663494206302854,5.840100000000012,2.447000000000001,102.60596112557707,48.570140647063454,32.723198731373465,0.4733656808459655,0.6737307797635934,13.362467698309894,43.8544353045176,33.97449546610155,5.839802042157879,2.446608951464965,25.299835259222117,3728.803509509227
2937,293.6999999999983,43.817654886374115,33.99114854672949,9.82651763194942,3728.775005976925,25.26698166393715,124.3868017275225,124.38535200000003,13.372807299430761,0.1,9.829030558247538,3715.122184732618,34.0,25.23893783355975,3735.2967603459747,5.875077494429098,2.4663494206302854,5.840100000000012,2.447000000000001,102.60601060179653,48.570111177467545,32.72325946170709,0.4733651653796696,0.67373243890963,13.35157590874924,43.82903055824754,33.97614483915861,5.839592213942525,2.447986778895074,25.45569834377652,3728.7124763198026
2938,293.7999999999983,43.81765796450955,33.99114589085733,9.826521843521187,3728.7789287492255,25.266980811626098,124.38660567106368,124.38535200000003,13.372828759342102,0.1,9.83539239687741,3715.122184732618,34.0,25.23893783355975,3735.2967603459747,5.875077494429098,2.4663494206302854,5.840100000000012,2.447000000000001,102.60605342975369,48.57008571903826,32.72331197411014,0.47336471967797095,0.6737338732198987,13.417242121296317,43.83539239687741,33.98888389590527,5.8407660405605135,2.4469176862149573,25.07530116870073,3728.630287830937
2939,293.89999999999833,43.81766062167448,33.991143598206385,9.826525486881769,3728.7823210184943,25.266980074224172,124.38643615961746,124.38535200000003,13.372847316148778,0.1,9.797346890489443,3715.122184732618,34.0,25.23893783355975,3735.2967603459747,5.875077494429098,2.4663494206302854,5.840100000000012,2.447000000000001,102.60609047917117,48.57006371548838,32.72335738261607,0.47336433430672425,0.6737351133468044,13.424112332807738,43.79734689048944,34.050098145187135,5.8409141513502165,2.4471838558579333,25.295209987617827,3728.897192148703
2940,293.99999999999835,43.81766292059872,33.99114161465217,9.826528637168675,3728.7852546120494,25.266979435429775,124.38628956713143,124.38535200000003,13.37286336339297,0.1,9.810197607283826,3715.122184732618,34.0,25.23893783355975,3735.2967603459747,5.875126428260533,2.4683263235681867,5.840100000000012,2.447000000000001,102.60612250968225,48.570044686583884,32.72339665022261,0.473364001080936,0.6737361857783412,13.365528621060305,43.810197607283826,33.98832033943835,5.840510600715922,2.4468429070656783,25.318773988488573,3728.7061122782675
2941,294.0999999999984,43.817664912104135,33.99113989634465,9.826531360367275,3728.7877915455874,25.26697888208998,124.38616277916987,124.38535200000003,13.372877240856226,0.1,9.83198273710778,3715.122184732618,34.0,25.23893783355975,3735.2967603459747,5.875126428260533,2.4683263235681867,5.840100000000012,2.447000000000001,102.60615019311574,48.57002822404636,32.723430608375196,0.4733637129220069,0.6737371132960197,13.500270026881346,43.83198273710778,34.02341115363729,5.841509903300449,2.4474968938168913,25.336206049952917,3728.8824568446285
2942,294.1999999999984,43.81766663719628,33.99113840790343,9.826533714406617,3728.7899854075513,25.266978403217028,124.38605312073534,124.38535200000003,13.372889241905895,0.1,9.776824165701214,3715.122184732618,34.0,25.243642818529445,3736.391474545595,5.875126428260533,2.4683263235681867,5.840100000000012,2.447000000000001,102.60617412154622,48.57001398140558,32.72345997494374,0.4733634637216864,0.6737379154857048,13.431489609172196,43.776824165701214,33.978868833146926,5.839452045378882,2.449179744100354,25.349822077024506,3728.76247103682
2943,294.2999999999984,43.8176681301306,33.991137119772276,9.8265357497364,3728.791882548191,25.26697798921624,124.38595828607704,124.38535200000003,13.37289962004391,0.1,9.790820868951258,3715.122184732618,34.0,25.243642818529445,3736.391474545595,5.875126428260533,2.4683263235681867,5.840100000000012,2.447000000000001,102.6061948105003,48.570001662082745,32.72348537024746,0.47336324821113324,0.6737386092328216,13.401411045268492,43.79082086895126,34.04261281965389,5.8389080075971425,2.4467413021210267,25.451302328339708,3728.7146345137267
2944,294.39999999999844,43.817669420819456,33.99113600614224,9.826537509897982,3728.7935230786993,25.26697763150146,124.38587627950565,124.38535200000003,13.372908594531694,0.1,9.824238983313208,3715.122184732618,34.0,25.243642818529445,3736.391474545595,5.875126428260533,2.4683263235681867,5.840100000000012,2.447000000000001,102.6062127036708,48.569991009296764,32.72350733081907,0.4733630618407879,0.6737392091457352,13.344662159990602,43.82423898331321,33.96650504032996,5.838921375018254,2.4465390699808274,25.376101425453598,3728.7124112464426
2945,294.49999999999847,43.817670536031045,33.991135043917225,9.826539032278394,3728.794941710194,25.266977322405843,124.3858053696734,124.38535200000003,13.372916355116594,0.1,9.849364301489338,3715.122184732618,34.0,25.243642818529445,3736.391474545595,5.8738122223375,2.4704508188047,5.840100000000012,2.447000000000001,102.606228180842,48.56998179914172,32.723526320970315,0.47336290067633935,0.673739727889883,13.381369210537878,43.84936430148934,33.96655781428461,5.839755474724011,2.447456165729969,25.2384902694495,3728.94696188072
2946,294.5999999999985,43.817671499667554,33.991134212473995,9.82654034898601,3728.7961684689944,25.26697705520429,124.38574405473067,124.38535200000003,13.372923066000727,0.1,9.790579104590343,3715.122184732618,34.0,25.243642818529445,3736.391474545595,5.8738122223375,2.4704508188047,5.840100000000012,2.447000000000001,102.60624156760501,48.569973836299496,32.72354274250379,0.4733627613121157,0.6737401764471893,13.340337256799433,43.79057910459034,34.001706768876936,5.8396210124214285,2.447620828990178,25.244261574843033,3728.780040772625
2947,294.6999999999985,43.81767233269511,33.99113349372255,9.82654148769933,3728.7972293176117,25.2669768241089,124.3856910341161,124.38535200000003,13.372928869224609,0.1,9.841786364099654,3715.122184732618,34.0,25.224843982803442,3734.0834163800287,5.8738122223375,2.4704508188047,5.840100000000012,2.447000000000001,102.6062531446684,48.56996695111424,32.72355694299263,0.473362640799617,0.6737405643271067,13.346107391622818,43.841786364099654,34.02576914726298,5.840180944328029,2.448473284724329,25.292415442214313,3728.8363471475996
2948,294.79999999999853,43.81767305315809,33.9911328720939,9.82654247237896,3728.7981466994083,25.266976624190537,124.38564518370019,124.38535200000003,13.372933887604773,0.1,9.82667266173685,3715.122184732618,34.0,25.224843982803442,3734.0834163800287,5.8738122223375,2.4704508188047,5.840100000000012,2.447000000000001,102.60626315536483,48.56996099698175,32.72356922296889,0.4733625365874387,0.6737408997508235,13.438993449806345,43.82667266173685,34.01132388368959,5.8388356535677595,2.446672967935393,25.217300906307152,3728.8546836705364
2949,294.89999999999856,43.81767367642358,33.99113233432902,9.826543323814812,3728.798940016001,25.266976451248613,124.38560553285438,124.38535200000003,13.372938227310303,0.1,9.776155573518217,3715.122184732618,34.0,25.224843982803442,3734.0834163800287,5.8738122223375,2.4704508188047,5.840100000000012,2.447000000000001,102.60627181113671,48.56995584761445,32.723579842228325,0.47336244646930786,0.6737411898190055,13.370613658320563,43.77615557351822,33.976985089592304,5.842519945818425,2.4465827487064207,25.273807604930933,3728.8472622868267
2950,294.9999999999986,43.81767421558733,33.99113186912868,9.826544060042007,3728.799626042611,25.266976301674003,124.385571243419,124.38535200000003,13.372941980121201,0.1,9.846021739172976,3715.122184732618,34.0,25.224843982803442,3734.0834163800287,5.87334755556739,2.472422010979127,5.840100000000012,2.447000000000001,102.60627929555055,48.569951394239474,32.72358902535659,0.47336236853825453,0.6737414406644371,13.398734101742912,43.846021739172976,33.967642016262886,5.839218589412716,2.4473310123502565,25.36308025774744,3728.6789649460848
2951,295.0999999999986,43.81767468190114,33.9911314667846,9.826544696677983,3728.8002192865124,25.266976172337603,124.38554159104315,124.38535200000003,13.37294522539322,0.1,9.835801874632786,3715.122184732618,34.0,25.224843982803442,3734.0834163800287,5.87334755556739,2.472422010979127,5.840100000000012,2.447000000000001,102.60628576754956,48.56994754298157,32.72359696653722,0.47336230114609984,0.6737416575873125,13.363531683696026,43.835801874632786,33.95390488076904,5.839659478597959,2.4456618659557026,25.031561437972304,3728.7955267733273
2952,295.1999999999986,43.8176750851203,33.991131118879736,9.826545247220585,3728.8007322949784,25.26697606051356,124.38551594918599,124.38535200000003,13.372948031753506,0.1,9.813357405174763,3715.122184732618,34.0,25.209413401235462,3730.1577188288456,5.87334755556739,2.472422010979127,5.840100000000012,2.447000000000001,102.60629136441823,48.569944212627384,32.72360383370084,0.473362242867989,0.673741845171674,13.341951419115802,43.81335740517476,34.05415989625813,5.839113276929269,2.4471414914125758,25.26025537038962,3728.826039553284
2953,295.29999999999865,43.817675433742934,33.99113081808175,9.826545723323814,3728.801175919946,25.26697596382883,124.38549377565943,124.38535200000003,13.372950458557355,0.1,9.821640813040567,3715.122184732618,34.0,25.209413401235462,3730.1577188288456,5.87334755556739,2.472422010979127,5.840100000000012,2.447000000000001,102.6062962046082,48.56994133281826,32.72360977208986,0.47336219247174144,0.6737420073838718,13.256128621579045,43.82164081304057,33.96622415685622,5.840174787735374,2.4471708096146605,25.263510513815447,3728.7354215541454
2954,295.39999999999867,43.81767573516724,33.99113055800734,9.826546135050984,3728.801559546263,25.266975880225605,124.3854746012988,124.38535200000003,13.37295255714023,0.1,9.829852636436733,3715.122184732618,34.0,25.209413401235462,3730.1577188288456,5.87334755556739,2.472422010979127,5.840100000000012,2.447000000000001,102.60630039036809,48.56993884259956,32.72361490732216,0.4733621488915796,0.6737421476557643,13.366031268548014,43.82985263643673,34.04105293998287,5.840736399058109,2.447202059879429,25.33578322152095,3728.9413523455655
2955,295.4999999999987,43.817675995808656,33.99113033312116,9.826546491099144,3728.8018912892776,25.26697580792671,124.38545802028197,124.38535200000003,13.37295437189746,0.1,9.797913569653495,3715.122184732618,34.0,25.209413401235462,3730.1577188288456,5.8728104421721286,2.4744666292335147,5.840100000000012,2.447000000000001,102.60630401006965,48.5699366892143,32.7236193480331,0.4733621112056401,0.6737422689558473,13.4326961501399,43.797913569653495,33.96719818127729,5.840253510509444,2.448035122812059,25.396258091060417,3728.6596522464133
2956,295.5999999999987,43.81767622120769,33.99113013864276,9.826546798991263,3728.8021781662383,25.266975745400554,124.3854436817175,124.38535200000003,13.37295594121898,0.1,9.816034644333875,3715.122184732618,34.0,25.209413401235462,3730.1577188288456,5.8728104421721286,2.4744666292335147,5.840100000000012,2.447000000000001,102.60630714017768,48.56993482705115,32.723623188162854,0.4733620786166327,0.6737423738509394,13.42395212961221,43.816034644333875,33.99890694946184,5.841355704807137,2.4462607018021427,25.27983510877212,3728.688104704764
2957,295.69999999999874,43.817676416139236,33.99112997045226,9.826547065237676,3728.802426244926,25.26697569132673,124.3854312822714,124.38535200000003,13.372957298300118,0.1,9.815486574766922,3715.122184732618,34.0,25.238096214306214,3729.7957675945954,5.8728104421721286,2.4744666292335147,5.840100000000012,2.447000000000001,102.60630984688474,48.56993321670143,32.723626508940406,0.47336205043510854,0.6737424645601107,13.39317519325748,43.81548657476692,34.01502330778046,5.8403011278056525,2.4472494505593803,25.355228204450007,3728.882989947207
2958,295.79999999999876,43.81767658471979,33.991129824997884,9.826547295471945,3728.8026407723414,25.266975644564805,124.38542055971224,124.38535200000003,13.372958471844719,0.1,9.758126846429185,3715.122184732618,34.0,25.238096214306214,3729.7957675945954,5.8728104421721286,2.4744666292335147,5.840100000000012,2.447000000000001,102.60631218747778,48.569931824114896,32.72362938060404,0.473362026064927,0.6737425430018168,13.28246065070201,43.758126846429185,33.993118155665506,5.837660024459044,2.446654014445584,25.36577791589924,3728.8853519771633
2959,295.8999999999988,43.81767673050477,33.991129699211946,9.826547494567006,3728.8028262859198,25.266975604127918,124.3854112873011,124.38535200000003,13.372959486673892,0.1,9.802733000221508,3715.122184732618,34.0,25.238096214306214,3729.7957675945954,5.8728104421721286,2.4744666292335147,5.840100000000012,2.447000000000001,102.60631421150731,48.56993061985778,32.72363186389103,0.473362004990631,0.6737426108348608,13.356569680505432,43.80273300022151,34.011207746398156,5.840944208634319,2.4467306234870714,25.326627772369612,3728.904429772298
2960,295.9999999999988,43.81767685657081,33.99112959043986,9.826547666736147,3728.802986709571,25.2669755691613,124.3854032689517,124.38535200000003,13.37296036425213,0.1,9.872933341090956,3715.122184732618,34.0,25.238096214306214,3729.7957675945954,5.874565206244812,2.476524839521847,5.840100000000012,2.447000000000001,102.60631596181018,48.56992957847392,32.723634011324975,0.47336198676650204,0.6737426694937605,13.461950364974046,43.872933341090956,34.003717078863716,5.840144750018956,2.447115053342323,25.092652542145768,3728.677598121534
2961,296.09999999999883,43.817676965582734,33.99112949638238,9.826547815621566,3728.803125436622,25.266975538924758,124.38539633507105,124.38535200000003,13.372961123141625,0.1,9.828783585899124,3715.122184732618,34.0,25.238096214306214,3729.7957675945954,5.874565206244812,2.476524839521847,5.840100000000012,2.447000000000001,102.60631747541169,48.56992867794102,32.72363586832757,0.473361971007099,0.6737427202191805,13.356410754171598,43.828783585899124,34.011531289716444,5.8395820692061315,2.447635364392391,25.113265842963617,3728.9050068589886
2962,296.19999999999885,43.81767705984818,33.99112941504843,9.826547944371928,3728.803245401502,25.26697551277787,124.38539033898292,124.38535200000003,13.372961779394618,0.1,9.813410843363748,3715.122184732618,34.0,25.270194459703802,3731.6179674733644,5.874565206244812,2.476524839521847,5.840100000000012,2.447000000000001,102.60631878431786,48.56992789920788,32.723637474178645,0.4733619573790928,0.6737427640841182,13.356573644369885,43.81341084336375,33.89852351993689,5.839709215285664,2.4479392483116014,25.289127093486787,3728.9987218701576
2963,296.2999999999989,43.81767714136372,33.99112934471533,9.82654805570975,3728.803349141755,25.266975490167013,124.3853851538419,124.38535200000003,13.372962346892528,0.1,9.859757467148889,3715.122184732618,34.0,25.270194459703802,3731.6179674733644,5.874565206244812,2.476524839521847,5.840100000000012,2.447000000000001,102.60631991620353,48.5699272257971,32.72363886284603,0.47336194559422035,0.6737428020165,13.279011550091395,43.85975746714889,33.96546961150385,5.840238710142707,2.446323239394474,25.396869901626342,3728.7535403755564
2964,296.3999999999989,43.817677211855326,33.99112928389389,9.826548151989515,3728.8034388516976,25.266975470613797,124.38538066996144,124.38535200000003,13.372962837639296,0.1,9.77525830744598,3715.122184732618,34.0,25.270194459703802,3731.6179674733644,5.874565206244812,2.476524839521847,5.840100000000012,2.447000000000001,102.60632089500395,48.56992664346068,32.72364006370337,0.4733619354031982,0.6737428348187384,13.336175397777318,43.77525830744598,34.01039107448655,5.839785582402327,2.4448849287896572,25.2667238052072,3728.8540145521247
2965,296.4999999999989,43.817677272814436,33.99112923129726,9.826548235247596,3728.803516428848,25.266975453704795,124.38537679249634,124.38535200000003,13.372963262015205,0.1,9.772731857816794,3715.122184732618,34.0,25.270194459703802,3731.6179674733644,5.873610513796977,2.478597259637369,5.840100000000012,2.447000000000001,102.60632174142184,48.56992613987992,32.72364110215122,0.4733619265904588,0.6737428631846819,13.420645138886035,43.772731857816794,34.04298925081274,5.841617415465065,2.4476826327614054,25.342693186030512,3728.723299248999
2966,296.59999999999894,43.81767732552994,33.99112918581336,9.826548307245208,3728.803583514087,25.266975439082575,124.38537343943399,124.38535200000003,13.37296362899653,0.1,9.827598748901941,3715.122184732618,34.0,25.270194459703802,3731.6179674733644,5.873610513796977,2.478597259637369,5.840100000000012,2.447000000000001,102.60632247336308,48.569925704404056,32.72364200015452,0.47336191896959334,0.6737428877143067,13.393135564437898,43.82759874890194,33.98367873049914,5.839280809514693,2.4474329870748788,25.232464609202278,3728.74930613884
2967,296.69999999999897,43.817677371116176,33.99112914648072,9.826548369505439,3728.80364152638,25.26697542643799,124.38537053985505,124.38535200000003,13.372963946345518,0.1,9.776490195720505,3715.122184732618,34.0,25.210370286064297,3729.0143012341205,5.873610513796977,2.478597259637369,5.840100000000012,2.447000000000001,102.60632310631247,48.56992532782346,32.72364277670749,0.4733619123794075,0.6737429089264346,13.311876654745259,43.776490195720505,34.00238675025456,5.84047811433675,2.446109688014386,25.205398880787698,3728.833295838945
2968,296.799999999999,43.81767741053693,33.99112911246778,9.82654842334534,3728.803691692793,25.266975415503616,124.38536803243066,124.38535200000003,13.372964220774623,0.1,9.804803180247198,3715.122184732618,34.0,25.210370286064297,3729.0143012341205,5.873610513796977,2.478597259637369,5.840100000000012,2.447000000000001,102.60632365365959,48.569925002173775,32.723643448235514,0.4733619066805096,0.673742927269724,13.278001592668152,43.8048031802472,33.98506850000202,5.8402347054981005,2.4470738970251302,25.243674392880052,3728.6023022466147
2969,296.899999999999,43.81767744462593,33.99112908305516,9.826548469903756,3728.8037350744453,25.266975406048125,124.38536586412461,124.38535200000003,13.372964458088532,0.1,9.762593360797403,3715.122184732618,34.0,25.210370286064297,3729.0143012341205,5.873610513796977,2.478597259637369,5.840100000000012,2.447000000000001,102.60632412698203,48.56992472056718,32.72364402894265,0.4733619017523591,0.6737429431321654,13.39485092428083,43.7625933607974,33.98319432485482,5.841434754856417,2.4485450706603036,25.20412997715001,3728.78898699406
2970,296.99999999999903,43.81767747410437,33.991129057620626,9.826548510165441,3728.803772588946,25.26697539787146,124.38536398907229,124.38535200000003,13.372964663306902,0.1,9.860441166946373,3715.122184732618,34.0,25.210370286064297,3729.0143012341205,5.872666583154283,2.480661796061954,5.840100000000012,2.447000000000001,102.60632453629073,48.569924477046904,32.723644531112,0.4733618974907171,0.6737429568492841,13.388894133233226,43.86044116694637,34.02859829522287,5.839511389141771,2.447623593121728,25.400052603140292,3728.7898096140116
2971,297.09999999999906,43.817677499595945,33.99112903562603,9.826548544981952,3728.803805029801,25.26697539080063,124.38536236761169,124.38535200000003,13.372964840770514,0.1,9.880742957597164,3715.122184732618,34.0,25.210370286064297,3729.0143012341205,5.872666583154283,2.480661796061954,5.840100000000012,2.447000000000001,102.60632489024259,48.56992426646167,32.72364496536546,0.47336189380544175,0.6737429687112293,13.421640549695292,43.880742957597164,33.97676657202995,5.839447522246266,2.4466758612537425,25.4716149293146,3728.904807428738
2972,297.1999999999991,43.81767752163995,33.99112901660605,9.826548575089696,3728.803833083197,25.266975384686074,124.3853609654452,124.38535200000003,13.372964994233072,0.1,9.804227164274451,3715.122184732618,34.0,25.24536836815881,3727.921665017922,5.872666583154283,2.480661796061954,5.840100000000012,2.447000000000001,102.60632519632405,48.569924084356956,32.72364534088834,0.4733618906185816,0.6737429789689074,13.355886627443843,43.80422716427445,33.96855152073668,5.842279988860031,2.4447545337637138,25.32053366491729,3728.787510438702
2973,297.2999999999991,43.817677540702704,33.99112900015837,9.826548601125495,3728.803857342514,25.26697537939846,124.38535975291418,124.38535200000003,13.372965126940606,0.1,9.83239317100545,3715.122184732618,34.0,25.24536836815881,3727.921665017922,5.872666583154283,2.480661796061954,5.840100000000012,2.447000000000001,102.60632546100919,48.56992392688081,32.72364566562368,0.47336188786272804,0.6737429878392895,13.409823172336774,43.83239317100545,33.976727446904356,5.841080690900812,2.4475412497774784,25.209259698032913,3728.836597336871
2974,297.3999999999991,43.817677557187366,33.9911289859351,9.82654862364007,3728.8038783208817,25.266975374825964,124.38535870437154,124.38535200000003,13.372965241700125,0.1,9.80903985444472,3715.122184732618,34.0,25.24536836815881,3727.921665017922,5.872666583154283,2.480661796061954,5.840100000000012,2.447000000000001,102.60632568989685,48.56992379070239,32.72364594644022,0.47336188547958924,0.6737429955099996,13.396314346811335,43.80903985444472,33.99088909141896,5.841361763559656,2.447001547492921,25.183873263526866,3728.74809429473
2975,297.49999999999915,43.81767757144257,33.99112897363544,9.826548643109657,3728.8038964620305,25.266975370871883,124.3853577976389,124.38535200000003,13.372965340939,0.1,9.788533956375467,3715.122184732618,34.0,25.24536836815881,3727.921665017922,5.8688882763565,2.482735083837907,5.840100000000012,2.447000000000001,102.60632588782856,48.56992367294138,32.723646189277744,0.47336188341875785,0.6737430021432852,13.413759224687125,43.78853395637547,33.99486005210341,5.838946404552846,2.4444362103424147,25.19350277623851,3728.8492366214496
2976,297.59999999999917,43.81767758376982,33.99112896299927,9.826548659946088,3728.80391214968,25.266975367452577,124.3853570135374,124.38535200000003,13.372965426756316,0.1,9.838677267953187,3715.122184732618,34.0,25.24536836815881,3727.921665017922,5.8688882763565,2.482735083837907,5.840100000000012,2.447000000000001,102.60632605899112,48.569923571106976,32.72364639927272,0.4733618816366432,0.6737430078794522,13.404325390224663,43.83867726795319,34.0543629605168,5.8383885276099585,2.4462108634373068,25.499922815527636,3728.891146953782
2977,297.6999999999992,43.81767759442985,33.991128953801606,9.826548674505482,3728.803925715654,25.26697536449572,124.3853563354818,124.38535200000003,13.372965500967272,0.1,9.781823135392052,3715.122184732618,34.0,25.222863780086044,3726.8402548181366,5.8688882763565,2.482735083837907,5.840100000000012,2.447000000000001,102.60632620700487,48.569923483045216,32.72364658086693,0.47336188009555086,0.6737430128398307,13.320685815620346,43.78182313539205,33.988233993023314,5.8395713170600265,2.447036516096959,25.267749821110165,3728.8407964792286
2978,297.7999999999992,43.81767760364815,33.99112894584789,9.826548687095796,3728.803937446898,25.266975361938762,124.38535574912989,124.38535200000003,13.37296556514157,0.1,9.851824311249096,3715.122184732618,34.0,25.222863780086044,3726.8402548181366,5.8688882763565,2.482735083837907,5.840100000000012,2.447000000000001,102.60632633500057,48.569923406893395,32.72364673790143,0.47336187876288344,0.6737430171293426,13.407552786008013,43.851824311249096,33.97662722726769,5.841054289801614,2.447089465272578,25.254267761186078,3728.7636581327793
2979,297.89999999999924,43.817677611619715,33.991128938969865,9.826548697983334,3728.803947591551,25.266975359727617,124.38535524207907,124.38535200000003,13.372965620636617,0.1,9.822350402034559,3715.122184732618,34.0,25.222863780086044,3726.8402548181366,5.8688882763565,2.482735083837907,5.840100000000012,2.447000000000001,102.6063264456855,48.56992334104072,32.72364687369782,0.47336187761045256,0.6737430208387197,13.322621952976592,43.82235040203456,33.94861604521205,5.8398096836339395,2.447210706872017,25.190158676365474,3728.7057947029534
2980,297.99999999999926,43.81767761851319,33.99112893302206,9.826548707398384,3728.8039563641914,25.266975357815518,124.38535480360429,124.38535200000003,13.37296566862624,0.1,9.785630917258146,3715.122184732618,34.0,25.222863780086044,3726.8402548181366,5.865124143360395,2.4847999801364504,5.840100000000012,2.447000000000001,102.6063265414008,48.569923284094266,32.72364699112842,0.4733618766138821,0.6737430240464225,13.480462177990983,43.785630917258146,33.95077436310669,5.839085763237729,2.4455164880574043,25.321587791216537,3728.8847063842663
2981,298.0999999999993,43.81767762447434,33.99112892787866,9.826548715540097,3728.8039639503763,25.26697535616202,124.38535442443099,124.38535200000003,13.37296571012551,0.1,9.770737509545462,3715.122184732618,34.0,25.222863780086044,3726.8402548181366,5.865124143360395,2.4847999801364504,5.840100000000012,2.447000000000001,102.6063266241711,48.569923234849526,32.72364709267713,0.4733618757520927,0.6737430268203,13.33157182746305,43.77073750954546,33.96868763016956,5.8384439504396335,2.4491387694045375,25.36657565580325,3728.8633957339953
2982,298.1999999999993,43.81767762962929,33.991128923430885,9.826548722580684,3728.803970510568,25.26697535473215,124.38535409653896,124.38535200000003,13.372965746012213,0.1,9.816320574238006,3715.122184732618,34.0,25.24603618025657,3727.1325978142427,5.865124143360395,2.4847999801364504,5.840100000000012,2.447000000000001,102.60632669574711,48.56992319226489,32.723647180491895,0.4733618750068561,0.6737430292190244,13.36526057067835,43.816320574238006,33.9992767041529,5.839547766459179,2.4482415698832347,25.224072494974596,3728.5492881032465
2983,298.29999999999933,43.81767763408706,33.991128919584646,9.826548728669065,3728.803976183527,25.266975353495663,124.38535381299266,124.38535200000003,13.372965777045422,0.1,9.80045909221996,3715.122184732618,34.0,25.24603618025657,3727.1325978142427,5.865124143360395,2.4847999801364504,5.840100000000012,2.447000000000001,102.60632675764283,48.56992315543961,32.72364725643016,0.473361874362409,0.6737430312933337,13.361389640473067,43.80045909221996,34.03756070486122,5.8413968412986454,2.4463419165910527,25.27774191527646,3728.826769010785
2984,298.39999999999935,43.81767763794193,33.99112891625859,9.826548733934027,3728.803981089247,25.266975352426403,124.3853535677946,124.38535200000003,13.372965803881545,0.1,9.83094358074144,3715.122184732618,34.0,25.24603618025657,3727.1325978142427,5.865124143360395,2.4847999801364504,5.840100000000012,2.447000000000001,102.6063268111675,48.56992312359477,32.72364732209815,0.47336187380511996,0.6737430330871028,13.445203706663147,43.83094358074144,33.98953161065859,5.840702276703049,2.4480282753886833,25.27656494888304,3728.779973118507
2985,298.4999999999994,43.81767764127545,33.99112891338236,9.826548738486927,3728.803985331493,25.266975351501756,124.3853533557583,124.38535200000003,13.372965827088219,0.1,9.84029325443391,3715.122184732618,34.0,25.24603618025657,3727.1325978142427,5.868488737206031,2.4868469283101042,5.840100000000012,2.447000000000001,102.6063268574532,48.569923096056776,32.723647378884884,0.47336187332320157,0.673743034638274,13.365509685581388,43.84029325443391,34.03393542072616,5.837708029227831,2.448001416262936,25.299818604531644,3728.879106120699
2986,298.5999999999994,43.817677644158124,33.991128910895135,9.826548742424071,3728.803988999997,25.266975350702165,124.38535317239885,124.38535200000003,13.372965847156308,0.1,9.815384069055767,3715.122184732618,34.0,25.24603618025657,3727.1325978142427,5.868488737206031,2.4868469283101042,5.840100000000012,2.447000000000001,102.60632689747901,48.56992307224316,32.7236474279915,0.4733618729064601,0.6737430359796571,13.41848091865578,43.81538406905577,33.99955911741084,5.841258387437138,2.447365163935132,25.405886636385066,3728.829337528816
2987,298.6999999999994,43.817677646650935,33.9911289087443,9.826548745828738,3728.803992172354,25.26697535001071,124.38535301383787,124.38535200000003,13.372965864510288,0.1,9.867992636356178,3715.122184732618,34.0,25.263448882965914,3730.915190923389,5.868488737206031,2.4868469283101042,5.840100000000012,2.447000000000001,102.60632693209155,48.56992305165022,32.72364747045669,0.47336187254608086,0.6737430371396247,13.409573415267428,43.86799263635618,34.027684819543815,5.839079004230747,2.4465554024350173,25.263470732112832,3728.7496099574455
2988,298.79999999999944,43.81767764880661,33.99112890688434,9.826548748772938,3728.803994915666,25.26697534941277,124.38535287672141,124.38535200000003,13.372965879517231,0.1,9.787968512501052,3715.122184732618,34.0,25.263448882965914,3730.915190923389,5.868488737206031,2.4868469283101042,5.840100000000012,2.447000000000001,102.60632696202286,48.56992303384236,32.723647507178676,0.47336187223444115,0.6737430381427127,13.333193875312954,43.78796851250105,33.96380513936386,5.839518069996376,2.4468683732001573,25.22697236208526,3728.681754643001
2989,298.89999999999947,43.817677650670745,33.99112890527593,9.826548751318947,3728.8039972879587,25.266975348895702,124.38535275814924,124.38535200000003,13.372965892494562,0.1,9.810732060077285,3715.122184732618,34.0,25.263448882965914,3730.915190923389,5.868488737206031,2.4868469283101042,5.840100000000012,2.447000000000001,102.6063269879061,48.56992301844291,32.72364753893421,0.47336187196494905,0.6737430390101387,13.379253054753393,43.810732060077285,33.977726211090676,5.840108469213325,2.445162850741635,25.273404883440907,3728.804131423069
2990,298.9999999999995,43.81767765228277,33.991128903885055,9.826548753520626,3728.803999339411,25.266975348448565,124.38535265561339,124.38535200000003,13.372965903716771,0.1,9.787102974022794,3715.122184732618,34.0,25.263448882965914,3730.915190923389,5.866716216676822,2.488841498502304,5.840100000000012,2.447000000000001,102.60632701028882,48.569923005126164,32.72364756639495,0.4733618717319043,0.6737430397602491,13.314199386474137,43.787102974022794,34.00303805783833,5.8396413427237555,2.4472290505221364,25.14178905380089,3728.7111658537333
2991,299.0999999999995,43.81767765367675,33.99112890268229,9.826548755424538,3728.8040011134144,25.2669753480619,124.385352566945,124.38535200000003,13.372965913421236,0.1,9.808677711159085,3715.122184732618,34.0,25.263448882965914,3730.915190923389,5.866716216676822,2.488841498502304,5.840100000000012,2.447000000000001,102.60632702964438,48.569922993610454,32.72364759014178,0.47336187153037784,0.673743040408911,13.377544437734398,43.808677711159085,33.96280437392326,5.838524941247837,2.4465501602009665,25.298472427931223,3728.7948117317537
2992,299.19999999999953,43.81767765488222,33.99112890164219,9.826548757070956,3728.8040026474932,25.26697534772753,124.3853524902686,124.38535200000003,13.372965921813218,0.1,9.822427377533394,3715.122184732618,34.0,25.237538776429748,3731.1776995506766,5.866716216676822,2.488841498502304,5.840100000000012,2.447000000000001,102.60632704638219,48.5699229836522,32.723647610676956,0.4733618713561069,0.673743040969844,13.347266407270407,43.822427377533394,33.99416534389232,5.840714211221534,2.444360845265637,25.330044621368195,3728.7089524651947
2993,299.29999999999956,43.817677655924655,33.991128900742765,9.826548758494704,3728.8040039740954,25.266975347438382,124.38535242396225,124.38535200000003,13.37296592907023,0.1,9.773865926496008,3715.122184732618,34.0,25.237538776429748,3731.1776995506766,5.866716216676822,2.488841498502304,5.840100000000012,2.447000000000001,102.6063270608563,48.56992297504072,32.72364762843486,0.47336187120540496,0.6737430414549145,13.415668794264315,43.77386592649601,33.99861011481307,5.840680570975613,2.4476476606794653,25.22097748166088,3728.771687318311
2994,299.3999999999996,43.817677656826106,33.99112889996498,9.826548759725897,3728.8040051212815,25.266975347188342,124.38535236662351,124.38535200000003,13.372965935345768,0.1,9.874625758735505,3715.122184732618,34.0,25.237538776429748,3731.1776995506766,5.866716216676822,2.488841498502304,5.840100000000012,2.447000000000001,102.60632707337287,48.56992296759391,32.723647643791104,0.4733618710750848,0.6737430418743814,13.413488339120269,43.874625758735505,33.95784744296547,5.840131798562757,2.4466986334893646,25.458763829734085,3728.8573787914165
2995,299.4999999999996,43.81767765760563,33.991128899292384,9.826548760790581,3728.8040061133165,25.266975346972117,124.38535231703958,124.38535200000003,13.37296594077257,0.1,9.818180043852976,3715.122184732618,34.0,25.237538776429748,3731.1776995506766,5.8645669895795205,2.4909537930132197,5.840100000000012,2.447000000000001,102.60632708419668,48.56992296115426,32.723647657070494,0.47336187096238974,0.6737430422371173,13.468278362649354,43.818180043852976,34.00898493950042,5.840171562864853,2.4466991922268138,25.29677515887875,3728.9090517203895
2996,299.5999999999996,43.817677658279734,33.99112889871076,9.826548761711269,3728.8040069711838,25.266975346785134,124.38535227416159,124.38535200000003,13.372965945465424,0.1,9.84531821990737,3715.122184732618,34.0,25.237538776429748,3731.1776995506766,5.8645669895795205,2.4909537930132197,5.840100000000012,2.447000000000001,102.60632709355656,48.569922955585525,32.7236476685539,0.4733618708649362,0.6737430425507952,13.353094931747595,43.84531821990737,33.973892781513754,5.83932629265025,2.4474735282114053,25.40674972306985,3728.8737483453847
2997,299.69999999999965,43.817677658862664,33.99112889820779,9.82654876250744,3728.804007713029,25.26697534662344,124.38535223708263,124.38535200000003,13.372965949523593,0.1,9.755105105914602,3715.122184732618,34.0,25.216139625895373,3728.3404415624937,5.8645669895795205,2.4909537930132197,5.840100000000012,2.447000000000001,102.60632710165058,48.569922950769936,32.72364767848424,0.4733618707806628,0.6737430428220497,13.329929532010304,43.7551051059146,33.982258012741745,5.83798458990247,2.4462011185710733,25.207695519150057,3728.8083096130845
2998,299.79999999999967,43.817677659366765,33.991128897772846,9.826548763195929,3728.8040083545434,25.266975346483612,124.38535220501839,124.38535200000003,13.372965953032917,0.1,9.87723875561663,3715.122184732618,34.0,25.216139625895373,3728.3404415624937,5.8645669895795205,2.4909537930132197,5.840100000000012,2.447000000000001,102.60632710864991,48.56992294660563,32.72364768707156,0.4733618707077869,0.6737430430566186,13.450563118440751,43.87723875561663,34.01355400618618,5.840897499461866,2.4476393909608816,25.234200399814743,3728.783747522883
2999,299.8999999999997,43.8176776598027,33.99112889739672,9.826548763791303,3728.804008909296,25.266975346362695,124.38535217729066,124.38535200000003,13.372965956067624,0.1,9.82783090424742,3715.122184732618,34.0,25.216139625895373,3728.3404415624937,5.8645669895795205,2.4909537930132197,5.840100000000012,2.447000000000001,102.6063271147026,48.56992294300451,32.72364769449749,0.4733618706447671,0.6737430432594633,13.409331852416697,43.82783090424742,33.94260062307329,5.84006718058747,2.4479609213197446,25.30956049324891,3728.793440737749
3000,299.9999999999997,43.81767766017967,33.99112889707146,9.826548764306157,3728.8040093890213,25.266975346258135,124.38535215331297,124.38535200000003,13.3729659586919,0.1,9.830831632837373,3715.122184732618,34.0,25.216139625895373,3728.3404415624937,5.861268768425049,2.4930105007928347,5.840100000000012,2.447000000000001,102.60632711993671,48.56992293989041,32.723647700919095,0.4733618705902702,0.6737430434348746,13.356478047524824,43.83083163283737,33.9933694054182,5.8416431304551955,2.4477929287719196,25.357291631132963,3728.909010966822
3001,300.09999999999974,43.81767766050564,33.9911288967902,9.826548764751383,3728.804009803866,25.26697534616772,124.38535213257819,124.38535200000003,13.372965960961256,0.1,9.851325128988208,3715.122184732618,34.0,25.216139625895373,3728.3404415624937,5.861268768425049,2.4930105007928347,5.840100000000012,2.447000000000001,102.60632712446298,48.56992293719752,32.72364770647221,0.4733618705431439,0.6737430435865617,13.306179549254797,43.85132512898821,33.95157927094024,5.8403736634121035,2.4454793724014854,25.34958217980611,3728.610224042313
3002,300.19999999999976,43.817677660787524,33.99112889654699,9.826548765136394,3728.804010162605,25.266975346089527,124.38535211464772,124.38535200000003,13.372965962923693,0.1,9.860629926456461,3715.122184732618,34.0,25.25745269528684,3728.7756603998996,5.861268768425049,2.4930105007928347,5.840100000000012,2.447000000000001,102.60632712837707,48.569922934868835,32.72364771127429,0.47336187050239137,0.6737430437177336,13.367923036511018,43.86062992645646,33.99965903895702,5.840670484539745,2.447120433396328,25.22230735094993,3728.801904384467
3003,300.2999999999998,43.8176776610313,33.99112889633666,9.826548765469333,3728.804010472827,25.266975346021912,124.3853520991422,124.38535200000003,13.372965964620722,0.1,9.832130235080207,3715.122184732618,34.0,25.25745269528684,3728.7756603998996,5.861268768425049,2.4930105007928347,5.840100000000012,2.447000000000001,102.6063271317618,48.56992293285507,32.72364771542692,0.4733618704671502,0.6737430438311658,13.358546950443516,43.83213023508021,34.01851111046743,5.841048902704844,2.4460110340501022,25.206598607412623,3728.861059594449
3004,300.3999999999998,43.81767766124209,33.99112889615478,9.826548765757245,3728.8040107410925,25.26697534596344,124.38535208573373,124.38535200000003,13.372965966088238,0.1,9.852368659616019,3715.122184732618,34.0,25.25745269528684,3728.7756603998996,5.861268768425049,2.4930105007928347,5.840100000000012,2.447000000000001,102.60632713468878,48.56992293111366,32.72364771901793,0.47336187043667516,0.6737430439292569,13.405472220905642,43.85236865961602,33.99388868727394,5.8396532188477694,2.448128294137958,25.32124633373082,3728.771109992872
3005,300.49999999999983,43.81767766142438,33.9911288959975,9.82654876600622,3728.804010973077,25.266975345912876,124.38535207413871,124.38535200000003,13.372965967357274,0.1,9.824490496378807,3715.122184732618,34.0,25.25745269528684,3728.7756603998996,5.860179332087917,2.4950406369994442,5.840100000000012,2.447000000000001,102.60632713721989,48.56992292960778,32.72364772212326,0.4733618704103219,0.6737430440140811,13.343537671569695,43.82449049637881,33.99670837660424,5.840647349392371,2.4478334040874414,25.236741609585668,3728.847994745835
3006,300.59999999999985,43.817677661582024,33.991128895861486,9.826548766221517,3728.8040111736864,25.26697534586915,124.38535206411179,124.38535200000003,13.372965968454686,0.1,9.829634134090412,3715.122184732618,34.0,25.25745269528684,3728.7756603998996,5.860179332087917,2.4950406369994442,5.840100000000012,2.447000000000001,102.60632713940865,48.56992292830553,32.72364772480863,0.47336187038753264,0.6737430440874341,13.297388758832671,43.82963413409041,33.94792111792916,5.840818052844699,2.44801696785391,25.351435935402645,3728.7320934147715
3007,300.6999999999999,43.81767766171835,33.99112889574386,9.826548766407695,3728.8040113471643,25.266975345831337,124.38535205544096,124.38535200000003,13.372965969403676,0.1,9.782513565970739,3715.122184732618,34.0,25.240697321898296,3730.8544617443426,5.860179332087917,2.4950406369994442,5.840100000000012,2.447000000000001,102.60632714130136,48.56992292717941,32.72364772713081,0.47336187036782573,0.6737430441508663,13.408306763984847,43.78251356597074,34.00708615551496,5.84151172573118,2.4475128941739053,25.315882646769694,3728.6330984024066
3008,300.7999999999999,43.81767766183623,33.991128895642156,9.826548766568697,3728.80401149718,25.266975345798638,124.38535204794286,124.38535200000003,13.372965970224318,0.1,9.817204251350063,3715.122184732618,34.0,25.240697321898296,3730.8544617443426,5.860179332087917,2.4950406369994442,5.840100000000012,2.447000000000001,102.60632714293814,48.5699229262056,32.72364772913892,0.47336187035078386,0.6737430442057193,13.391538412742614,43.81720425135006,33.955863874514634,5.838970265138142,2.447545702965156,25.542648521932698,3728.949813421288
3009,300.8999999999999,43.81767766193818,33.99112889555419,9.826548766707923,3728.804011626907,25.266975345770362,124.38535204145882,124.38535200000003,13.372965970933972,0.1,9.805343656396815,3715.122184732618,34.0,25.240697321898296,3730.8544617443426,5.860179332087917,2.4950406369994442,5.840100000000012,2.447000000000001,102.60632714435353,48.569922925363485,32.72364773087544,0.47336187033604693,0.6737430442531538,13.353139497054277,43.805343656396815,33.967567255097315,5.840168280854867,2.446838471771807,25.351540826368975,3728.617265737092
3010,300.99999999999994,43.81767766202633,33.991128895478134,9.826548766828319,3728.804011739089,25.266975345745912,124.38535203585171,124.38535200000003,13.37296597154765,0.1,9.825011158406099,3715.122184732618,34.0,25.240697321898296,3730.8544617443426,5.858504154893674,2.4970911179977726,5.840100000000012,2.447000000000001,102.60632714557752,48.569922924635264,32.72364773237711,0.4733618703233029,0.6737430442941731,13.345164685065704,43.8250111584061,34.03121536687006,5.839972367482841,2.448373153855333,25.34575561818453,3728.864360614257
3011,301.09999999999997,43.817677662102554,33.991128895412366,9.826548766932435,3728.804011836099,25.26697534572477,124.38535203100298,124.38535200000003,13.372965972078333,0.1,9.806051518697522,3715.122184732618,34.0,25.240697321898296,3730.8544617443426,5.858504154893674,2.4970911179977726,5.840100000000012,2.467000000000001,102.60632714663599,48.56992292400555,32.99110705311726,0.47336187031228266,0.6792497304296008,13.468783722754798,43.80605151869752,34.009111699625194,5.842005040579307,2.465636923381596,25.409768160007324,3728.970156700578
3012,301.2,43.817677662168464,33.99112889535549,9.82654876702247,3728.804011919989,25.266975345706488,124.38535202681003,125.31767200000003,13.348993280384349,0.1,9.779834910960574,3715.122184732618,34.0,25.244555357047894,3730.3665735535014,5.858504154893674,2.4970911179977726,5.840100000000012,2.467000000000001,102.60632714755131,48.569922923461,32.9319664227082,0.47336187030275273,0.678032091477767,13.381814236606123,43.779834910960574,33.985556094956735,5.83963313405384,2.4694804789863114,25.22009787340583,3728.9435787877333
3013,301.3,43.817677662225464,33.99112889530632,9.826548767100329,3726.28127650298,25.266975345690675,124.38535202318414,125.31767200000003,13.348993280781194,0.1,9.773406325030635,3715.122184732618,34.0,25.244555357047894,3730.3665735535014,5.858504154893674,2.4970911179977726,5.840100000000012,2.467000000000001,102.60632714834284,48.53706277054212,32.93196642368722,0.47304161565367975,0.6784911270665956,13.305467989903098,43.773406325030635,33.93046005303372,5.84155944340504,2.4653188346535218,25.283217178818877,3726.3690217010408
3014,301.40000000000003,43.81767766227476,33.99112889526378,9.823638906948041,3723.7585410761594,25.266975345677,124.48606561011624,125.31767200000003,13.3370593958037,0.1,9.819133478705375,3715.122184732618,34.0,25.244555357047894,3730.3665735535014,5.858504154893674,2.4970911179977726,5.840100000000012,2.467000000000001,102.57434509022194,48.543475991117695,32.902525529447736,0.47325162981464824,0.6777950045330111,13.345822249721026,43.819133478705375,33.98735135701257,5.840508907093664,2.4674971835392805,25.192688242088312,3723.6229558690725
3015,301.50000000000006,43.817677662317394,33.991128895227,9.820733056253353,3721.5083233900655,25.267194973639175,124.58682210346392,125.31767200000003,13.325125510779792,0.1,9.802527200060823,3715.122184732618,34.0,25.244555357047894,3730.3665735535014,5.856228363700337,2.4964975841444046,5.840100000000012,2.467000000000001,102.54329842849397,48.553408176296266,32.87308463509376,0.47349177294266365,0.6770499923657753,13.262851568303981,43.80252720006082,34.02143822789863,5.840885787397567,2.4652284913056706,25.123470185256302,3721.5058504516633
3016,301.6000000000001,43.81699295018251,33.99171967992478,9.818372861791856,3719.5307395438235,25.267633926953803,124.6800732234282,125.31767200000003,13.314480780119922,0.1,9.858468906160525,3715.122184732618,34.0,25.244555357047894,3730.3665735535014,5.856228363700337,2.4964975841444046,5.840100000000012,2.467000000000001,102.51913845857713,48.56392931985309,32.84682408455586,0.47370598358544874,0.676362570833575,13.257976704391785,43.858468906160525,34.02481777603834,5.840200718534462,2.46839065162173,25.2651904122233,3719.6710804534564
3017,301.7000000000001,43.815624469328824,33.992900450708284,9.816557683951505,3717.8054809826494,25.268154750160672,124.76581510652456,125.31767200000003,13.305125753034925,0.1,9.795909492222869,3715.122184732618,34.0,25.23619508967561,3727.4752453521864,5.856228363700337,2.4964975841444046,5.840100000000012,2.467000000000001,102.50130019353993,48.57478522721151,32.823745232737174,0.47389433241816475,0.675736291559543,13.314978439512421,43.79590949222287,33.98144507447403,5.841947135449088,2.4651806570933954,25.32440111965591,3717.9266220091254
3018,301.8000000000001,43.8140007508991,33.994301475567525,9.815120726968843,3716.3122286976773,25.268620167564997,124.84276809237079,125.31767200000003,13.29696435922142,0.1,9.869391300380705,3715.122184732618,34.0,25.23619508967561,3727.4752453521864,5.856228363700337,2.4964975841444046,5.840100000000012,2.467000000000001,102.48739366201148,48.58522311473908,32.80361107419925,0.4740604807940192,0.6751767095260651,13.341835469194308,43.869391300380705,33.9576404634727,5.839140081240491,2.467728791251808,25.20839912866043,3716.3080763383828
3019,301.90000000000015,43.81254976559937,33.995553482141354,9.81389474222009,3715.0272010870885,25.26896574337444,124.90963508539139,125.31767200000003,13.289900478922643,0.1,9.795651674969925,3715.122184732618,34.0,25.23619508967561,3727.4752453521864,5.856228363700337,2.4964975841444046,5.840100000000012,2.467000000000001,102.47531951905744,48.5944370178844,32.786184481502175,0.47420625030446717,0.6746900775789572,13.286506721397137,43.795651674969925,34.01149862788895,5.8398767599434995,2.4677256307535633,25.165569928198483,3715.146186343822
3020,302.00000000000017,43.81147239845585,33.9964831210512,9.812784079505281,3713.9231067787705,25.26919983888658,124.9663591327121,125.31767200000003,13.28382161246908,0.1,9.810742687196736,3715.122184732618,34.0,25.23619508967561,3727.4752453521864,5.853059805947891,2.494442656866881,5.840100000000012,2.467000000000001,102.46406057927969,48.60205608512855,32.771187917961235,0.4743327153965717,0.6742757520496894,13.383350722365185,43.810742687196736,33.9702088471382,5.8404204898366325,2.467158921011281,25.27490430754113,3713.919989737953
3021,302.1000000000002,43.810742582287205,33.99711287228647,9.811765260624096,3712.9725002936107,25.269366280952642,125.01414358376616,125.31767200000003,13.278598657104464,0.1,9.836188645389392,3715.122184732618,34.0,25.23619508967561,3727.4752453521864,5.853059805947891,2.494442656866881,5.840100000000012,2.467000000000001,102.45353666239433,48.60819564951373,32.758302887076724,0.4744413636953093,0.6739255067865172,13.387602279080172,43.83618864538939,34.02411809258356,5.838662542795902,2.467353168973253,25.3459434884768,3713.034238086475
3022,302.2000000000002,43.81022368250204,33.99756062938557,9.810852109946415,3712.151192258042,25.269507004289267,125.05475222797276,125.31767200000003,13.274101781064168,0.1,9.778057598047802,3715.122184732618,34.0,25.23980101937683,3725.7067464541137,5.853059805947891,2.494442656866881,5.840100000000012,2.467000000000001,102.4440698417094,48.613229560214606,32.74720909388532,0.47453434479251877,0.6736275164216996,13.339518856299783,43.7780575980478,33.988252813425845,5.8402925684099145,2.4661581346799384,25.46199337697031,3712.050367077883
3023,302.30000000000024,43.80978496342779,33.99793920108585,9.810060512100433,3711.4397658810485,25.269643689129584,125.08979583309801,125.31767200000003,13.270216555700664,0.1,9.831154573582019,3715.122184732618,34.0,25.23980101937683,3725.7067464541137,5.853059805947891,2.494442656866881,5.840100000000012,2.467000000000001,102.43592265781726,48.617533016483165,32.73762424291355,0.47461409781886693,0.6733707412059404,13.32984513349647,43.83115457358202,33.94928406251334,5.84200600056098,2.466298529893639,25.26867451106804,3711.470027546489
3024,302.40000000000026,43.80935883476961,33.998306910505406,9.809390768935682,3710.823162897666,25.269778434740722,125.12038450264612,125.31767200000003,13.266851129229163,0.1,9.787399677301082,3715.122184732618,34.0,25.23980101937683,3725.7067464541137,5.853059805947891,2.494442656866881,5.840100000000012,2.467000000000001,102.429106963763,48.621342553846745,32.729321735808355,0.4746828708664601,0.6731472233528223,13.322562429482861,43.78739967730108,33.993405880640694,5.838792065054876,2.468020620793339,25.23907141121078,3710.8186653348703
3025,302.5000000000003,43.808938751852324,33.99866940495943,9.808827720242743,3710.289328837236,25.269903814020743,125.14715215512197,125.31767200000003,13.263934268019362,0.1,9.811588251103018,3715.122184732618,34.0,25.23980101937683,3725.7067464541137,5.850677677982366,2.4927765403429047,5.840100000000012,2.467000000000001,102.42342603519668,48.62474827196527,32.72212583920378,0.47474245057235154,0.6729520872002089,13.210279946886711,43.81158825110302,33.96787186622866,5.839236393424275,2.464803518877012,25.380487157385087,3710.1727550482756
3026,302.6000000000003,43.80854786940894,33.99900670371965,9.808349678407136,3709.82792452933,25.270012623900442,125.17046507174135,125.31767200000003,13.261408947991235,0.1,9.808342797524169,3715.122184732618,34.0,25.23980101937683,3725.7067464541137,5.850677677982366,2.4927765403429047,5.840100000000012,2.467000000000001,102.41861230694059,48.627758281515185,32.71589587469439,0.47479415299810535,0.6727823167437814,13.19577030017956,43.80834279752417,34.01942168425332,5.840948878339339,2.467862768612691,25.37364605159462,3709.790124001938
3027,302.70000000000033,43.808208643727994,33.99929942838343,9.807937167263054,3709.4296019123894,25.270102553972016,125.19062421472776,125.31767200000003,13.259226259350346,0.1,9.777095902003431,3715.122184732618,34.0,25.2326446266139,3723.2986099217096,5.850677677982366,2.4927765403429047,5.840100000000012,2.467000000000001,102.41444235018854,48.630367970540995,32.71051118181732,0.47483896660060726,0.6726354857448845,13.300861432450585,43.77709590200343,33.9781437263827,5.841967099182484,2.46835937815459,25.223265129714797,3709.3061094806576
3028,302.80000000000035,43.80792827773685,33.99954136278824,9.807576999153827,3709.0858272891105,25.270175921396792,125.20796683444593,125.31767200000003,13.257341980776204,0.1,9.798122208144683,3715.122184732618,34.0,25.2326446266139,3723.2986099217096,5.850677677982366,2.4927765403429047,5.840100000000012,2.467000000000001,102.4107806104941,48.632597234771325,32.70586266657491,0.47487771253047073,0.6725090685304974,13.255520222772239,43.79812220814468,33.95688783444218,5.839191266158553,2.4661585695768884,25.31557893633482,3709.078578615414
3029,302.9000000000004,43.80769954745337,33.99973874016476,9.807261800798843,3708.7889795173896,25.270237051537656,125.22286969721135,125.31767200000003,13.255715743325883,0.1,9.80758615154398,3715.122184732618,34.0,25.2326446266139,3723.2986099217096,5.850677677982366,2.4927765403429047,5.840100000000012,2.467000000000001,102.40756357954396,48.634493067312334,32.70185073878497,0.4749111429600219,0.6724003618897422,13.314700456565362,43.80758615154398,33.972981535585596,5.840898350495544,2.466999401095123,25.227903529582,3708.606211922485
3030,303.0000000000004,43.807508968126214,33.999903196515454,9.806987373108953,3708.5324569352974,25.270289810559593,125.2357045542529,125.31767200000003,13.254311494929613,0.1,9.780263037812098,3715.122184732618,34.0,25.2326446266139,3723.2986099217096,5.84999629127934,2.4913632032064608,5.840100000000012,2.467000000000001,102.40476077519423,48.63611370919843,32.69838645799137,0.4749399670584425,0.6723067277434874,13.196944480809327,43.7802630378121,34.00886209773199,5.839834785848435,2.4663946515486646,25.201419028766797,3708.4951102039895
3031,303.1000000000004,43.80734448659942,34.000045132647834,9.806750214732409,3708.310663790911,25.27033648551984,125.24679545042746,125.31767200000003,13.253098006202983,0.1,9.826898548245516,3715.122184732618,34.0,25.2326446266139,3723.2986099217096,5.84999629127934,2.4913632032064608,5.840100000000012,2.467000000000001,102.40234298281959,48.63751193447269,32.69539278130277,0.4749648349611764,0.6722258495737183,13.347979518634379,43.82689854824552,33.97609344639986,5.841083874854836,2.4665257426004694,25.428936788344647,3708.416953314747
3032,303.20000000000044,43.80719897274335,34.00017070124497,9.806546323063149,3708.118881155138,25.270377932986403,125.25640174975902,125.31767200000003,13.252048806252777,0.1,9.836806104507076,3715.122184732618,34.0,25.22130116487425,3717.969965161974,5.84999629127934,2.4913632032064608,5.840100000000012,2.467000000000001,102.40026967927537,48.63872680294585,32.69280440502561,0.4749863155173874,0.6721558427603731,13.207832382035216,43.836806104507076,34.00357959966684,5.83954978828201,2.466151172198381,25.197437931341717,3708.2525937041523
3033,303.30000000000047,43.80706975612159,34.00028220662767,9.80637119858248,3707.9530919038757,25.270414309083677,125.26472553489288,125.31767200000003,13.25114157202577,0.1,9.82536025952384,3715.122184732618,34.0,25.22130116487425,3717.969965161974,5.84999629127934,2.4913632032064608,5.840100000000012,2.467000000000001,102.39849203977668,48.63978426719566,32.69056625818759,0.47500488823899417,0.6720952148678675,13.354057626733262,43.82536025952384,33.97798186943025,5.841212671427866,2.467365371590567,25.268447418017768,3707.7769576103715
3034,303.4000000000005,43.80695635000073,34.0003800687464,9.806220410297483,3707.8098257221222,25.270445734066406,125.27192993216649,125.31767200000003,13.250357300380898,0.1,9.858070072022556,3715.122184732618,34.0,25.22130116487425,3717.969965161974,5.84999629127934,2.4913632032064608,5.840100000000012,2.467000000000001,102.39696184672088,48.640702275760496,32.68863146003969,0.4750209517795195,0.6720427528927696,13.299745539334955,43.85807007202256,34.032586544500184,5.839406724724699,2.4671285181911426,25.205876043596536,3707.953363992489
3035,303.5000000000005,43.806858379474576,34.00046461106257,9.80609011668473,3707.686053693324,25.270472594194164,125.27815564748379,125.31767200000003,13.249679574876005,0.1,9.814962033403674,3715.122184732618,34.0,25.22130116487425,3717.969965161974,5.851566211222289,2.4900004734687915,5.840100000000012,2.467000000000001,102.39563843945545,48.64149582498798,32.686959511219115,0.47503484099812265,0.6719974161326523,13.249753285295139,43.814962033403674,34.0354756512499,5.837610021894666,2.466219465528086,25.264335868455543,3707.52162113566
3036,303.60000000000053,43.80677464034028,34.00053687267847,9.805977262369037,3707.5791276326254,25.27049551296298,125.2835298844299,125.31767200000003,13.249094067119167,0.1,9.806038631566956,3715.122184732618,34.0,25.22130116487425,3717.969965161974,5.851566211222289,2.4900004734687915,5.840100000000012,2.467000000000001,102.39449075976172,48.642179635464224,32.685515063583,0.47504684358056587,0.6719582738383811,13.26856574645095,43.806038631566956,34.01257328271706,5.84034551798549,2.465788668970858,25.329901367798794,3707.618681412245
3037,303.70000000000056,43.806703188786614,34.00059853094441,9.805879478127526,3707.486743551369,25.270515175161627,125.28816832347133,125.31767200000003,13.248588249782607,0.1,9.799459242074569,3715.122184732618,34.0,25.252615567148172,3718.9247658882027,5.851566211222289,2.4900004734687915,5.840100000000012,2.467000000000001,102.39349553983337,48.64276844819981,32.684267212213705,0.475057211317458,0.671924486514774,13.355720748037609,43.79945924207457,34.018720297935765,5.84043435039139,2.4666135906306295,25.421156909961358,3707.5482215931647
3038,303.8000000000006,43.80664188991612,34.00065142811808,9.805794853528846,3707.4069104770474,25.2705321710861,125.29217383962107,125.31767200000003,13.248151223770272,0.1,9.761736218793438,3715.122184732618,34.0,25.252615567148172,3718.9247658882027,5.851566211222289,2.4900004734687915,5.840100000000012,2.467000000000001,102.3926341719036,48.64327612314228,32.683189069041276,0.47506616580912153,0.6718953095655514,13.23895942377431,43.76173621879344,33.98739928469374,5.84082964607841,2.4662270019783374,25.366741178738728,3707.407231243007
3039,303.9000000000006,43.80658890342198,34.00069715225284,9.80572173690895,3707.337915803431,25.270546935041967,125.29563531778113,125.31767200000003,13.24777357071957,0.1,9.817794319060027,3715.122184732618,34.0,25.252615567148172,3718.9247658882027,5.851566211222289,2.4900004734687915,5.840100000000012,2.467000000000001,102.39189026040653,48.64371472891229,32.68225739896519,0.4750739009232074,0.6718700983487983,13.28426335755253,43.81779431906003,33.95748541654547,5.841101449468428,2.4662602589019946,25.317514174450643,3707.250566270554
3040,304.0000000000006,43.80654287531317,34.00073687174754,9.805658630718565,3707.2782874351606,25.270559767234822,125.29862807647498,125.31767200000003,13.247447189088959,0.1,9.774701593133159,3715.122184732618,34.0,25.252615567148172,3718.9247658882027,5.848848605764411,2.4887883733427367,5.840100000000012,2.467000000000001,102.39124856036152,48.64409421393543,32.68145221548247,0.47508058450189566,0.6718483043748398,13.28704125677338,43.77470159313316,33.98435526038098,5.839708221865532,2.4679096097273203,25.10760879314246,3707.3271906332316
3041,304.10000000000065,43.80650286966872,34.00077139423588,9.805604171111037,3707.2267570789127,25.270570890518204,125.30121572098936,125.31767200000003,13.2471651150817,0.1,9.78699417893457,3715.122184732618,34.0,25.252615567148172,3718.9247658882027,5.848848605764411,2.4887883733427367,5.840100000000012,2.467000000000001,102.39069498297718,48.6444226467166,32.68075633890657,0.4750863606776369,0.6718294628811358,13.256409863443206,43.78699417893457,34.033527491290194,5.8405260498130716,2.4664267001803024,25.19349030838187,3707.2881211662066
3042,304.20000000000067,43.806468191720455,34.00080131925394,9.80555714563664,3707.182228548916,25.27058049908637,125.30345249548772,125.31767200000003,13.246921348993443,0.1,9.846280123981778,3715.122184732618,34.0,25.25789679648734,3720.500829740888,5.848848605764411,2.4887883733427367,5.840100000000012,2.467000000000001,102.39021698748138,48.644706714940824,32.680154967966835,0.4750913529257225,0.6718131771144874,13.301628448429975,43.84628012398178,33.99514352677927,5.839243796815131,2.466407652247761,25.0799208932279,3707.1622569377446
3043,304.3000000000007,43.806438236048336,34.00082716923762,9.805516508243764,3707.1437524369835,25.270588780955435,125.30538530983846,125.31767200000003,13.246710705280428,0.1,9.748102937176334,3715.122184732618,34.0,25.25789679648734,3720.500829740888,5.848848605764411,2.4887883733427367,5.840100000000012,2.467000000000001,102.38980383713222,48.64495218129088,32.67963530992683,0.4750956673251241,0.6717991044196278,13.209502367610542,43.748102937176334,33.97447230739002,5.839934287922478,2.4672395846860193,25.168851087446004,3707.136596610709
3044,304.4000000000007,43.806412416493345,34.0008494500033,9.805481373978912,3707.1105062668703,25.270595917967153,125.30705510347677,125.31767200000003,13.2465286927352,0.1,9.841280764511147,3715.122184732618,34.0,25.25789679648734,3720.500829740888,5.848848605764411,2.4887883733427367,5.840100000000012,2.467000000000001,102.38944654098928,48.64516415348835,32.67918628497775,0.47509939546371477,0.6717869464242382,13.198453075705759,43.84128076451115,34.00361055210051,5.840637437777144,2.4656623174624213,25.20230673661951,3707.086733040791
3045,304.50000000000074,43.806390166145604,34.000868650757745,9.805450996294123,3707.0817783390685,25.270602076337852,125.30849763940334,125.31767200000003,13.246371420606145,0.1,9.810198130176623,3715.122184732618,34.0,25.25789679648734,3720.500829740888,5.849429783284088,2.487474087527885,5.840100000000012,2.467000000000001,102.38913756618533,48.645347181274566,32.67879829463537,0.4751026167187876,0.6717764429321347,13.281545167979647,43.81019813017662,33.9984869834051,5.837845308552895,2.4674467742716426,24.99531091893787,3706.9454177343846
3046,304.60000000000076,43.80637096680911,34.00088521867152,9.805424738620541,3707.056953724053,25.270607398918497,125.30974400307312,125.31767200000003,13.246235522174736,0.1,9.826281716458503,3715.122184732618,34.0,25.25789679648734,3720.500829740888,5.849429783284088,2.487474087527885,5.840100000000012,2.467000000000001,102.38887049409942,48.645505266834235,32.678463033205084,0.4751053999529923,0.6717673678987309,13.294170339041878,43.8262817164585,33.97965617100049,5.8415541412934395,2.4666425773205707,25.167716709875886,3707.0698865789377
3047,304.7000000000008,43.8063543731317,34.0008995380559,9.805402050205743,3707.035501605458,25.270612003743338,125.31082104203567,125.31767200000003,13.246118088496118,0.1,9.801925564560847,3715.122184732618,34.0,25.237741885578842,3720.1407546218848,5.849429783284088,2.487474087527885,5.840100000000012,2.467000000000001,102.38863974887633,48.64564186979426,32.678173324319935,0.4751078048219517,0.6717595259979687,13.299567948319265,43.80192556456085,34.00754800037292,5.839453453207453,2.4670897304249637,25.1954551865961,3706.819198063144
3048,304.8000000000008,43.80634001712977,34.000911926458116,9.805382450123831,3707.016963812861,25.270615987795214,125.31175184970952,125.31767200000003,13.246016608525562,0.1,9.837131511193725,3715.122184732618,34.0,25.237741885578842,3720.1407546218848,5.849429783284088,2.487474087527885,5.840100000000012,2.467000000000001,102.38844043691955,48.645759944860316,32.677922973232576,0.4751098828859539,0.6717527490632855,13.198581412575114,43.837131511193725,34.045793046849184,5.842024386491272,2.4677315887744724,25.360517069198497,3706.992880669432
3049,304.90000000000083,43.80632759644965,34.00092264479099,9.805365518145058,3707.0009446635972,25.270619432613966,125.31255628299576,125.31767200000003,13.245928914872437,0.1,9.730283275323565,3715.122184732618,34.0,25.237741885578842,3720.1407546218848,5.849429783284088,2.487474087527885,5.840100000000012,2.467000000000001,102.38826826925346,48.64586200968621,32.677706632990315,0.47511167863256315,0.6717468923972122,13.221664406346035,43.730283275323565,33.995976691846536,5.841835121852899,2.465449499373807,25.241933359538482,3707.1614110445375
3050,305.00000000000085,43.8063168568827,34.000931912421194,9.805350889045988,3706.98710220517,25.270622408943428,125.31325145631243,125.31767200000003,13.245853135746547,0.1,9.85835074257195,3715.122184732618,34.0,25.237741885578842,3720.1407546218848,5.849516972557298,2.4863061974116896,5.840100000000012,2.467000000000001,102.38811951780916,48.64595022190787,32.67751968588674,0.4751132304314516,0.6717418312690356,13.309871177558326,43.85835074257195,33.986209691221504,5.838610486434331,2.467022766424735,25.258958189812905,3707.0992776464586
3051,305.1000000000009,43.80630757787797,34.000939919671005,9.80533824750874,3706.975140794448,25.27062497934934,125.31385216461149,125.31767200000003,13.245787653530073,0.1,9.83744660590012,3715.122184732618,34.0,25.237741885578842,3720.1407546218848,5.849516972557298,2.4863061974116896,5.840100000000012,2.467000000000001,102.38799096996355,48.64602644610454,32.6773581412587,0.47511457139905494,0.6717374578880003,13.119156742649258,43.83744660590012,33.9892075941397,5.84026597352907,2.466788390531114,25.301986109586778,3707.0179951307887
3052,305.2000000000009,43.80629956438051,34.000946834861274,9.805327322410372,3706.9648048215,25.2706271991852,125.31437122125598,125.31767200000003,13.24573106967322,0.1,9.833352267237196,3715.122184732618,34.0,25.264976049854326,3720.9497682548836,5.849516972557298,2.4863061974116896,5.840100000000012,2.467000000000001,102.38787986968042,48.64609230269623,32.67721854888384,0.47511573014904807,0.6717336789469663,13.316028770059956,43.833352267237196,33.97678972121602,5.839746556336273,2.468221823401285,25.26401197715952,3707.0017972188775
3053,305.3000000000009,43.80629264382023,34.00095280690978,9.805317880679402,3706.95587334767,25.27062911684152,125.31481972431813,125.31767200000003,13.245682175004571,0.1,9.817180656531079,3715.122184732618,34.0,25.264976049854326,3720.9497682548836,5.849516972557298,2.4863061974116896,5.840100000000012,2.467000000000001,102.3877838509893,48.64614920102669,32.67709792573629,0.475116731423977,0.6717304136592713,13.26045167326461,43.81718065653108,34.007874934858634,5.8425256742284954,2.466286634324059,25.233158253468567,3707.0392603442206
3054,305.40000000000094,43.80628666533488,34.00095796600181,9.805309721441423,3706.9481554642302,25.270630774035396,125.3152072751085,125.31767200000003,13.24563992436638,0.1,9.788985077779145,3715.122184732618,34.0,25.264976049854326,3720.9497682548836,5.849516972557298,2.4863061974116896,5.840100000000012,2.467000000000001,102.38770087480547,48.64619836334047,32.67699369341187,0.47511759662249464,0.6717275921408299,13.254396250751197,43.788985077779145,34.008705125461724,5.840355592610244,2.4658763309429235,25.391897475745896,3706.8784515109323
3055,305.50000000000097,43.80628149886725,34.00096242436917,9.805302671029928,3706.941486242337,25.270632206432687,125.3155421684959,125.31767200000003,13.245603414658454,0.1,9.78807123788674,3715.122184732618,34.0,25.264976049854326,3720.9497682548836,5.850671923960619,2.4850228251859923,5.840100000000012,2.467000000000001,102.38762917660785,48.64624084555506,32.67690362396242,0.4751183442449423,0.6717251540094735,13.205138251166275,43.78807123788674,34.02106534782808,5.8402136109900455,2.466355343128465,25.331245070070874,3706.8988292484496
3056,305.600000000001,43.806277033225456,34.00096627796397,9.805296579022531,3706.935723197972,25.270633444519813,125.31583156475052,125.31767200000003,13.245571865679349,0.1,9.833489820137608,3715.122184732618,34.0,25.264976049854326,3720.9497682548836,5.850671923960619,2.4850228251859923,5.840100000000012,2.467000000000001,102.38756722639998,48.64627755760833,32.676825792630964,0.47511899027780785,0.6717230471321084,13.273081586604613,43.83348982013761,34.012645271951996,5.838491948933993,2.465389479471798,25.115416118957395,3706.8973459532763
3057,305.700000000001,43.80627317336504,34.00096960880409,9.805291315127945,3706.9307432218693,25.270634514502014,125.31608164467053,125.31767200000003,13.245544603403602,0.1,9.877876135451665,3715.122184732618,34.0,25.243002392315322,3719.3644703944265,5.850671923960619,2.4850228251859923,5.840100000000012,2.467000000000001,102.38751369812982,48.646309283410766,32.6767585365967,0.4751195485304506,0.6717212265009391,13.230334218248824,43.877876135451665,34.0074602646893,5.8384145191642665,2.4669825490564885,25.093787742263267,3707.049037040988
3058,305.80000000000103,43.80626983758853,34.00097248738972,9.8052867666314,3706.92643992919,25.27063543905438,125.31629774650898,125.31767200000003,13.245521045458684,0.1,9.84160705718439,3715.122184732618,34.0,25.243002392315322,3719.3644703944265,5.850671923960619,2.4850228251859923,5.840100000000012,2.467000000000001,102.3874674446518,48.64633669923551,32.676700419146584,0.47512003093086125,0.6717196532428742,13.2637778108665,43.84160705718439,34.03222655473259,5.840169685511438,2.4661498266534685,25.274816310918197,3706.9858422550747
3059,305.90000000000106,43.806266955204066,34.00097497472385,9.805282836163888,3706.9227213797076,25.27063623787195,125.3164844838018,125.31767200000003,13.245500688587523,0.1,9.800396198007697,3715.122184732618,34.0,25.243002392315322,3719.3644703944265,5.850671923960619,2.4850228251859923,5.840100000000012,2.467000000000001,102.38742747543417,48.6463603895521,32.676650198745435,0.4751204477837265,0.6717182937649634,13.196450771419409,43.8003961980077,34.00408967421846,5.839471433443171,2.46840827779825,25.13730194874872,3706.897879733004
3060,306.0000000000011,43.80626446481041,34.00097712379226,9.805279439682318,3706.9195081168173,25.27063692805894,125.31664584522817,125.31767200000003,13.245483097863776,0.1,9.8289662300541,3715.122184732618,34.0,25.243002392315322,3719.3644703944265,5.852977531683498,2.4837938219929603,5.840100000000012,2.467000000000001,102.38739293593292,48.64638086006615,32.67660680242995,0.47512080799347783,0.6717171190273314,13.303663668969325,43.8289662300541,34.020748586499174,5.839289777312308,2.4676303132656185,25.153870783035607,3706.8911216421975
3061,306.1000000000011,43.80626231308345,34.00097898061058,9.805276504643883,3706.9167314767574,25.2706375244293,125.3167852791975,125.31767200000003,13.245467897415296,0.1,9.792339927895142,3715.122184732618,34.0,25.243002392315322,3719.3644703944265,5.852977531683498,2.4837938219929603,5.840100000000012,2.467000000000001,102.38736308874158,48.646398548373675,32.676569302923546,0.47512111925580774,0.6717161039255592,13.171875126149782,43.79233992789514,34.01434568456157,5.839835214324749,2.467624935331131,25.28093452580049,3706.958215501241
3062,306.2000000000011,43.806260453839215,34.00098058503294,9.805273968395142,3706.9143321267084,25.270638039774415,125.31690576623511,125.31767200000003,13.24545476242584,0.1,9.853318481275167,3715.122184732618,34.0,25.241441158018546,3716.1694096343767,5.852977531683498,2.4837938219929603,5.840100000000012,2.467000000000001,102.38733729696763,48.646413832880775,32.67653689890456,0.4751213882219156,0.6717152267618551,13.195637855759157,43.85331848127517,33.96808164039715,5.838314744831118,2.467131554928014,25.46659279047576,3706.9821538264314
3063,306.30000000000115,43.80625884719929,34.000981971472136,9.805271776787503,3706.912258798761,25.270638485120667,125.31700988169194,125.31767200000003,13.245443412219508,0.1,9.828066886111436,3715.122184732618,34.0,25.241441158018546,3716.1694096343767,5.852977531683498,2.4837938219929603,5.840100000000012,2.467000000000001,102.38731501005704,48.64642704053633,32.67650889794554,0.475121620639803,0.671714468787537,13.242428998144756,43.828066886111436,33.98513528912605,5.839744004378413,2.467119945830204,25.42949922154914,3706.939970222114
3064,306.40000000000117,43.80625745878781,34.00098316959257,9.80526988300535,3706.9104671935675,25.270638869974132,125.31709985045437,125.31767200000003,13.245433604271721,0.1,9.797442935753836,3715.122184732618,34.0,25.241441158018546,3716.1694096343767,5.852977531683498,2.4837938219929603,5.840100000000012,2.467000000000001,102.38729575190374,48.646438453684965,32.676484701738346,0.47512182147637644,0.671713813804659,13.323593547710754,43.797442935753836,33.98041567843899,5.84087083007124,2.46805995197198,25.201948964407336,3706.9012130559345
3065,306.5000000000012,43.806256258968645,34.000984204968546,9.80526824657409,3706.9089190320306,25.270639202540814,125.31717759465955,125.31767200000003,13.245425129022927,0.1,9.782313497328623,3715.122184732618,34.0,25.241441158018546,3716.1694096343767,5.851251870563022,2.4825599947074597,5.840100000000012,2.467000000000001,102.38727911083792,48.64644831614685,32.676463793299575,0.47512199502328134,0.6717132478190297,13.181688408533166,43.78231349732862,34.007624128313104,5.839301685389717,2.467202123908479,25.323489472066512,3706.873910117816
3066,306.6000000000012,43.80625522215877,34.000985099676754,9.805266832511224,3706.9075812361034,25.2706394899145,125.31724477510222,125.31767200000003,13.24541780539256,0.1,9.788040173719459,3715.122184732618,34.0,25.241441158018546,3716.1694096343767,5.851251870563022,2.4825599947074597,5.840100000000012,2.467000000000001,102.38726473105537,48.64645683854236,32.676445725903456,0.4751221449886752,0.6717127587391741,13.218687335192824,43.78804017371946,33.96220878901039,5.840526733200132,2.467908438003541,25.122549235818894,3706.8290799484384
3067,306.70000000000124,43.80625432624255,34.000985872801714,9.80526561059047,3706.906425221632,25.27063973823214,125.31730282696681,125.31767200000003,13.245411476903804,0.1,9.840710769196036,3715.122184732618,34.0,25.23752657181743,3714.065601132381,5.851251870563022,2.4825599947074597,5.840100000000012,2.467000000000001,102.3872523051579,48.64646420288388,32.6764301135217,0.47512227457668815,0.6717123361163947,13.226373827585883,43.840710769196036,34.00917823429727,5.840253204150432,2.4660401864931263,25.278225065942895,3706.78191995484
3068,306.80000000000126,43.80625355208748,34.00098654085371,9.805264554699418,3706.9054262878835,25.2706399528024,125.31735299056665,125.31767200000003,13.24540600833836,0.1,9.797755402693973,3715.122184732618,34.0,25.23752657181743,3714.065601132381,5.851251870563022,2.4825599947074597,5.840100000000012,2.467000000000001,102.38724156761322,48.64647056649787,32.67641662257075,0.4751223865560761,0.6717119709209599,13.287859209112154,43.79775540269397,34.05095829456269,5.840226939718121,2.4658525666918014,25.28512104944325,3706.7593795460584
3069,306.9000000000013,43.806252883143245,34.00098711811473,9.80526364227916,3706.9045630902483,25.270640138214628,125.31739633779367,125.31767200000003,13.245401282848569,0.1,9.835639539497372,3715.122184732618,34.0,25.23752657181743,3714.065601132381,5.851251870563022,2.4825599947074597,5.840100000000012,2.467000000000001,102.38723228903642,48.646476065373136,32.67640496478743,0.4751224833194576,0.6717116553494139,13.140240213107175,43.83563953949737,34.00184509861467,5.84032497979972,2.466815350982807,25.36447336370542,3706.821324290596
3070,307.0000000000013,43.80625230510208,34.00098761693152,9.80526285383805,3706.9038171845173,25.27064029843371,125.317433794932,125.31767200000003,13.245397199463042,0.1,9.81667618123113,3715.122184732618,34.0,25.23752657181743,3714.065601132381,5.849203635841097,2.4813195729489954,5.840100000000012,2.467000000000001,102.38722427122957,48.64648081703672,32.67639489107534,0.47512256693441973,0.6717113826583645,13.208830664004719,43.81667618123113,33.957579610548635,5.838423882327682,2.468093451277019,25.443587815998775,3706.891902650229
3071,307.10000000000133,43.80625180560307,34.0009880479709,9.805262172532238,3706.903172632884,25.270640436883912,125.31746616238578,125.31767200000003,13.245393670930824,0.1,9.805458672923763,3715.122184732618,34.0,25.23752657181743,3714.065601132381,5.849203635841097,2.4813195729489954,5.840100000000012,2.467000000000001,102.38721734291018,48.64648492304182,32.676386186186356,0.47512263918763836,0.6717111470207976,13.325297815880074,43.80545867292376,33.98795492994956,5.840506821257502,2.466196390925279,25.434890874209078,3706.878008319053
3072,307.20000000000135,43.806251373970724,34.000988420445196,9.80526158380491,3706.90261566333,25.270640556522746,125.31749413176311,125.31767200000003,13.245390621857581,0.1,9.84472832342935,3715.122184732618,34.0,25.254469691440196,3716.1477858621124,5.849203635841097,2.4813195729489954,5.840100000000012,2.467000000000001,102.38721135604492,48.64648847112982,32.676378664122666,0.4751227016230064,0.6717109434017027,13.333594364032697,43.84472832342935,34.060472406348424,5.839528088873697,2.467337689477688,25.341124583404234,3707.058523031242
3073,307.3000000000014,43.80625100098469,34.00098874231103,9.805261075075913,3706.9021343752383,25.270640659905364,125.31751830066773,125.31767200000003,13.245387987094322,0.1,9.807222223751197,3715.122184732618,34.0,25.254469691440196,3716.1477858621124,5.849203635841097,2.4813195729489954,5.840100000000012,2.467000000000001,102.38720618269879,48.646491537109206,32.676372164161705,0.4751227555746062,0.6717107674504142,13.195775410021895,43.8072222237512,33.97665176176487,5.840883609287093,2.4672799815841353,25.313478622553127,3706.912812899636
3074,307.4000000000014,43.806250678679035,34.00098902044257,9.805260635474054,3706.9017184850286,25.270640749239956,125.31753918549103,125.31767200000003,13.24538571034477,0.1,9.80744729942667,3715.122184732618,34.0,25.254469691440196,3716.1477858621124,5.849203635841097,2.4813195729489954,5.840100000000012,2.467000000000001,102.38720171231672,48.64649418648324,32.676366547420564,0.47512280219522085,0.671710615407511,13.197261718834712,43.80744729942667,33.970952925910225,5.839568116820083,2.4654982790365603,25.231244241580736,3706.911098703348
3075,307.5000000000014,43.80625040016952,34.00098926078053,9.80526025560556,3706.901359106408,25.270640826435155,125.31755723246175,125.31767200000003,13.245383742962105,0.1,9.803549190443675,3715.122184732618,34.0,25.254469691440196,3716.1477858621124,5.845750014311094,2.4801504105114995,5.840100000000012,2.467000000000001,102.38719784937061,48.64649647585563,32.67636169388752,0.4751228424809818,0.6717104840243849,13.268923468822962,43.803549190443675,33.9232134344544,5.841476457104071,2.4671679284946566,25.51447110374874,3707.072493269294
3076,307.60000000000144,43.806250159505765,34.000989468459736,9.805259927353564,3706.9010485605204,25.270640893140616,125.31757282718473,125.31767200000003,13.24538204290942,0.1,9.815909385966933,3715.122184732618,34.0,25.254469691440196,3716.1477858621124,5.845750014311094,2.4801504105114995,5.840100000000012,2.467000000000001,102.38719451131938,48.64649845414196,32.67635749985755,0.4751228772926664,0.6717103704937956,13.23865227467791,43.81590938596693,33.96040617247331,5.839546523113622,2.467624331100463,25.329651710775778,3706.9607909090437
3077,307.70000000000147,43.80624995154483,34.00098964791827,9.805259643704478,3706.9007802119054,25.270640950781953,125.31758630287591,125.31767200000003,13.245380573861624,0.1,9.861488351539663,3715.122184732618,34.0,25.238053008603195,3712.7558998294285,5.845750014311094,2.4801504105114995,5.840100000000012,2.467000000000001,102.38719162684208,48.64650016361373,32.676353875716636,0.47512290737409424,0.671710272389907,13.155144300600698,43.86148835153966,33.96708988677577,5.840442029238468,2.4664696482436383,25.32090063797163,3707.1377751479017
3078,307.8000000000015,43.80624977184219,34.00098980299147,9.805259398597839,3706.900548326741,25.270641000590995,125.31759794747607,125.31767200000003,13.245379304429452,0.1,9.797614951213106,3715.122184732618,34.0,25.238053008603195,3712.7558998294285,5.845750014311094,2.4801504105114995,5.840100000000012,2.467000000000001,102.38718913430992,48.64650164079956,32.676350744027474,0.4751229333680197,0.6717101876164923,13.231994885844731,43.797614951213106,34.00996734880912,5.840022461522418,2.467492817453317,25.076625810996088,3706.9445860172486
3079,307.9000000000015,43.80624961655752,34.000989936993356,9.805259186796626,3706.900347950336,25.27064104363206,125.31760800979897,125.31767200000003,13.245378207488859,0.1,9.820804750966936,3715.122184732618,34.0,25.238053008603195,3712.7558998294285,5.845750014311094,2.4801504105114995,5.840100000000012,2.467000000000001,102.38718698046699,48.64650291726411,32.67634803787503,0.4751229558298607,0.6717101143621683,13.216549103753623,43.820804750966936,34.022348567292156,5.840193100942263,2.467809050956949,25.19348268936435,3706.82467154422
3080,308.00000000000153,43.80624948237269,34.00099005278727,9.80525900377531,3706.9001748012547,25.270641080824753,125.3176167048469,125.31767200000003,13.245377259601515,0.1,9.741119622231615,3715.122184732618,34.0,25.238053008603195,3712.7558998294285,5.844436332903293,2.478815736142548,5.840100000000012,2.467000000000001,102.38718511929227,48.6465040202821,32.67634569943695,0.4751229752395635,0.6717100510617013,13.204112829625569,43.741119622231615,33.95980603942202,5.840329656660979,2.4660320759995478,25.169391403889836,3706.725353373264
3081,308.10000000000156,43.80624936642076,34.00099015284723,9.80525884562321,3706.9000251798316,25.270641112963688,125.31762421840557,125.31767200000003,13.245376440513947,0.1,9.824717000893791,3715.122184732618,34.0,25.238053008603195,3712.7558998294285,5.844436332903293,2.478815736142548,5.840100000000012,2.467000000000001,102.38718351101699,48.646504973421486,32.67634367874792,0.47512299201185726,0.6717099963625541,13.306208307904239,43.82471700089379,34.0115538785553,5.840453174944318,2.465591929256926,25.347614948757087,3706.8719861521568
3082,308.2000000000016,43.80624926622441,34.00099023931101,9.80525870896101,3706.8998958891116,25.27064114073553,125.31763071101547,125.31767200000003,13.24537573272476,0.1,9.812657685012859,3715.122184732618,34.0,25.219973195040858,3710.804381208889,5.844436332903293,2.478815736142548,5.840100000000012,2.467000000000001,102.38718212127603,48.646505797047496,32.676341932632,0.4751230065051157,0.6717099490959786,13.242533449003496,43.81265768501286,34.06053399985294,5.840569691793442,2.467364989513673,25.18974944510124,3706.6842779252597
3083,308.3000000000016,43.80624917964292,34.00099031402595,9.80525859086859,3706.8997841665414,25.270641164733675,125.31763632140307,125.31767200000003,13.245375121110648,0.1,9.804024162953723,3715.122184732618,34.0,25.219973195040858,3710.804381208889,5.844436332903293,2.478815736142548,5.840100000000012,2.467000000000001,102.38718092037415,48.64650650875822,32.67634042377998,0.47512301902901594,0.6717099082520345,13.253262363785034,43.80402416295372,33.96162236210988,5.839178442319829,2.464414329553607,25.324371558781923,3706.781991404092
3084,308.4000000000016,43.80624910482631,34.00099037858845,9.80525848882266,3706.8996876249435,25.2706411854709,125.3176411694453,125.31767200000003,13.245374592603262,0.1,9.809534308361108,3715.122184732618,34.0,25.219973195040858,3710.804381208889,5.844436332903293,2.478815736142548,5.840100000000012,2.467000000000001,102.38717988265162,48.646507123760735,32.67633911995226,0.4751230298511557,0.6717098729580102,13.180509683937828,43.80953430836111,33.98887427424665,5.83885006667817,2.4679151365902365,25.217752241860527,3706.977820736558
3085,308.50000000000165,43.80624904017593,34.00099043437807,9.805258400642813,3706.899604201511,25.270641203390323,125.31764535873047,125.31767200000003,13.245374135909977,0.1,9.806120914729853,3715.122184732618,34.0,25.219973195040858,3710.804381208889,5.845976759857009,2.4775983770862067,5.840100000000012,2.467000000000001,102.38717898593562,48.646507655195876,32.67633799328993,0.47512303920277155,0.6717098424597764,13.399153840361157,43.80612091472985,33.99428454489053,5.841181742996154,2.4668882037712643,25.35356942954326,3706.815431451481
3086,308.60000000000167,43.80624898431033,34.00099048258691,9.805258324444925,3706.899532113734,25.270641218874843,125.31764897877146,125.31767200000003,13.245373741272616,0.1,9.786783220672483,3715.122184732618,34.0,25.219973195040858,3710.804381208889,5.845976759857009,2.4775983770862067,5.840100000000012,2.467000000000001,102.38717821106621,48.646508114419,32.676337019719554,0.47512304728368016,0.6717098161056738,13.231988621691091,43.78678322067248,33.974424534090694,5.838675729231749,2.467027652565626,25.458350172759342,3707.0374622006807
3087,308.7000000000017,43.8062489360358,34.00099052424511,9.805258258600889,3706.899469821313,25.27064123225532,125.31765210691796,125.31767200000003,13.245373400258956,0.1,9.851396141751415,3715.122184732618,34.0,25.248512808710842,3710.5279937436035,5.845976759857009,2.4775983770862067,5.840100000000012,2.467000000000001,102.38717754148695,48.646508511242445,32.67633617843886,0.4751230542665466,0.6717097933325924,13.263919273302179,43.851396141751415,34.04212116797247,5.840007939966898,2.466512980775296,25.181511504997523,3706.7436797477712
3088,308.8000000000017,43.80624889432083,34.00099056024277,9.805258201703815,3706.899415993245,25.27064124381765,125.31765481000909,125.31767200000003,13.245373105582555,0.1,9.803947164141405,3715.122184732618,34.0,25.248512808710842,3710.5279937436035,5.845976759857009,2.4775983770862067,5.840100000000012,2.467000000000001,102.38717696289092,48.64650885414517,32.67633545147218,0.47512306030057405,0.6717097736539387,13.267366008093532,43.803947164141405,34.02990217877955,5.83997204637507,2.46742566780448,25.14601020391186,3706.9531355685226
3089,308.90000000000174,43.8062488582741,34.00099059134905,9.805258152537979,3706.8993694793867,25.270641253808883,125.31765714580177,125.31767200000003,13.245372850947064,0.1,9.82281843310323,3715.122184732618,34.0,25.248512808710842,3710.5279937436035,5.845976759857009,2.4775983770862067,5.840100000000012,2.467000000000001,102.38717646291518,48.646509150453994,32.67633482328642,0.47512306551469213,0.6717097566492387,13.247079956081617,43.82281843310323,34.035406152637606,5.8409271090271835,2.467598361060154,25.200810352854592,3706.8331541667726
3090,309.00000000000176,43.80624882712543,34.00099061822859,9.805258110052849,3706.899329285877,25.270641262442492,125.31765916420476,125.31767200000003,13.245372630911689,0.1,9.823010139637034,3715.122184732618,34.0,25.248512808710842,3710.5279937436035,5.847843203520724,2.4763897283060774,5.840100000000012,2.467000000000001,102.38717603087667,48.64650940650009,32.67633428045915,0.4751230700203106,0.6717097419551541,13.32713077070527,43.823010139637034,33.98732265010039,5.83986518017206,2.467660167457144,25.226610066100697,3706.9008648930158
3091,309.1000000000018,43.80624880020929,34.0009906414557,9.805258073340635,3706.8992945539003,25.270641269902956,125.31766090834512,125.31767200000003,13.245372440774936,0.1,9.813507102043737,3715.122184732618,34.0,25.248512808710842,3710.5279937436035,5.847843203520724,2.4763897283060774,5.840100000000012,2.467000000000001,102.3871756575439,48.64650962775437,32.67633381139178,0.47512307391370145,0.6717097292577163,13.202705820431781,43.81350710204374,34.04265583279564,5.8407812255272304,2.4671755894404512,25.387935039782686,3706.9742002678595
3092,309.2000000000018,43.806248776950554,34.00099066152668,9.805258041616913,3706.8992645413387,25.270641276349682,125.31766241548995,125.31767200000003,13.24537227647415,0.1,9.83403421534576,3715.122184732618,34.0,25.27351167517796,3715.233150334542,5.847843203520724,2.4763897283060774,5.840100000000012,2.467000000000001,102.38717533493995,48.64650981894437,32.676333406061744,0.47512307727805425,0.6717097182856195,13.330701908106377,43.83403421534576,34.001470422374176,5.841696753245932,2.467040547395304,25.322274046658187,3706.747287694238
3093,309.30000000000183,43.80624875685224,34.00099067887039,9.805258014203838,3706.899238606913,25.270641281920422,125.31766371784245,125.31767200000003,13.245372134498712,0.1,9.793199340042868,3715.122184732618,34.0,25.27351167517796,3715.233150334542,5.847843203520724,2.4763897283060774,5.840100000000012,2.467000000000001,102.38717505617171,48.64650998415527,32.676333055808335,0.47512308018525556,0.6717097088044218,13.276187527351317,43.79319934004287,33.99078911335924,5.839759306387481,2.4683634535361554,25.28987559271004,3707.0498731217153
3094,309.40000000000185,43.8062487394849,34.00099069385742,9.805257990515681,3706.899216196482,25.270641286734207,125.31766484323005,125.31767200000003,13.24537201181504,0.1,9.813942813908575,3715.122184732618,34.0,25.27351167517796,3715.233150334542,5.847843203520724,2.4763897283060774,5.840100000000012,2.467000000000001,102.38717481528279,48.64651012691715,32.67633275314771,0.47512308269742337,0.6717097006115389,13.230217441996082,43.813942813908575,33.9598423202973,5.839643597914604,2.4664435462934713,25.25342690002888,3706.9217262830707
3095,309.5000000000019,43.80624872447744,34.000990706808004,9.805257970046297,3706.899196831202,25.270641290893888,125.31766581569894,125.31767200000003,13.24537190580174,0.1,9.8297469701847,3715.122184732618,34.0,25.27351167517796,3715.233150334542,5.845635990859903,2.475132310769287,5.840100000000012,2.467000000000001,102.38717460712613,48.64651025028042,32.676332491612904,0.4751230848682354,0.6717096935319126,13.242618312378507,43.8297469701847,33.95949560295663,5.838551026066063,2.467717504212247,25.4371879814722,3706.819324303031
3096,309.6000000000019,43.80624871150923,34.000990717998846,9.805257952358309,3706.8991800972954,25.270641294488346,125.31766665602778,125.31767200000003,13.245371814193629,0.1,9.782759631648887,3715.122184732618,34.0,25.27351167517796,3715.233150334542,5.845635990859903,2.475132310769287,5.840100000000012,2.467000000000001,102.38717442725395,48.64651035688097,32.67633226561569,0.4751230867440755,0.6717096874142726,13.182562004100093,43.78275963164889,34.06206989719367,5.839522571777163,2.467917698272987,25.27875322496369,3706.91742751934
3097,309.7000000000019,43.80624870030314,34.000990727669056,9.805257937073783,3706.899165637208,25.270641297594388,125.3176673821719,125.31767200000003,13.24537173503332,0.1,9.813201149001848,3715.122184732618,34.0,25.237223120765094,3715.2816702736004,5.845635990859903,2.475132310769287,5.840100000000012,2.467000000000001,102.387174271823,48.64651044899651,32.67633207032721,0.47512308836502437,0.6717096821279042,13.238810182189926,43.81320114900185,33.990480473137616,5.840434139939239,2.4679424728297157,25.367782176028513,3706.969279109038
3098,309.80000000000194,43.80624869061974,34.00099073602528,9.805257923866133,3706.8991531419715,25.270641300278378,125.3176680096469,125.31767200000003,13.245371666629389,0.1,9.830022321495072,3715.122184732618,34.0,25.237223120765094,3715.2816702736004,5.845635990859903,2.475132310769287,5.840100000000012,2.467000000000001,102.38717413751216,48.646510528595314,32.67633190157471,0.47512308976571727,0.6717096775598522,13.256063144648023,43.83002232149507,34.00558916637273,5.840424231037229,2.469029802369707,25.167329704689134,3707.000153789012
3099,309.90000000000197,43.80624868225213,34.00099074324605,9.805257912453154,3706.8991423446,25.270641302597664,125.31766855185998,125.31767200000003,13.245371607520251,0.1,9.763780140944192,3715.122184732618,34.0,25.237223120765094,3715.2816702736004,5.845635990859903,2.475132310769287,5.840100000000012,2.467000000000001,102.38717402145161,48.64651059737816,32.67633175575247,0.47512309097608263,0.6717096736125117,13.273357058052918,43.76378014094419,34.015989841951246,5.840108885861551,2.466965709444043,25.13195060008955,3706.9176108868396
3100,310.000000000002,43.806248675021536,34.00099074948566,9.80525790259098,3706.899133014386,25.270641304601803,125.31766902039661,125.31767200000003,13.245371556442919,0.1,9.743939529213073,3715.122184732618,34.0,25.237223120765094,3715.2816702736004,5.845131254180381,2.4739197902407506,5.840100000000012,2.467000000000001,102.3871739211615,48.646510656814726,32.676331629744695,0.47512309202198233,0.6717096702015395,13.317337198587568,43.74393952921307,33.93427083415867,5.8389347170263495,2.4661801986124217,25.26131959408971,3706.871122221632
3101,310.100000000002,43.80624866877342,34.000990754877414,9.805257894068887,3706.8991249519704,25.27064130633362,125.31766942526802,125.31767200000003,13.245371512306026,0.1,9.76712344629727,3715.122184732618,34.0,25.237223120765094,3715.2816702736004,5.845131254180381,2.4739197902407506,5.840100000000012,2.467000000000001,102.3871738344989,48.64651070817498,32.67633152085898,0.4751230929257641,0.6717096672540538,13.241162944650862,43.76712344629727,34.03502190131418,5.840141317215937,2.4663898713200463,25.139959257417708,3706.911965249852
3102,310.20000000000203,43.80624866337432,34.00099075953655,9.805257886704789,3706.8991179850836,25.270641307830115,125.31766977512514,125.31767200000003,13.2453714741665,0.1,9.796140606782707,3715.122184732618,34.0,25.204721689318085,3711.917203723726,5.845131254180381,2.4739197902407506,5.840100000000012,2.467000000000001,102.38717375961212,48.646510752556374,32.67633142676877,0.4751230937067391,0.6717096647070752,13.237592849173746,43.79614060678271,34.072472001825474,5.839682841911523,2.4662645851539295,25.19773254417055,3706.9448317450265
3103,310.30000000000206,43.80624865870884,34.000990763562584,9.80525788034133,3706.8991119648645,25.270641309123263,125.31767007744332,125.31767200000003,13.245371441209407,0.1,9.774857422369642,3715.122184732618,34.0,25.204721689318085,3711.917203723726,5.845131254180381,2.4739197902407506,5.840100000000012,2.467000000000001,102.38717369490102,48.646510790907165,32.67633134546362,0.47512309438159445,0.6717096625061826,13.313627160615978,43.77485742236964,33.996375404481,5.839682653393626,2.466317970897772,25.23499656653529,3706.8931721682034
3104,310.4000000000021,43.80624865467732,34.00099076704156,9.805257874842543,3706.8991067626785,25.2706413102407,125.3176703386822,125.31767200000003,13.245371412730556,0.1,9.79796586928736,3715.122184732618,34.0,25.204721689318085,3711.917203723726,5.845131254180381,2.4739197902407506,5.840100000000012,2.467000000000001,102.38717363898292,48.64651082404682,32.676331275206294,0.4751230949647499,0.6717096606043493,13.201737321154607,43.79796586928736,33.96387738455314,5.840361262669971,2.466904508277227,25.299433124261242,3706.8481433560964
3105,310.5000000000021,43.8062486511936,34.000990770047814,9.805257870090937,3706.8991022673704,25.270641311206294,125.3176705644237,125.31767200000003,13.245371388121441,0.1,9.813357667366745,3715.122184732618,34.0,25.204721689318085,3711.917203723726,5.846868222844293,2.472676105524717,5.840100000000012,2.467000000000001,102.38717359066302,48.64651085268342,32.67633121449561,0.47512309546866555,0.6717096589609393,13.29555596403788,43.813357667366745,33.9622115487243,5.840330343842149,2.4680166040185805,25.13791408490129,3706.842534196283
3106,310.6000000000021,43.80624864818326,34.00099077264556,9.80525786598498,3706.8990983828894,25.27064131204068,125.3176707594912,125.31767200000003,13.245371366856233,0.1,9.823279304597186,3715.122184732618,34.0,25.204721689318085,3711.917203723726,5.846868222844293,2.472676105524717,5.840100000000012,2.467000000000001,102.38717354890883,48.64651087742885,32.67633116203434,0.4751230959041089,0.671709657540837,13.106105996924821,43.823279304597186,34.01610616647638,5.84055366349326,2.465993185611558,25.217081655523106,3707.109684724578
3107,310.70000000000215,43.806248645581974,34.000990774890326,9.805257862436946,3706.8990950262355,25.270641312761693,125.31767092805269,125.31767200000003,13.245371348480564,0.1,9.817004781413182,3715.122184732618,34.0,25.238284966036797,3709.610926640928,5.846868222844293,2.472676105524717,5.840100000000012,2.467000000000001,102.38717351282827,48.64651089881183,32.67633111670156,0.47512309628038346,0.6717096563137,13.226784936045295,43.81700478141318,33.98658232365686,5.841435277952506,2.4677376067650703,25.34726111053807,3706.9345564569426
3108,310.80000000000217,43.80624864333414,34.00099077683007,9.805257859371023,3706.899092125687,25.270641313384736,125.31767107370993,125.31767200000003,13.245371332601803,0.1,9.793752043167729,3715.122184732618,34.0,25.238284966036797,3709.610926640928,5.846868222844293,2.472676105524717,5.840100000000012,2.467000000000001,102.38717348165038,48.646510917289284,32.67633107752866,0.47512309660552954,0.6717096552533078,13.266838081668588,43.79375204316773,33.98033372619134,5.8400366383077,2.4680186765351557,25.306798076775145,3706.845758423465
3109,310.9000000000022,43.80624864139175,34.00099077850625,9.805257856721704,3706.8990896192677,25.270641313923118,125.31767119957516,125.31767200000003,13.245371318880657,0.1,9.770604545011238,3715.122184732618,34.0,25.238284966036797,3709.610926640928,5.846868222844293,2.472676105524717,5.840100000000012,2.467000000000001,102.38717345470901,48.64651093325602,32.676331043678594,0.4751230968864944,0.6717096543370021,13.310552036954329,43.77060454501124,34.037006936172766,5.8398715723497565,2.4666508400412877,25.20821419913668,3706.8099659350055
3110,311.0000000000022,43.80624863971329,34.00099077995467,9.805257854432375,3706.899087453423,25.270641314388342,125.31767130833768,125.31767200000003,13.245371307023959,0.1,9.820131526948437,3715.122184732618,34.0,25.238284966036797,3709.610926640928,5.849485623699617,2.4714197425442537,5.840100000000012,2.467000000000001,102.38717343142842,48.64651094705316,32.67633101442812,0.4751230971292815,0.6717096535452055,13.151519838217375,43.82013152694844,34.014714545702226,5.841037046089538,2.465529992262317,25.17121509866022,3706.7688667336815
3111,311.10000000000224,43.806248638262915,34.00099078120626,9.80525785245412,3706.8990855818756,25.270641314790353,125.31767140232142,125.31767200000003,13.245371296778355,0.1,9.821331670402905,3715.122184732618,34.0,25.238284966036797,3709.610926640928,5.849485623699617,2.4714197425442537,5.840100000000012,2.467000000000001,102.38717341131122,48.64651095897555,32.67633098915221,0.47512309733907865,0.6717096528609983,13.289367543163447,43.821331670402905,33.97544523073423,5.839043050489496,2.4663219103092713,25.2472215110581,3706.927301831419
3112,311.20000000000226,43.8062486370096,34.00099078228781,9.805257850744674,3706.899083964636,25.27064131513774,125.31767148353457,125.31767200000003,13.24537128792494,0.1,9.776867073543478,3715.122184732618,34.0,25.220709879165724,3706.4136289443513,5.849485623699617,2.4714197425442537,5.840100000000012,2.467000000000001,102.38717339392757,48.64651096927789,32.67633096731084,0.47512309752036813,0.6717096522697625,13.171580492692431,43.77686707354348,33.9809831851629,5.840135573022216,2.4682034414712355,25.255496113817273,3706.828555710897
3113,311.3000000000023,43.80624863592658,34.000990783222385,9.805257849267512,3706.899082567148,25.270641315437924,125.31767155371244,125.31767200000003,13.24537128027453,0.1,9.815227796088521,3715.122184732618,34.0,25.220709879165724,3706.4136289443513,5.849485623699617,2.4714197425442537,5.840100000000012,2.467000000000001,102.38717337890607,48.646510978180366,32.676330948437275,0.4751230976770239,0.6717096517588638,13.32117722839927,43.81522779608852,34.03179009326867,5.8376662143597375,2.46713422261496,25.476824022460885,3706.8341230866918
3114,311.4000000000023,43.80624863499074,34.00099078402997,9.805257847991069,3706.8990813595524,25.270641315697315,125.31767161435447,125.31767200000003,13.245371273663668,0.1,9.832342888062065,3715.122184732618,34.0,25.220709879165724,3706.4136289443513,5.849485623699617,2.4714197425442537,5.840100000000012,2.467000000000001,102.38717336592569,48.646510985873164,32.67633093212828,0.47512309781239315,0.6717096513173866,13.257145220505175,43.832342888062065,34.00608021708274,5.841636337406088,2.466034994205401,25.278826837525266,3706.9921110433493
3115,311.50000000000233,43.806248634182055,34.00099078472781,9.805257846888065,3706.899080316046,25.27064131592146,125.31767166675634,125.31767200000003,13.245371267951096,0.1,9.788049412187831,3715.122184732618,34.0,25.220709879165724,3706.4136289443513,5.845538711718976,2.470145445791234,5.840100000000012,2.467000000000001,102.38717335470906,48.64651099252063,32.67633091803537,0.4751230979293682,0.6717096509358982,13.229219046079063,43.78804941218783,33.94442604338281,5.840370791434702,2.4692178514195495,25.264463475511867,3706.658267353959
3116,311.60000000000235,43.806248633483264,34.000990785330835,9.805257845934939,3706.8990794143324,25.270641316115146,125.3176717120378,125.31767200000003,13.245371263014754,0.1,9.772367154920474,3715.122184732618,34.0,25.220709879165724,3706.4136289443513,5.845538711718976,2.470145445791234,5.840100000000012,2.467000000000001,102.38717334501654,48.646510998264844,32.67633090585741,0.4751230980304488,0.6717096506062467,13.260628212694698,43.772367154920474,33.955010453539046,5.841534928968782,2.4654622745307964,25.338274332431276,3706.851390351349
3117,311.7000000000024,43.80624863287943,34.000990785851904,9.805257845111322,3706.899078635144,25.270641316282514,125.31767175116634,125.31767200000003,13.245371258749167,0.1,9.818089073637054,3715.122184732618,34.0,25.279800340184746,3709.356976045035,5.845538711718976,2.470145445791234,5.840100000000012,2.467000000000001,102.38717333664103,48.64651100322851,32.6763308953342,0.47512309811779435,0.6717096503213885,13.269523107057937,43.818089073637054,33.92987401450029,5.84034467065302,2.467471359673803,25.2513902054284,3706.7744892179276
3118,311.8000000000024,43.80624863235764,34.00099078630218,9.805257844399621,3706.899077961833,25.270641316427145,125.31767178497807,125.31767200000003,13.24537125506319,0.1,9.830407307763238,3715.122184732618,34.0,25.279800340184746,3709.356976045035,5.845538711718976,2.470145445791234,5.840100000000012,2.467000000000001,102.38717332940364,48.64651100751772,32.676330886240905,0.47512309819327114,0.6717096500752373,13.329306915168651,43.83040730776324,33.98524791959827,5.841571496513258,2.4670533092778792,25.41467790211475,3707.0543424235216
3119,311.9000000000024,43.80624863190674,34.00099078669128,9.80525784378463,3706.899077380012,25.270641316552123,125.3176718141955,125.31767200000003,13.245371251878069,0.1,9.767336279637817,3715.122184732618,34.0,25.279800340184746,3709.356976045035,5.845538711718976,2.470145445791234,5.840100000000012,2.467000000000001,102.38717332314971,48.64651101122411,32.67633087838321,0.475123098258492,0.6717096498625331,13.249372711399666,43.76733627963782,34.00047214787451,5.840415808140414,2.465957881123687,25.322879602722285,3707.0375457031996
3120,312.00000000000244,43.80624863151711,34.00099078702751,9.805257843253205,3706.899076877249,25.270641316660118,125.31767183944284,125.31767200000003,13.245371249125746,0.1,9.792763404738743,3715.122184732618,34.0,25.279800340184746,3709.356976045035,5.842812002347698,2.4690015183563503,5.840100000000012,2.467000000000001,102.38717331774555,48.6465110144269,32.67633087159323,0.4751230983148509,0.6717096496787311,13.215448621026125,43.79276340473874,33.9914655977474,5.840648546136043,2.4672959422266136,25.253503443068993,3706.940446819141
3121,312.10000000000247,43.806248631180424,34.00099078731805,9.80525784279399,3706.8990764428027,25.270641316753437,125.31767186125953,125.31767200000003,13.24537124674741,0.1,9.8326782718446,3715.122184732618,34.0,25.279800340184746,3709.356976045035,5.842812002347698,2.4690015183563503,5.840100000000012,2.467000000000001,102.3871733130757,48.64651101719448,32.67633086572587,0.47512309836355165,0.6717096495199044,13.229828420672316,43.8326782718446,34.018508673240845,5.840517240031532,2.4669960200185,25.224970960505466,3706.997955257218
3122,312.2000000000025,43.806248630889485,34.000990787569116,9.805257842397172,3706.899076067389,25.270641316834077,125.31767188011172,125.31767200000003,13.245371244692244,0.1,9.779442424580921,3715.122184732618,34.0,25.26180597613437,3713.4186213508265,5.842812002347698,2.4690015183563503,5.840100000000012,2.467000000000001,102.3871733090404,48.646511019585986,32.67633086065578,0.47512309840563477,0.6717096493826594,13.282276302101174,43.77944242458092,33.94552695109904,5.839680164249431,2.466257152892343,25.265508659630413,3706.8943076107466
3123,312.3000000000025,43.806248630638095,34.00099078778606,9.805257842054274,3706.899075742987,25.270641316903756,125.31767189640226,125.31767200000003,13.245371242916338,0.1,9.765906367923456,3715.122184732618,34.0,25.26180597613437,3713.4186213508265,5.842812002347698,2.4690015183563503,5.840100000000012,2.467000000000001,102.3871733055534,48.64651102165253,32.67633085627462,0.4751230984419997,0.6717096492640635,13.156702170098162,43.765906367923456,33.99712742220207,5.840277633976642,2.4671970559018153,25.323034303952557,3706.952790683972
3124,312.40000000000254,43.80624863042085,34.000990787973514,9.805257841757967,3706.8990754626648,25.270641316963967,125.31767191047919,125.31767200000003,13.245371241381743,0.1,9.767581247206756,3715.122184732618,34.0,25.26180597613437,3713.4186213508265,5.842812002347698,2.4690015183563503,5.840100000000012,2.467000000000001,102.3871733025402,48.64651102343826,32.676330852488775,0.4751230984734232,0.6717096491615826,13.17834391923543,43.767581247206756,33.98881398663806,5.840088531642981,2.4688282362812184,25.285502098455243,3706.678698991501
3125,312.50000000000256,43.80624863023314,34.0009907881355,9.805257841501923,3706.899075220433,25.270641317016,125.31767192264334,125.31767200000003,13.245371240055668,0.1,9.852113274487756,3715.122184732618,34.0,25.26180597613437,3713.4186213508265,5.844518938316859,2.4677653013614487,5.840100000000012,2.467000000000001,102.38717329993645,48.64651102498134,32.676330849217344,0.4751230985005769,0.6717096490730268,13.130724842893951,43.852113274487756,34.049193215103045,5.839451756944707,2.4665939418483345,25.42143813658137,3706.9349460134267
3126,312.6000000000026,43.806248630070925,34.00099078827549,9.805257841280673,3706.899075011116,25.270641317060964,125.31767193315467,125.31767200000003,13.245371238909783,0.1,9.804704303738959,3715.122184732618,34.0,25.26180597613437,3713.4186213508265,5.844518938316859,2.4677653013614487,5.840100000000012,2.467000000000001,102.38717329768653,48.64651102631477,32.67633084639045,0.47512309852404094,0.6717096489965039,13.193021804170733,43.80470430373896,34.0142991455385,5.838442848277962,2.468367852417867,25.13972046364726,3706.843753428766
3127,312.7000000000026,43.80624862993075,34.00099078839645,9.805257841089487,3706.8990748302413,25.270641317099816,125.31767194223771,125.31767200000003,13.245371237919603,0.1,9.798377758386742,3715.122184732618,34.0,25.23845071368979,3714.100017338495,5.844518938316859,2.4677653013614487,5.840100000000012,2.467000000000001,102.38717329574233,48.646511027467014,32.676330843947675,0.4751230985443167,0.6717096489303789,13.273888814011196,43.79837775838674,34.01790628135905,5.841216310714269,2.4670144101752665,25.22230622888177,3707.0063111982
3128,312.8000000000026,43.806248629809616,34.00099078850098,9.805257840924279,3706.899074673944,25.27064131713339,125.31767195008652,125.31767200000003,13.24537123706397,0.1,9.764641139587084,3715.122184732618,34.0,25.23845071368979,3714.100017338495,5.844518938316859,2.4677653013614487,5.840100000000012,2.467000000000001,102.3871732940623,48.64651102846268,32.67633084183683,0.4751230985618374,0.6717096488732393,13.309542676450796,43.764641139587084,34.01215823209608,5.841229848666879,2.4691859516670585,25.38582657359277,3706.8829352665384
3129,312.90000000000265,43.80624862970495,34.000990788591295,9.80525784078152,3706.8990745388846,25.2706413171624,125.31767195686882,125.31767200000003,13.245371236324601,0.1,9.787535696784062,3715.122184732618,34.0,25.23845071368979,3714.100017338495,5.844518938316859,2.4677653013614487,5.840100000000012,2.467000000000001,102.38717329261056,48.64651102932306,32.6763308400128,0.47512309857697727,0.6717096488238636,13.216110911072887,43.78753569678406,34.02357624028644,5.841379832780976,2.468883383680825,25.192956262269036,3706.8307658334775
3130,313.0000000000027,43.8062486296145,34.00099078866935,9.80525784065816,3706.8990744221774,25.27064131718747,125.31767196272955,125.31767200000003,13.245371235685695,0.1,9.796263152470956,3715.122184732618,34.0,25.23845071368979,3714.100017338495,5.847537249492846,2.466543642573491,5.840100000000012,2.467000000000001,102.38717329135608,48.646511030066534,32.67633083843663,0.47512309859006,0.6717096487811972,13.215508912696665,43.79626315247096,34.04093184417795,5.838896455004498,2.4671927194741508,25.274191422358914,3706.9704234974342
3131,313.1000000000027,43.806248629536356,34.00099078873679,9.80525784055156,3706.8990743213285,25.27064131720913,125.31767196779387,125.31767200000003,13.245371235133607,0.1,9.77782575183776,3715.122184732618,34.0,25.23845071368979,3714.100017338495,5.847537249492846,2.466543642573491,5.840100000000012,2.467000000000001,102.38717329027205,48.646511030708965,32.67633083707462,0.4751230986013649,0.6717096487443286,13.266939026881351,43.77782575183776,34.03716103776158,5.838817471738351,2.4673169221627886,25.38299630878055,3706.920460414517
3132,313.2000000000027,43.806248629468826,34.000990788795065,9.805257840459443,3706.899074234183,25.27064131722785,125.31767197217005,125.31767200000003,13.245371234656542,0.1,9.844094668159421,3715.122184732618,34.0,25.24612032202688,3713.8256873382716,5.847537249492846,2.466543642573491,5.840100000000012,2.467000000000001,102.38717328933531,48.646511031264104,32.6763308358977,0.4751230986111338,0.6717096487124699,13.254541801331653,43.84409466815942,34.01797258810197,5.840705848533743,2.465809621126426,25.329762534474145,3707.1056294914033
3133,313.30000000000274,43.80624862941046,34.00099078884543,9.805257840379847,3706.8990741588786,25.270641317244024,125.31767197595161,125.31767200000003,13.245371234244296,0.1,9.824122393847183,3715.122184732618,34.0,25.24612032202688,3713.8256873382716,5.847537249492846,2.466543642573491,5.840100000000012,2.467000000000001,102.38717328852587,48.64651103174381,32.67633083488069,0.4751230986195752,0.6717096486849399,13.197386627779274,43.82412239384718,34.01163102002316,5.841908261038851,2.4672373624597745,25.408026074532323,3706.6787948105057
3134,313.40000000000276,43.80624862936004,34.00099078888894,9.805257840311064,3706.8990740938066,25.270641317258,125.31767197921933,125.31767200000003,13.245371233888065,0.1,9.826532727554202,3715.122184732618,34.0,25.24612032202688,3713.8256873382716,5.847537249492846,2.466543642573491,5.840100000000012,2.467000000000001,102.3871732878264,48.64651103215834,32.67633083400187,0.47512309862686963,0.6717096486611507,13.239395831010144,43.8265327275542,33.9985300193943,5.840201247703518,2.46703493969221,25.346101089695185,3706.903623379767
3135,313.5000000000028,43.80624862931646,34.00099078892654,9.805257840251627,3706.8990740375766,25.27064131727008,125.31767198204302,125.31767200000003,13.24537123358024,0.1,9.813861827623036,3715.122184732618,34.0,25.24612032202688,3713.8256873382716,5.849506359093486,2.465302493347501,5.840100000000012,2.467000000000001,102.38717328722198,48.646511032516536,32.67633083324247,0.47512309863317287,0.6717096486405941,13.28214039545498,43.813861827623036,34.02063708279247,5.839759885303923,2.4667733042056845,25.21409791402005,3706.939546334083
3136,313.6000000000028,43.8062486292788,34.00099078895904,9.805257840200268,3706.8990739889873,25.270641317280518,125.31767198448306,125.31767200000003,13.245371233314241,0.1,9.840425865807752,3715.122184732618,34.0,25.24612032202688,3713.8256873382716,5.849506359093486,2.465302493347501,5.840100000000012,2.467000000000001,102.3871732866997,48.64651103282607,32.676330832586245,0.4751230986386197,0.6717096486228304,13.190377044069013,43.84042586580775,34.004622121119326,5.839787599282315,2.468361135994747,25.321040658926595,3707.0382324137818
3137,313.70000000000283,43.80624862924627,34.000990788987124,9.805257840155889,3706.8990739470005,25.270641317289538,125.31767198659153,125.31767200000003,13.245371233084388,0.1,9.789194777993963,3715.122184732618,34.0,25.230982292426056,3712.2270215701506,5.849506359093486,2.465302493347501,5.840100000000012,2.467000000000001,102.38717328624841,48.646511033093546,32.6763308320192,0.4751230986433263,0.6717096486074806,13.239096678967073,43.78919477799396,34.00184361340359,5.8416095328376345,2.467183114719994,25.1753928622163,3706.752781015629
3138,313.80000000000285,43.806248629218146,34.00099078901139,9.805257840117541,3706.899073910719,25.270641317297333,125.31767198841352,125.31767200000003,13.24537123288577,0.1,9.804879864513289,3715.122184732618,34.0,25.230982292426056,3712.2270215701506,5.849506359093486,2.465302493347501,5.840100000000012,2.467000000000001,102.38717328585845,48.64651103332469,32.67633083152921,0.47512309864739344,0.6717096485942166,13.294668922180911,43.80487986451329,34.03446120491313,5.841062683048479,2.467823920068809,25.11340824256955,3707.095187240803
3139,313.9000000000029,43.806248629193846,34.00099078903236,9.805257840084401,3706.8990738793673,25.270641317304065,125.31767198998793,125.31767200000003,13.245371232714138,0.1,9.822663315186247,3715.122184732618,34.0,25.230982292426056,3712.2270215701506,5.849506359093486,2.465302493347501,5.840100000000012,2.467000000000001,102.38717328552144,48.64651103352442,32.676330831105794,0.475123098650908,0.6717096485827548,13.249308382402708,43.82266331518625,33.95184520995514,5.84048366734838,2.4669810526388214,25.22506350476257,3706.854788636446
3140,314.0000000000029,43.806248629172856,34.00099078905047,9.805257840055765,3706.8990738522757,25.270641317309884,125.31767199134836,125.31767200000003,13.245371232565827,0.1,9.775444979039506,3715.122184732618,34.0,25.230982292426056,3712.2270215701506,5.850998613487917,2.4640457710822807,5.840100000000012,2.467000000000001,102.38717328523022,48.64651103369699,32.67633083073991,0.4751230986539449,0.6717096485728506,13.226673704131235,43.775444979039506,34.038803373274476,5.840963129219637,2.4669585650028942,25.283950292862325,3706.8522414112035
3141,314.1000000000029,43.80624862915471,34.00099078906613,9.805257840031018,3706.8990738288653,25.27064131731491,125.31767199252396,125.31767200000003,13.24537123243767,0.1,9.796454198352471,3715.122184732618,34.0,25.230982292426056,3712.2270215701506,5.850998613487917,2.4640457710822807,5.840100000000012,2.467000000000001,102.38717328497857,48.64651103384612,32.676330830423744,0.47512309865656915,0.6717096485642923,13.161937784320871,43.79645419835247,34.00897868098096,5.840834509341036,2.468219950990129,25.21345619158981,3706.8043993680485
3142,314.20000000000294,43.806248629139034,34.00099078907965,9.805257840009634,3706.899073808636,25.270641317319257,125.31767199353979,125.31767200000003,13.245371232326928,0.1,9.826106055380684,3715.122184732618,34.0,25.246054308269038,3711.559948694057,5.850998613487917,2.4640457710822807,5.840100000000012,2.467000000000001,102.3871732847611,48.646511033974974,32.67633083015055,0.47512309865883684,0.6717096485568971,13.241883592523687,43.826106055380684,33.997286271928,5.839531496610649,2.4679563498340586,25.293940235889444,3706.899886740657
3143,314.30000000000297,43.80624862912549,34.00099078909135,9.805257839991157,3706.8990737911554,25.27064131732301,125.31767199441762,125.31767200000003,13.245371232231232,0.1,9.786510943663409,3715.122184732618,34.0,25.246054308269038,3711.559948694057,5.850998613487917,2.4640457710822807,5.840100000000012,2.467000000000001,102.3871732845732,48.64651103408633,32.67633082991446,0.47512309866079644,0.6717096485505064,13.263389434017894,43.78651094366341,34.03767512186202,5.838773022919445,2.46692239493214,25.275255857442446,3706.9057105541815
3144,314.400000000003,43.80624862911378,34.000990789101444,9.80525783997519,3706.89907377605,25.270641317326255,125.31767199517617,125.31767200000003,13.245371232148539,0.1,9.753812903261512,3715.122184732618,34.0,25.246054308269038,3711.559948694057,5.850998613487917,2.4640457710822807,5.840100000000012,2.467000000000001,102.38717328441085,48.64651103418256,32.67633082971046,0.47512309866248964,0.6717096485449842,13.2304529695514,43.75381290326151,34.00575090922774,5.839180882027221,2.4664016986163135,25.198246057033913,3706.73649456657
3145,314.500000000003,43.80624862910368,34.00099078911017,9.805257839961392,3706.8990737629974,25.27064131732906,125.31767199583163,125.31767200000003,13.245371232077083,0.1,9.75579607578441,3715.122184732618,34.0,25.246054308269038,3711.559948694057,5.850990203782096,2.4628022986128855,5.840100000000012,2.467000000000001,102.38717328427053,48.64651103426571,32.67633082953418,0.47512309866395286,0.6717096485402123,13.247475256502494,43.75579607578441,33.99441603287422,5.8395371135444964,2.4669106376932324,25.39070937408273,3706.8488876574997
3146,314.60000000000304,43.80624862909494,34.00099078911771,9.805257839949471,3706.8990737517183,25.27064131733148,125.31767199639802,125.31767200000003,13.245371232015337,0.1,9.766742928871267,3715.122184732618,34.0,25.246054308269038,3711.559948694057,5.850990203782096,2.4628022986128855,5.840100000000012,2.467000000000001,102.3871732841493,48.64651103433756,32.67633082938185,0.4751230986652172,0.6717096485360888,13.126718137504316,43.76674292887127,33.978160977605,5.84019962306824,2.466979093758829,25.37980342043917,3706.887359465289
3147,314.70000000000306,43.80624862908738,34.00099078912423,9.805257839939168,3706.8990737419717,25.270641317333578,125.31767199688746,125.31767200000003,13.245371231961979,0.1,9.844537650473598,3715.122184732618,34.0,25.266494055833036,3713.5268361114395,5.850990203782096,2.4628022986128855,5.840100000000012,2.467000000000001,102.38717328404454,48.64651103439964,32.67633082925021,0.47512309866630964,0.6717096485325257,13.256118389134373,43.8445376504736,33.965784147791,5.838007782082457,2.46660431863043,25.283753064780996,3706.833118801684
3148,314.8000000000031,43.80624862908084,34.000990789129865,9.805257839930269,3706.8990737335494,25.270641317335386,125.31767199731044,125.31767200000003,13.245371231915872,0.1,9.852996415131706,3715.122184732618,34.0,25.266494055833036,3713.5268361114395,5.850990203782096,2.4628022986128855,5.840100000000012,2.467000000000001,102.38717328395404,48.64651103445331,32.67633082913647,0.47512309866725383,0.6717096485294464,13.243060540365029,43.852996415131706,34.05857759300631,5.839301622666263,2.4665354025677306,25.21836597289802,3706.8644385408643
3149,314.9000000000031,43.80624862907521,34.00099078913473,9.805257839922575,3706.8990737262716,25.27064131733695,125.3176719976759,125.31767200000003,13.245371231876032,0.1,9.867976032274775,3715.122184732618,34.0,25.266494055833036,3713.5268361114395,5.850990203782096,2.4628022986128855,5.840100000000012,2.467000000000001,102.38717328387581,48.64651103449967,32.676330829038186,0.4751230986680696,0.6717096485267859,13.20127649349783,43.867976032274775,33.96552905825814,5.838660870597136,2.466047286344271,25.17238501765304,3706.7227152216124
3150,315.0000000000031,43.80624862907034,34.00099078913894,9.805257839915928,3706.899073719983,25.2706413173383,125.31767199799171,125.31767200000003,13.245371231841602,0.1,9.805988861622822,3715.122184732618,34.0,25.266494055833036,3713.5268361114395,5.852944070959,2.4616031360240753,5.840100000000012,2.467000000000001,102.3871732838082,48.646511034539735,32.67633082895325,0.4751230986687747,0.6717096485244867,13.195375919882022,43.80598886162282,34.04574658105526,5.839426224474946,2.465917715070394,25.152930825006845,3706.9836438104508
3151,315.10000000000315,43.80624862906612,34.00099078914257,9.805257839910182,3706.8990737145486,25.270641317339468,125.31767199826459,125.31767200000003,13.245371231811855,0.1,9.832384461389275,3715.122184732618,34.0,25.266494055833036,3713.5268361114395,5.852944070959,2.4616031360240753,5.840100000000012,2.467000000000001,102.38717328374976,48.64651103457434,32.67633082887986,0.47512309866938385,0.6717096485225004,13.24070169531918,43.832384461389275,33.9231195284079,5.839665901435727,2.467191355522584,25.37852958261872,3706.913866068143
3152,315.2000000000032,43.80624862906248,34.00099078914572,9.80525783990522,3706.899073709853,25.270641317340477,125.31767199850042,125.31767200000003,13.245371231786148,0.1,9.821025645431675,3715.122184732618,34.0,25.226764398677496,3711.0341139391876,5.852944070959,2.4616031360240753,5.840100000000012,2.467000000000001,102.38717328369931,48.646511034604266,32.67633082881644,0.47512309866991026,0.6717096485207833,13.199649135790327,43.821025645431675,34.0184515301644,5.839524265034529,2.4697470992287647,25.287891620395342,3706.8085993365353
3153,315.3000000000032,43.80624862905934,34.00099078914843,9.805257839900932,3706.899073705795,25.270641317341347,125.3176719987042,125.31767200000003,13.245371231763933,0.1,9.770111542099173,3715.122184732618,34.0,25.226764398677496,3711.0341139391876,5.852944070959,2.4616031360240753,5.840100000000012,2.467000000000001,102.3871732836557,48.64651103463012,32.676330828761635,0.4751230986703652,0.6717096485192997,13.207631640330204,43.77011154209917,33.95842278205421,5.83976289049099,2.4665881871681785,25.4065267909699,3707.0126254738657
3154,315.4000000000032,43.806248629056626,34.00099078915077,9.805257839897225,3706.8990737022887,25.2706413173421,125.31767199888026,125.31767200000003,13.245371231744738,0.1,9.764355451500009,3715.122184732618,34.0,25.226764398677496,3711.0341139391876,5.852944070959,2.4616031360240753,5.840100000000012,2.467000000000001,102.387173283618,48.64651103465245,32.67633082871428,0.4751230986707582,0.671709648518018,13.200451679949161,43.76435545150001,34.06285787446245,5.841178731873008,2.467383709398327,25.24241435322148,3707.0320166279603
3155,315.50000000000324,43.80624862905427,34.000990789152794,9.805257839894022,3706.8990736992587,25.27064131734275,125.31767199903241,125.31767200000003,13.24537123172815,0.1,9.836754760144487,3715.122184732618,34.0,25.226764398677496,3711.0341139391876,5.85236131531531,2.4603188131141365,5.840100000000012,2.467000000000001,102.38717328358544,48.64651103467175,32.67633082867336,0.47512309867109775,0.6717096485169103,13.176464696214648,43.83675476014449,34.03173483892167,5.839198128819911,2.466517117633611,25.184645073168465,3706.806317326951
3156,315.60000000000326,43.80624862905225,34.00099078915455,9.805257839891253,3706.8990736966402,25.270641317343312,125.31767199916389,125.31767200000003,13.245371231713818,0.1,9.838602951910246,3715.122184732618,34.0,25.226764398677496,3711.0341139391876,5.85236131531531,2.4603188131141365,5.840100000000012,2.467000000000001,102.38717328355726,48.64651103468842,32.676330828638,0.47512309867139135,0.6717096485159533,13.26285371206646,43.83860295191025,33.93459839068261,5.839939423908059,2.466394256589467,25.28222355158183,3707.0688382792537
3157,315.7000000000033,43.8062486290505,34.00099078915606,9.80525783988886,3706.899073694378,25.2706413173438,125.3176719992775,125.31767200000003,13.24537123170143,0.1,9.818855295719693,3715.122184732618,34.0,25.257440944052032,3709.61572831251,5.85236131531531,2.4603188131141365,5.840100000000012,2.467000000000001,102.38717328353292,48.64651103470283,32.67633082860744,0.4751230986716451,0.671709648515126,13.201462872063471,43.81885529571969,33.933428982365065,5.840759180046879,2.4679845720632048,25.266459186446358,3706.9513730224357
3158,315.8000000000033,43.80624862904898,34.00099078915736,9.805257839886794,3706.899073692423,25.270641317344218,125.31767199937568,125.31767200000003,13.24537123169073,0.1,9.723820822189644,3715.122184732618,34.0,25.257440944052032,3709.61572831251,5.85236131531531,2.4603188131141365,5.840100000000012,2.467000000000001,102.38717328351191,48.646511034715296,32.676330828581044,0.47512309867186425,0.6717096485144113,13.199026628507276,43.723820822189644,33.99928061197403,5.840227321749776,2.467157612137949,25.27690589659206,3707.055249621526
3159,315.90000000000333,43.80624862904767,34.0009907891585,9.805257839885009,3706.8990736907335,25.27064131734458,125.31767199946049,125.31767200000003,13.245371231681482,0.1,9.773586373795922,3715.122184732618,34.0,25.257440944052032,3709.61572831251,5.85236131531531,2.4603188131141365,5.840100000000012,2.467000000000001,102.38717328349377,48.64651103472604,32.67633082855823,0.47512309867205343,0.671709648513794,13.264475146884175,43.77358637379592,34.059856121248814,5.841425377457029,2.4664396012995815,25.215284729373803,3706.8074798448365
3160,316.00000000000335,43.806248629046536,34.000990789159474,9.805257839883465,3706.899073689274,25.270641317344893,125.3176719995338,125.31767200000003,13.245371231673488,0.1,9.819933642765754,3715.122184732618,34.0,25.257440944052032,3709.61572831251,5.847451089390777,2.4590782872761405,5.840100000000012,2.467000000000001,102.38717328347806,48.64651103473535,32.67633082853851,0.4751230986722172,0.6717096485132601,13.243591415633398,43.819933642765754,33.970448267583365,5.839254687271133,2.4670990611147188,25.246966993485522,3706.767299536183
3161,316.1000000000034,43.80624862904557,34.00099078916031,9.805257839882131,3706.8990736880123,25.270641317345163,125.31767199959712,125.31767200000003,13.245371231666585,0.1,9.81516503425545,3715.122184732618,34.0,25.257440944052032,3709.61572831251,5.847451089390777,2.4590782872761405,5.840100000000012,2.467000000000001,102.38717328346448,48.64651103474337,32.67633082852148,0.4751230986723586,0.6717096485127992,13.361072123454313,43.81516503425545,33.96594058175562,5.840055241054983,2.4666877270165926,25.26793718631417,3706.761384389176
3162,316.2000000000034,43.80624862904473,34.00099078916104,9.805257839880978,3706.8990736869223,25.270641317345397,125.31767199965185,125.31767200000003,13.245371231660616,0.1,9.86100345498992,3715.122184732618,34.0,25.2898070759722,3716.2093258990744,5.847451089390777,2.4590782872761405,5.840100000000012,2.467000000000001,102.38717328345278,48.64651103475031,32.67633082850676,0.47512309867248065,0.6717096485124008,13.346599621242179,43.86100345498992,33.99484812284341,5.840794276965683,2.468106687793296,25.318451004009848,3706.8749684083155
3163,316.3000000000034,43.80624862904399,34.00099078916167,9.805257839879982,3706.89907368598,25.270641317345603,125.31767199969916,125.31767200000003,13.245371231655461,0.1,9.797251799823137,3715.122184732618,34.0,25.2898070759722,3716.2093258990744,5.847451089390777,2.4590782872761405,5.840100000000012,2.467000000000001,102.38717328344265,48.64651103475631,32.67633082849404,0.47512309867258623,0.6717096485120565,13.230910784840365,43.79725179982314,34.01400605718362,5.839371771545684,2.464259971499595,25.415909698541817,3706.8611524637754
3164,316.40000000000344,43.80624862904335,34.00099078916222,9.805257839879125,3706.899073685166,25.27064131734578,125.3176719997401,125.31767200000003,13.245371231651003,0.1,9.892070445148015,3715.122184732618,34.0,25.2898070759722,3716.2093258990744,5.847451089390777,2.4590782872761405,5.840100000000012,2.467000000000001,102.38717328343395,48.64651103476152,32.67633082848304,0.4751230986726775,0.6717096485117585,13.170196231496776,43.892070445148015,33.96659831725591,5.839172233827428,2.4663347852367883,25.25169414043198,3706.8931849307482
3165,316.50000000000347,43.8062486290428,34.00099078916271,9.805257839878385,3706.8990736844626,25.270641317345934,125.31767199977547,125.31767200000003,13.245371231647152,0.1,9.7817421189552,3715.122184732618,34.0,25.2898070759722,3716.2093258990744,5.845477961536246,2.457899642006268,5.840100000000012,2.467000000000001,102.38717328342643,48.646511034766014,32.67633082847354,0.47512309867275626,0.6717096485115011,13.373649835747928,43.7817421189552,33.98164213003021,5.838535185218071,2.4669386618320104,25.325352684823326,3706.9640957427723
3166,316.6000000000035,43.806248629042315,34.00099078916311,9.805257839877743,3706.899073683855,25.270641317346062,125.31767199980602,125.31767200000003,13.245371231643823,0.1,9.788170996060877,3715.122184732618,34.0,25.2898070759722,3716.2093258990744,5.845477961536246,2.457899642006268,5.840100000000012,2.467000000000001,102.38717328341991,48.64651103476991,32.676330828465325,0.4751230986728246,0.6717096485112785,13.228368743410195,43.78817099606088,34.01009268790744,5.838478153590362,2.465968263615216,25.31887503488212,3706.947508237476
3167,316.7000000000035,43.80624862904192,34.00099078916345,9.805257839877186,3706.8990736833302,25.270641317346172,125.31767199983234,125.31767200000003,13.245371231640949,0.1,9.796249963044318,3715.122184732618,34.0,25.2097191375184,3711.504268056167,5.845477961536246,2.457899642006268,5.840100000000012,2.467000000000001,102.38717328341421,48.64651103477323,32.676330828458234,0.4751230986728835,0.6717096485110868,13.166732529602978,43.79624996304432,34.01329689828502,5.840150862200474,2.46732828779415,25.231682660176748,3706.873669457515
3168,316.80000000000354,43.806248629041576,34.00099078916375,9.805257839876704,3706.8990736828764,25.270641317346268,125.31767199985508,125.31767200000003,13.245371231638469,0.1,9.864844326484132,3715.122184732618,34.0,25.2097191375184,3711.504268056167,5.845477961536246,2.457899642006268,5.840100000000012,2.467000000000001,102.38717328340931,48.646511034776104,32.676330828452116,0.4751230986729343,0.6717096485109214,13.231660335002518,43.86484432648413,34.01175301601361,5.839530833770882,2.467028232590192,25.281559287220215,3706.903815509784
3169,316.90000000000356,43.80624862904128,34.000990789164014,9.805257839876289,3706.8990736824844,25.270641317346353,125.31767199987475,125.31767200000003,13.24537123163632,0.1,9.818698258474093,3715.122184732618,34.0,25.2097191375184,3711.504268056167,5.845477961536246,2.457899642006268,5.840100000000012,2.467000000000001,102.3871732834051,48.646511034778605,32.676330828446815,0.47512309867297825,0.6717096485107779,13.234934202854049,43.81869825847409,34.027585780471256,5.840027256910546,2.4674875794405704,25.18785111381344,3706.804214252061
3170,317.0000000000036,43.80624862904101,34.00099078916424,9.805257839875932,3706.8990736821456,25.270641317346428,125.31767199989177,125.31767200000003,13.245371231634465,0.1,9.818588600325043,3715.122184732618,34.0,25.2097191375184,3711.504268056167,5.847857569906496,2.4566087855140437,5.840100000000012,2.467000000000001,102.38717328340147,48.64651103478076,32.67633082844224,0.47512309867301616,0.6717096485106541,13.288569801139085,43.81858860032504,33.99911701318064,5.840610763102226,2.4673590642231575,25.29872404676306,3706.7903748993785
3171,317.1000000000036,43.80624862904078,34.00099078916444,9.805257839875624,3706.8990736818528,25.27064131734649,125.3176719999065,125.31767200000003,13.245371231632863,0.1,9.822120192548894,3715.122184732618,34.0,25.2097191375184,3711.504268056167,5.847857569906496,2.4566087855140437,5.840100000000012,2.467000000000001,102.38717328339835,48.64651103478263,32.67633082843828,0.47512309867304886,0.6717096485105469,13.273600221638516,43.822120192548894,34.007467761756075,5.839696172804709,2.4667937734842575,25.267894676753812,3706.8076863995875
3172,317.2000000000036,43.80624862904058,34.00099078916461,9.805257839875358,3706.8990736815995,25.270641317346545,125.31767199991923,125.31767200000003,13.245371231631477,0.1,9.764973254933714,3715.122184732618,34.0,25.2264219027074,3709.5927763632067,5.847857569906496,2.4566087855140437,5.840100000000012,2.467000000000001,102.38717328339563,48.64651103478425,32.676330828434864,0.47512309867307734,0.6717096485104543,13.268144747356262,43.764973254933714,34.01615895166191,5.839570486401823,2.4677797739498817,25.33828743392064,3706.90003959464
3173,317.30000000000365,43.80624862904041,34.00099078916475,9.805257839875125,3706.8990736813807,25.27064131734659,125.3176719999302,125.31767200000003,13.24537123163028,0.1,9.80858877880862,3715.122184732618,34.0,25.2264219027074,3709.5927763632067,5.847857569906496,2.4566087855140437,5.840100000000012,2.467000000000001,102.38717328339327,48.64651103478564,32.676330828431915,0.4751230986731019,0.6717096485103745,13.227516049642444,43.80858877880862,34.028702619338425,5.839717383900314,2.4675395884636417,25.415258949050916,3706.8905073922115
3174,317.4000000000037,43.80624862904027,34.00099078916488,9.805257839874924,3706.8990736811916,25.27064131734663,125.31767199993968,125.31767200000003,13.245371231629246,0.1,9.780850994994275,3715.122184732618,34.0,25.2264219027074,3709.5927763632067,5.847857569906496,2.4566087855140437,5.840100000000012,2.467000000000001,102.38717328339122,48.64651103478683,32.676330828429364,0.475123098673123,0.6717096485103056,13.241562213872987,43.780850994994275,34.027662129498154,5.839564567090279,2.466709452649366,25.20665706498644,3707.01287217039
3175,317.5000000000037,43.806248629040155,34.00099078916499,9.80525783987475,3706.8990736810283,25.270641317346666,125.31767199994786,125.31767200000003,13.24537123162835,0.1,9.807545500524249,3715.122184732618,34.0,25.2264219027074,3709.5927763632067,5.8490276197087825,2.4553807843652327,5.840100000000012,2.467000000000001,102.38717328338946,48.64651103478787,32.676330828427155,0.47512309867314134,0.6717096485102458,13.159806310469385,43.80754550052425,33.97906360550116,5.840435755250081,2.4659462535798355,25.3316234027485,3706.815472315728
3176,317.6000000000037,43.80624862904004,34.00099078916508,9.805257839874601,3706.8990736808873,25.270641317346698,125.31767199995495,125.31767200000003,13.24537123162758,0.1,9.82113918281047,3715.122184732618,34.0,25.2264219027074,3709.5927763632067,5.8490276197087825,2.4553807843652327,5.840100000000012,2.467000000000001,102.38717328338794,48.64651103478877,32.67633082842525,0.4751230986731572,0.6717096485101942,13.25516937915812,43.82113918281047,34.004466502716795,5.839542617797442,2.4660698561657735,25.255902924276604,3706.9412306176237
3177,317.70000000000374,43.80624862903994,34.000990789165165,9.805257839874475,3706.8990736807655,25.270641317346726,125.31767199996109,125.31767200000003,13.245371231626912,0.1,9.857068238454133,3715.122184732618,34.0,25.29376327470085,3713.842805205823,5.8490276197087825,2.4553807843652327,5.840100000000012,2.467000000000001,102.38717328338666,48.64651103478956,32.6763308284236,0.4751230986731709,0.6717096485101495,13.313451578271646,43.85706823845413,33.95617302538526,5.840062000502264,2.467404832188364,25.114678129995756,3706.939162281291
3178,317.80000000000376,43.80624862903986,34.00099078916524,9.805257839874365,3706.89907368066,25.270641317346747,125.31767199996642,125.31767200000003,13.245371231626336,0.1,9.79820260720566,3715.122184732618,34.0,25.29376327470085,3713.842805205823,5.8490276197087825,2.4553807843652327,5.840100000000012,2.467000000000001,102.38717328338554,48.646511034790244,32.67633082842219,0.4751230986731827,0.671709648510111,13.347446798260558,43.79820260720566,34.00340342130925,5.8416226281450605,2.4689332251277936,25.231341732855537,3706.8320147706568
3179,317.9000000000038,43.806248629039786,34.0009907891653,9.805257839874267,3706.899073680569,25.270641317346765,125.31767199997097,125.31767200000003,13.245371231625835,0.1,9.804417699026246,3715.122184732618,34.0,25.29376327470085,3713.842805205823,5.8490276197087825,2.4553807843652327,5.840100000000012,2.467000000000001,102.38717328338454,48.64651103479081,32.67633082842095,0.4751230986731929,0.6717096485100776,13.19639980033027,43.804417699026246,33.973716104128236,5.8385408759249415,2.466688063363065,25.318238499582506,3707.060621404117
3180,318.0000000000038,43.80624862903973,34.00099078916535,9.805257839874182,3706.8990736804903,25.270641317346783,125.31767199997489,125.31767200000003,13.245371231625406,0.1,9.813787618588591,3715.122184732618,34.0,25.29376327470085,3713.842805205823,5.846271367785105,2.454202203538106,5.840100000000012,2.467000000000001,102.38717328338367,48.6465110347913,32.676330828419886,0.4751230986732017,0.671709648510049,13.181939289281374,43.81378761858859,33.97471474391951,5.840585355086791,2.466345135940946,25.283700169996212,3706.9733263796165
3181,318.10000000000383,43.80624862903967,34.0009907891654,9.80525783987411,3706.899073680422,25.270641317346797,125.31767199997833,125.31767200000003,13.245371231625032,0.1,9.798664546615065,3715.122184732618,34.0,25.29376327470085,3713.842805205823,5.846271367785105,2.454202203538106,5.840100000000012,2.467000000000001,102.38717328338295,48.64651103479174,32.67633082841897,0.47512309867320934,0.671709648510024,13.240206999644048,43.798664546615065,34.017799992726125,5.8398129276055375,2.4678161795812166,25.404870787752692,3706.978867143823
3182,318.20000000000385,43.80624862903963,34.000990789165435,9.805257839874049,3706.8990736803635,25.270641317346808,125.31767199998127,125.31767200000003,13.24537123162471,0.1,9.823544685154879,3715.122184732618,34.0,25.246571884043508,3715.7291509548327,5.846271367785105,2.454202203538106,5.840100000000012,2.467000000000001,102.38717328338231,48.64651103479211,32.67633082841817,0.47512309867321595,0.6717096485100026,13.27897925906156,43.82354468515488,34.02521637188272,5.8393257911901575,2.46659625873271,25.289863517913624,3706.763052069334
3183,318.3000000000039,43.8062486290396,34.00099078916546,9.805257839873994,3706.8990736803125,25.27064131734682,125.31767199998379,125.31767200000003,13.245371231624432,0.1,9.824055777095388,3715.122184732618,34.0,25.246571884043508,3715.7291509548327,5.846271367785105,2.454202203538106,5.840100000000012,2.467000000000001,102.38717328338174,48.646511034792425,32.676330828417484,0.4751230986732216,0.6717096485099842,13.171442456036912,43.82405577709539,34.01788410600173,5.8405762250289595,2.466148925495571,25.29824017719013,3706.985671198072
3184,318.4000000000039,43.80624862903956,34.00099078916549,9.805257839873946,3706.8990736802684,25.27064131734683,125.31767199998599,125.31767200000003,13.245371231624194,0.1,9.794356750713277,3715.122184732618,34.0,25.246571884043508,3715.7291509548327,5.846271367785105,2.454202203538106,5.840100000000012,2.467000000000001,102.38717328338126,48.646511034792695,32.6763308284169,0.4751230986732265,0.6717096485099684,13.273735334036825,43.79435675071328,33.96744202521027,5.841137056702275,2.46691974306559,25.217010633927536,3706.7751458038324
3185,318.5000000000039,43.80624862903953,34.00099078916552,9.805257839873907,3706.8990736802302,25.27064131734684,125.31767199998794,125.31767200000003,13.245371231623984,0.1,9.808488164987764,3715.122184732618,34.0,25.246571884043508,3715.7291509548327,5.848566623998382,2.4529463250662262,5.840100000000012,2.467000000000001,102.38717328338087,48.64651103479296,32.67633082841638,0.4751230986732309,0.6717096485099541,13.269448056980021,43.808488164987764,34.01144039427059,5.841389466146451,2.4671852284052735,25.26243961174659,3706.9071668649876
3186,318.60000000000394,43.8062486290395,34.00099078916555,9.805257839873875,3706.8990736801975,25.270641317346847,125.31767199998963,125.31767200000003,13.245371231623803,0.1,9.843756893315984,3715.122184732618,34.0,25.246571884043508,3715.7291509548327,5.848566623998382,2.4529463250662262,5.840100000000012,2.467000000000001,102.38717328338055,48.646511034793186,32.676330828415935,0.4751230986732346,0.6717096485099417,13.205115398851044,43.843756893315984,34.001764962089,5.838783926108733,2.4679197725061215,25.309221831907298,3706.82316641321
3187,318.70000000000397,43.80624862903947,34.00099078916557,9.805257839873844,3706.8990736801693,25.270641317346854,125.31767199999105,125.31767200000003,13.245371231623647,0.1,9.797982943580557,3715.122184732618,34.0,25.224076938342566,3712.33992712219,5.848566623998382,2.4529463250662262,5.840100000000012,2.467000000000001,102.38717328338025,48.64651103479336,32.67633082841555,0.4751230986732377,0.6717096485099314,13.210813709703334,43.79798294358056,34.00365120277509,5.839315104622283,2.466903193174667,25.21692324717951,3706.8910009939536
3188,318.800000000004,43.80624862903946,34.00099078916559,9.80525783987382,3706.899073680145,25.270641317346858,125.31767199999229,125.31767200000003,13.245371231623515,0.1,9.864304350046332,3715.122184732618,34.0,25.224076938342566,3712.33992712219,5.848566623998382,2.4529463250662262,5.840100000000012,2.467000000000001,102.38717328337998,48.64651103479353,32.676330828415225,0.47512309867324054,0.6717096485099224,13.263737425336096,43.86430435004633,34.04118477508427,5.839886009127856,2.4667929810171314,25.306934134799075,3706.6668159117476
3189,318.900000000004,43.806248629039445,34.0009907891656,9.805257839873796,3706.8990736801243,25.27064131734686,125.31767199999331,125.31767200000003,13.245371231623402,0.1,9.820127803828107,3715.122184732618,34.0,25.224076938342566,3712.33992712219,5.848566623998382,2.4529463250662262,5.840100000000012,2.467000000000001,102.38717328337974,48.64651103479365,32.67633082841495,0.47512309867324287,0.6717096485099151,13.213640065679217,43.82012780382811,34.03635347563815,5.838239781119888,2.4679102824243517,25.436872832080102,3706.900803331854
3190,319.00000000000404,43.80624862903943,34.000990789165606,9.805257839873777,3706.899073680106,25.270641317346865,125.3176719999942,125.31767200000003,13.245371231623302,0.1,9.787738170964545,3715.122184732618,34.0,25.224076938342566,3712.33992712219,5.8511237927995285,2.4517319120704055,5.840100000000012,2.467000000000001,102.38717328337957,48.64651103479376,32.6763308284147,0.47512309867324476,0.6717096485099084,13.248230973253754,43.787738170964545,34.00686246936116,5.839191609386911,2.4670612557225216,25.257377203052574,3706.99276113347
3191,319.10000000000406,43.806248629039416,34.00099078916561,9.805257839873759,3706.89907368009,25.27064131734687,125.31767199999499,125.31767200000003,13.245371231623217,0.1,9.79552373375801,3715.122184732618,34.0,25.224076938342566,3712.33992712219,5.8511237927995285,2.4517319120704055,5.840100000000012,2.467000000000001,102.38717328337937,48.64651103479385,32.67633082841449,0.4751230986732466,0.6717096485099029,13.255499604432007,43.79552373375801,34.0081932053856,5.840058845684746,2.4679115749419727,25.096050681929434,3706.921035129504
3192,319.2000000000041,43.8062486290394,34.00099078916563,9.805257839873745,3706.8990736800765,25.270641317346872,125.31767199999568,125.31767200000003,13.245371231623139,0.1,9.771579775982715,3715.122184732618,34.0,25.22133541417408,3709.7511506638853,5.8511237927995285,2.4517319120704055,5.840100000000012,2.467000000000001,102.38717328337923,48.64651103479394,32.676330828414294,0.4751230986732481,0.6717096485098977,13.239011468773466,43.771579775982715,34.01597481127695,5.839781218875976,2.468103711402273,25.453752679939146,3706.8568958063547
3193,319.3000000000041,43.8062486290394,34.000990789165634,9.805257839873734,3706.8990736800647,25.270641317346875,125.31767199999628,125.31767200000003,13.245371231623075,0.1,9.772639948555174,3715.122184732618,34.0,25.22133541417408,3709.7511506638853,5.8511237927995285,2.4517319120704055,5.840100000000012,2.467000000000001,102.38717328337914,48.646511034794024,32.67633082841414,0.4751230986732493,0.6717096485098932,13.240384400243792,43.772639948555174,33.99018961726868,5.8397233635023955,2.4679063408714588,25.39398177436479,3706.9362763257154
3194,319.4000000000041,43.80624862903939,34.00099078916565,9.805257839873724,3706.8990736800547,25.27064131734688,125.3176719999968,125.31767200000003,13.245371231623022,0.1,9.829451939948598,3715.122184732618,34.0,25.22133541417408,3709.7511506638853,5.8511237927995285,2.4517319120704055,5.840100000000012,2.467000000000001,102.38717328337903,48.646511034794095,32.67633082841401,0.47512309867325053,0.6717096485098897,13.232715250956762,43.8294519399486,33.9920972668416,5.841163410327032,2.4682074877924447,25.21248594906287,3706.988762679754
3195,319.50000000000415,43.806248629039374,34.000990789165655,9.805257839873716,3706.899073680046,25.27064131734688,125.31767199999726,125.31767200000003,13.245371231622972,0.1,9.863635131324294,3715.122184732618,34.0,25.22133541417408,3709.7511506638853,5.8517186854452365,2.450467601799904,5.840100000000012,2.467000000000001,102.38717328337896,48.64651103479416,32.67633082841388,0.4751230986732515,0.6717096485098861,13.294242040899773,43.863635131324294,34.01011866172261,5.842600849492746,2.4666255618936055,25.278017721798154,3706.8810808520984
3196,319.6000000000042,43.806248629039374,34.000990789165655,9.805257839873706,3706.899073680039,25.27064131734688,125.31767199999761,125.31767200000003,13.245371231622933,0.1,9.845948347250577,3715.122184732618,34.0,25.22133541417408,3709.7511506638853,5.8517186854452365,2.450467601799904,5.840100000000012,2.467000000000001,102.38717328337883,48.646511034794194,32.67633082841379,0.4751230986732524,0.6717096485098838,13.230977077582546,43.84594834725058,34.003644537366306,5.840569668546348,2.467813901318224,25.35673776863573,3706.866320496038
3197,319.7000000000042,43.806248629039374,34.000990789165655,9.805257839873697,3706.8990736800324,25.27064131734688,125.3176719999979,125.31767200000003,13.245371231622897,0.1,9.810087608622858,3715.122184732618,34.0,25.24685845850834,3709.255676995096,5.8517186854452365,2.450467601799904,5.840100000000012,2.467000000000001,102.38717328337874,48.64651103479422,32.676330828413704,0.4751230986732531,0.6717096485098816,13.251949896483147,43.81008760862286,34.00110933137473,5.840084707722357,2.4653464657556023,25.348431581440522,3706.765934711533
3198,319.8000000000042,43.806248629039374,34.000990789165655,9.80525783987369,3706.8990736800265,25.27064131734688,125.31767199999815,125.31767200000003,13.245371231622869,0.1,9.789858457938678,3715.122184732618,34.0,25.24685845850834,3709.255676995096,5.8517186854452365,2.450467601799904,5.840100000000012,2.467000000000001,102.38717328337866,48.646511034794244,32.67633082841363,0.4751230986732537,0.6717096485098798,13.162073686326453,43.78985845793868,33.99803620170236,5.838737925950142,2.4679111388904285,25.36211688153708,3707.0997875512494
3199,319.90000000000424,43.806248629039374,34.000990789165655,9.805257839873684,3706.8990736800215,25.270641317346882,125.3176719999984,125.31767200000003,13.24537123162284,0.1,9.764759589948326,3715.122184732618,34.0,25.24685845850834,3709.255676995096,5.8517186854452365,2.450467601799904,5.840100000000012,2.467000000000001,102.3871732833786,48.646511034794266,32.67633082841356,0.4751230986732542,0.6717096485098781,13.204656721758973,43.764759589948326,34.02122296451396,5.841583849669001,2.467912802413394,25.346421136404675,3707.07418703044
3200,320.00000000000426,43.80624862903936,34.00099078916566,9.805257839873683,3706.899073680017,25.270641317346886,125.31767199999865,125.31767200000003,13.245371231622816,0.1,9.808428288775382,3715.122184732618,34.0,25.24685845850834,3709.255676995096,5.858398231523501,2.449245336729425,5.840100000000012,2.467000000000001,102.3871732833786,48.646511034794315,32.6763308284135,0.47512309867325464,0.6717096485098761,13.197489695007876,43.80842828877538,34.10437858135369,5.839832400393738,2.4673645295432816,25.23003143894992,3706.8975757617136
3201,320.1000000000043,43.80624862903936,34.00099078916568,9.805257839873681,3706.8990736800133,25.270641317346886,125.31767199999888,125.31767200000003,13.245371231622794,0.1,9.785926270976248,3715.122184732618,34.0,25.24685845850834,3709.255676995096,5.858398231523501,2.449245336729425,5.840100000000012,2.467000000000001,102.38717328337859,48.64651103479436,32.67633082841345,0.47512309867325514,0.6717096485098745,13.20108824163672,43.78592627097625,34.057356949792585,5.84007173085807,2.46594741797588,25.41043549014611,3706.7850098663916
3202,320.2000000000043,43.80624862903936,34.00099078916568,9.805257839873676,3706.89907368001,25.270641317346886,125.31767199999904,125.31767200000003,13.245371231622777,0.1,9.776946470257258,3715.122184732618,34.0,25.253920224381083,3712.4436713705927,5.858398231523501,2.449245336729425,5.840100000000012,2.467000000000001,102.38717328337853,48.64651103479438,32.676330828413406,0.47512309867325564,0.6717096485098734,13.302321071063473,43.77694647025726,33.98369334957352,5.8414410282113405,2.4679458644668704,25.47875968816974,3706.9909508608393
3203,320.30000000000433,43.80624862903936,34.00099078916568,9.805257839873672,3706.8990736800074,25.270641317346886,125.31767199999916,125.31767200000003,13.245371231622762,0.1,9.809024015022565,3715.122184732618,34.0,25.253920224381083,3712.4436713705927,5.858398231523501,2.449245336729425,5.840100000000012,2.467000000000001,102.38717328337849,48.646511034794386,32.67633082841337,0.4751230986732559,0.6717096485098725,13.27961533299012,43.809024015022565,33.98773998597127,5.839950481415808,2.4687292409104784,25.299013467665414,3706.8973253196673
3204,320.40000000000435,43.80624862903936,34.00099078916568,9.80525783987367,3706.899073680005,25.270641317346886,125.31767199999926,125.31767200000003,13.245371231622748,0.1,9.834978513326753,3715.122184732618,34.0,25.253920224381083,3712.4436713705927,5.858398231523501,2.449245336729425,5.840100000000012,2.467000000000001,102.38717328337847,48.64651103479439,32.676330828413334,0.47512309867325603,0.6717096485098717,13.195586503350574,43.83497851332675,34.030193511889465,5.841634378043539,2.466276347020319,25.293955383998345,3707.0322290735467
3205,320.5000000000044,43.80624862903936,34.00099078916568,9.805257839873667,3706.899073680003,25.270641317346886,125.31767199999936,125.31767200000003,13.245371231622737,0.1,9.79718706914408,3715.122184732618,34.0,25.253920224381083,3712.4436713705927,5.856757362617371,2.4480259700769773,5.840100000000012,2.467000000000001,102.38717328337843,48.64651103479441,32.676330828413306,0.47512309867325636,0.6717096485098709,13.19265658981137,43.79718706914408,33.99534957696126,5.8398249359146375,2.4659525489358907,25.326579005129986,3706.9305100980164
3206,320.6000000000044,43.80624862903936,34.00099078916568,9.805257839873665,3706.899073680001,25.270641317346886,125.31767199999945,125.31767200000003,13.245371231622727,0.1,9.83301579190443,3715.122184732618,34.0,25.253920224381083,3712.4436713705927,5.856757362617371,2.4480259700769773,5.840100000000012,2.467000000000001,102.38717328337842,48.646511034794415,32.67633082841328,0.47512309867325647,0.6717096485098701,13.171119954001249,43.83301579190443,34.007826793306215,5.840745208190571,2.466420217619471,25.237835741609924,3707.068589637256
3207,320.7000000000044,43.80624862903936,34.00099078916568,9.805257839873661,3706.8990736799997,25.270641317346886,125.31767199999952,125.31767200000003,13.24537123162272,0.1,9.790630801605452,3715.122184732618,34.0,25.26436995819429,3716.2619079374617,5.856757362617371,2.4480259700769773,5.840100000000012,2.467000000000001,102.38717328337837,48.64651103479442,32.67633082841326,0.47512309867325675,0.6717096485098698,13.329572528597105,43.79063080160545,33.97636858426657,5.841592543863359,2.4679421875888523,25.124506376110993,3706.877095733904
3208,320.80000000000445,43.80624862903936,34.00099078916568,9.805257839873661,3706.8990736799983,25.270641317346886,125.31767199999958,125.31767200000003,13.245371231622713,0.1,9.834209135605889,3715.122184732618,34.0,25.26436995819429,3716.2619079374617,5.856757362617371,2.4480259700769773,5.840100000000012,2.467000000000001,102.38717328337837,48.64651103479443,32.67633082841324,0.47512309867325686,0.6717096485098693,13.21483754453168,43.83420913560589,33.985946188496854,5.8401514534080405,2.468980020789204,25.21031509118755,3707.041592307203
3209,320.90000000000447,43.80624862903936,34.00099078916568,9.80525783987366,3706.899073679997,25.270641317346886,125.31767199999963,125.31767200000003,13.245371231622705,0.1,9.821690183587343,3715.122184732618,34.0,25.26436995819429,3716.2619079374617,5.856757362617371,2.4480259700769773,5.840100000000012,2.467000000000001,102.38717328337836,48.64651103479443,32.67633082841323,0.4751230986732569,0.6717096485098689,13.34414379755035,43.82169018358734,34.00741890960365,5.839849123547952,2.46578883610047,25.323349431628724,3706.781141813049
3210,321.0000000000045,43.80624862903936,34.00099078916568,9.805257839873658,3706.899073679996,25.270641317346886,125.31767199999969,125.31767200000003,13.245371231622698,0.1,9.82254586685356,3715.122184732618,34.0,25.26436995819429,3716.2619079374617,5.858309263890077,2.4467694012769705,5.840100000000012,2.467000000000001,102.38717328337833,48.64651103479444,32.67633082841321,0.4751230986732572,0.6717096485098684,13.302361208246332,43.82254586685356,34.034759571855744,5.838746227228669,2.4676393827530614,25.09358317104722,3706.8419980440876
3211,321.1000000000045,43.80624862903936,34.00099078916568,9.805257839873658,3706.899073679995,25.270641317346886,125.31767199999972,125.31767200000003,13.245371231622695,0.1,9.863165038919554,3715.122184732618,34.0,25.26436995819429,3716.2619079374617,5.858309263890077,2.4467694012769705,5.840100000000012,2.467000000000001,102.38717328337833,48.64651103479444,32.6763308284132,0.4751230986732572,0.6717096485098681,13.243358823541213,43.863165038919554,34.017133577276034,5.840638774592501,2.46720411283641,25.33341506611218,3706.9733449505147
3212,321.20000000000454,43.80624862903936,34.00099078916568,9.805257839873656,3706.899073679994,25.270641317346886,125.31767199999976,125.31767200000003,13.245371231622691,0.1,9.793173987466197,3715.122184732618,34.0,25.24203050984612,3716.603197499057,5.858309263890077,2.4467694012769705,5.840100000000012,2.467000000000001,102.38717328337832,48.64651103479445,32.67633082841319,0.4751230986732573,0.6717096485098679,13.275234844141368,43.7931739874662,33.98621861267928,5.838423981141081,2.467584768364025,25.35755210734198,3706.977460734083
3213,321.30000000000456,43.80624862903936,34.00099078916568,9.805257839873654,3706.8990736799933,25.27064131734689,125.3176719999998,125.31767200000003,13.245371231622688,0.1,9.79124809946974,3715.122184732618,34.0,25.24203050984612,3716.603197499057,5.858309263890077,2.4467694012769705,5.840100000000012,2.467000000000001,102.3871732833783,48.64651103479445,32.676330828413185,0.47512309867325736,0.6717096485098678,13.20729755351444,43.79124809946974,33.97694817143076,5.838553001420384,2.467101462023264,25.30398481175472,3706.8969643034416
3214,321.4000000000046,43.806248629039345,34.000990789165684,9.805257839873658,3706.899073679993,25.270641317346893,125.31767199999989,125.31767200000003,13.24537123162268,0.1,9.803851636309375,3715.122184732618,34.0,25.24203050984612,3716.603197499057,5.858309263890077,2.4467694012769705,5.840100000000012,2.467000000000001,102.38717328337836,48.64651103479448,32.676330828413164,0.47512309867325736,0.6717096485098669,13.18715423281867,43.803851636309375,34.03085582909853,5.839752975967759,2.467465844956839,25.198728388541,3706.9527329001203
3215,321.5000000000046,43.80624862903933,34.00099078916569,9.805257839873661,3706.8990736799924,25.270641317346893,125.31767199999996,125.31767200000003,13.24537123162268,0.1,9.81094461956615,3715.122184732618,34.0,25.24203050984612,3716.603197499057,5.855276462254532,2.445514607534311,5.840100000000012,2.467000000000001,102.3871732833784,48.64651103479449,32.676330828413164,0.4751230986732573,0.6717096485098668,13.246295469458813,43.81094461956615,33.96125499675981,5.839383828471118,2.4655203762104345,25.365895212328695,3706.7639948297406
3216,321.6000000000046,43.80624862903933,34.00099078916569,9.80525783987366,3706.8990736799924,25.270641317346893,125.31767199999997,125.31767200000003,13.245371231622677,0.1,9.806453903077113,3715.122184732618,34.0,25.24203050984612,3716.603197499057,5.855276462254532,2.445514607534311,5.840100000000012,2.467000000000001,102.38717328337837,48.6465110347945,32.67633082841316,0.4751230986732575,0.6717096485098665,13.208823612186475,43.80645390307711,34.03866439582811,5.841291588699062,2.466844869673167,25.3145033422076,3706.980003739461
3217,321.70000000000465,43.80624862903933,34.00099078916569,9.80525783987366,3706.8990736799924,25.270641317346893,125.31767199999997,125.31767200000003,13.245371231622677,0.1,9.800647183789934,3715.122184732618,34.0,25.227334691186485,3715.5507508502756,5.855276462254532,2.445514607534311,5.840100000000012,2.467000000000001,102.38717328337837,48.6465110347945,32.67633082841316,0.4751230986732575,0.6717096485098665,13.27864163411134,43.800647183789934,34.036834629621325,5.840704635341875,2.467100205737362,25.279614422508352,3706.906596877003
3218,321.8000000000047,43.80624862903933,34.00099078916569,9.80525783987366,3706.8990736799924,25.270641317346893,125.31767199999997,125.31767200000003,13.245371231622677,0.1,9.810284788451241,3715.122184732618,34.0,25.227334691186485,3715.5507508502756,5.855276462254532,2.445514607534311,5.840100000000012,2.467000000000001,102.38717328337837,48.6465110347945,32.67633082841316,0.4751230986732575,0.6717096485098665,13.266648603538709,43.81028478845124,33.96927700751864,5.84024894825058,2.467071048150466,25.387241520123137,3706.9737282565275
3219,321.9000000000047,43.80624862903933,34.00099078916569,9.80525783987366,3706.8990736799924,25.270641317346893,125.31767199999997,125.31767200000003,13.245371231622677,0.1,9.848638040764826,3715.122184732618,34.0,25.227334691186485,3715.5507508502756,5.855276462254532,2.445514607534311,5.840100000000012,2.467000000000001,102.38717328337837,48.6465110347945,32.67633082841316,0.4751230986732575,0.6717096485098665,13.229062340392927,43.848638040764826,34.06113492678857,5.83993356482847,2.467698061907381,24.91662492040385,3706.9109874054275
3220,322.0000000000047,43.80624862903933,34.00099078916569,9.80525783987366,3706.8990736799924,25.270641317346893,125.31767199999997,125.31767200000003,13.245371231622677,0.1,9.817809103777591,3715.122184732618,34.0,25.227334691186485,3715.5507508502756,5.8624102308191475,2.444287373745036,5.840100000000012,2.467000000000001,102.38717328337837,48.6465110347945,32.67633082841316,0.4751230986732575,0.6717096485098665,13.267601407037983,43.81780910377759,34.046568161245155,5.840737063814901,2.465935255052709,25.274499109065236,3706.7792511551133
3221,322.10000000000474,43.80624862903933,34.00099078916569,9.80525783987366,3706.8990736799924,25.270641317346893,125.31767199999997,125.31767200000003,13.245371231622677,0.1,9.847252611665617,3715.122184732618,34.0,25.227334691186485,3715.5507508502756,5.8624102308191475,2.444287373745036,5.840100000000012,2.467000000000001,102.38717328337837,48.6465110347945,32.67633082841316,0.4751230986732575,0.6717096485098665,13.361573434879457,43.84725261166562,34.001323443160096,5.840140850098513,2.466445503196089,25.344864654446326,3706.79439032281
3222,322.20000000000476,43.80624862903933,34.00099078916569,9.80525783987366,3706.8990736799924,25.270641317346893,125.31767199999997,125.31767200000003,13.245371231622677,0.1,9.792160143765514,3715.122184732618,34.0,25.252680722010457,3714.543493682824,5.8624102308191475,2.444287373745036,5.840100000000012,2.467000000000001,102.38717328337837,48.6465110347945,32.67633082841316,0.4751230986732575,0.6717096485098665,13.253825959238393,43.792160143765514,33.9405182709476,5.838681424122633,2.466997631357429,25.10733729616369,3707.0963573622034
3223,322.3000000000048,43.80624862903933,34.00099078916569,9.80525783987366,3706.8990736799924,25.270641317346893,125.31767199999997,125.31767200000003,13.245371231622677,0.1,9.787780301964162,3715.122184732618,34.0,25.252680722010457,3714.543493682824,5.8624102308191475,2.444287373745036,5.840100000000012,2.467000000000001,102.38717328337837,48.6465110347945,32.67633082841316,0.4751230986732575,0.6717096485098665,13.110133212962893,43.78778030196416,34.0639081990962,5.839845647352466,2.4655051277537376,25.32109423242884,3706.8414429900404
3224,322.4000000000048,43.80624862903933,34.00099078916569,9.80525783987366,3706.8990736799924,25.270641317346893,125.31767199999997,125.31767200000003,13.245371231622677,0.1,9.793651385665228,3715.122184732618,34.0,25.252680722010457,3714.543493682824,5.8624102308191475,2.444287373745036,5.840100000000012,2.467000000000001,102.38717328337837,48.6465110347945,32.67633082841316,0.4751230986732575,0.6717096485098665,13.227719207476216,43.79365138566523,34.01243828332549,5.838782363320066,2.4657906817796986,25.4184251697769,3706.946428606394
3225,322.50000000000483,43.80624862903933,34.00099078916569,9.80525783987366,3706.8990736799924,25.270641317346893,125.31767199999997,125.31767200000003,13.245371231622677,0.1,9.793542113462436,3715.122184732618,34.0,25.252680722010457,3714.543493682824,5.8583492725752,2.443038095151297,5.840100000000012,2.467000000000001,102.38717328337837,48.6465110347945,32.67633082841316,0.4751230986732575,0.6717096485098665,13.289376133765082,43.793542113462436,33.94650734495877,5.839954956792015,2.466977017363562,25.012054327194356,3706.734745103771
3226,322.60000000000485,43.80624862903933,34.00099078916569,9.80525783987366,3706.8990736799924,25.270641317346893,125.31767199999997,125.31767200000003,13.245371231622677,0.1,9.820931135157295,3715.122184732618,34.0,25.252680722010457,3714.543493682824,5.8583492725752,2.443038095151297,5.840100000000012,2.467000000000001,102.38717328337837,48.6465110347945,32.67633082841316,0.4751230986732575,0.6717096485098665,13.20418179012117,43.820931135157295,33.971408199351664,5.83995656759538,2.4652804914642656,25.133176594838258,3706.8762950158007
3227,322.7000000000049,43.80624862903933,34.00099078916569,9.80525783987366,3706.8990736799924,25.270641317346893,125.31767199999997,125.31767200000003,13.245371231622677,0.1,9.816359424366055,3715.122184732618,34.0,25.2137400877654,3711.3828112237084,5.8583492725752,2.443038095151297,5.840100000000012,2.467000000000001,102.38717328337837,48.6465110347945,32.67633082841316,0.4751230986732575,0.6717096485098665,13.208218397958802,43.816359424366055,34.0470990929257,5.839019986145007,2.4667514956342322,25.4901677790269,3706.8803582781516
3228,322.8000000000049,43.80624862903933,34.00099078916569,9.80525783987366,3706.8990736799924,25.270641317346893,125.31767199999997,125.31767200000003,13.245371231622677,0.1,9.812947422369632,3715.122184732618,34.0,25.2137400877654,3711.3828112237084,5.8583492725752,2.443038095151297,5.840100000000012,2.467000000000001,102.38717328337837,48.6465110347945,32.67633082841316,0.4751230986732575,0.6717096485098665,13.250381080226846,43.81294742236963,34.007394526568426,5.8392814946533855,2.468088862821023,25.30652872347402,3707.050292339082
3229,322.9000000000049,43.80624862903933,34.00099078916569,9.80525783987366,3706.8990736799924,25.270641317346893,125.31767199999997,125.31767200000003,13.245371231622677,0.1,9.818674903945315,3715.122184732618,34.0,25.2137400877654,3711.3828112237084,5.8583492725752,2.443038095151297,5.840100000000012,2.467000000000001,102.38717328337837,48.6465110347945,32.67633082841316,0.4751230986732575,0.6717096485098665,13.210084117874402,43.818674903945315,33.96124512281173,5.84113633075966,2.4690824272554526,25.306577669994546,3706.954879153886
3230,323.00000000000495,43.80624862903933,34.00099078916569,9.80525783987366,3706.8990736799924,25.270641317346893,125.31767199999997,125.31767200000003,13.245371231622677,0.1,9.835034329232279,3715.122184732618,34.0,25.2137400877654,3711.3828112237084,5.862071573513519,2.4418908390033436,5.840100000000012,2.467000000000001,102.38717328337837,48.6465110347945,32.67633082841316,0.4751230986732575,0.6717096485098665,13.199807951878633,43.83503432923228,34.041718550622605,5.84016502877455,2.468032259906963,25.33995365854262,3706.9958798468565
3231,323.10000000000497,43.80624862903933,34.00099078916569,9.80525783987366,3706.8990736799924,25.270641317346893,125.31767199999997,125.31767200000003,13.245371231622677,0.1,9.843786001897264,3715.122184732618,34.0,25.2137400877654,3711.3828112237084,5.862071573513519,2.4418908390033436,5.840100000000012,2.467000000000001,102.38717328337837,48.6465110347945,32.67633082841316,0.4751230986732575,0.6717096485098665,13.181922481361681,43.843786001897264,33.99868029308926,5.839089797874533,2.4669712617731627,25.159106359048437,3706.872353081517
3232,323.200000000005,43.80624862903933,34.00099078916569,9.80525783987366,3706.8990736799924,25.270641317346893,125.31767199999997,125.31767200000003,13.245371231622677,0.1,9.815660933745932,3715.122184732618,34.0,25.232907795190844,3710.3226973241913,5.862071573513519,2.4418908390033436,5.840100000000012,2.467000000000001,102.38717328337837,48.6465110347945,32.67633082841316,0.4751230986732575,0.6717096485098665,13.289950475081701,43.81566093374593,34.073600938176256,5.838875306985789,2.465412115628759,25.375428639004237,3706.8567572714346
3233,323.300000000005,43.80624862903933,34.00099078916569,9.80525783987366,3706.8990736799924,25.270641317346893,125.31767199999997,125.31767200000003,13.245371231622677,0.1,9.842058721745587,3715.122184732618,34.0,25.232907795190844,3710.3226973241913,5.862071573513519,2.4418908390033436,5.840100000000012,2.467000000000001,102.38717328337837,48.6465110347945,32.67633082841316,0.4751230986732575,0.6717096485098665,13.231321650509274,43.84205872174559,34.00761725564726,5.8396092323491375,2.467407629733514,25.047497662881874,3706.7480079692864
3234,323.40000000000504,43.80624862903933,34.00099078916569,9.80525783987366,3706.8990736799924,25.270641317346893,125.31767199999997,125.31767200000003,13.245371231622677,0.1,9.777341475695899,3715.122184732618,34.0,25.232907795190844,3710.3226973241913,5.862071573513519,2.4418908390033436,5.840100000000012,2.467000000000001,102.38717328337837,48.6465110347945,32.67633082841316,0.4751230986732575,0.6717096485098665,13.31541459299119,43.7773414756959,34.03016266418981,5.8397579960229615,2.4665297424686243,25.212537572398915,3707.0826660034177
3235,323.50000000000506,43.80624862903933,34.00099078916569,9.80525783987366,3706.8990736799924,25.270641317346893,125.31767199999997,125.31767200000003,13.245371231622677,0.1,9.805448886482992,3715.122184732618,34.0,25.232907795190844,3710.3226973241913,5.8661344197530205,2.4406329172401953,5.840100000000012,2.467000000000001,102.38717328337837,48.6465110347945,32.67633082841316,0.4751230986732575,0.6717096485098665,13.34904313823029,43.80544888648299,34.03354280375172,5.838891817702555,2.46661221867338,25.394346960280696,3706.916292033429
3236,323.6000000000051,43.80624862903933,34.00099078916569,9.80525783987366,3706.8990736799924,25.270641317346893,125.31767199999997,125.31767200000003,13.245371231622677,0.1,9.799842982303964,3715.122184732618,34.0,25.232907795190844,3710.3226973241913,5.8661344197530205,2.4406329172401953,5.840100000000012,2.467000000000001,102.38717328337837,48.6465110347945,32.67633082841316,0.4751230986732575,0.6717096485098665,13.254469509074372,43.799842982303964,34.00673078710295,5.840239310879184,2.4673797339199224,25.308647848139486,3706.9381256920246
3237,323.7000000000051,43.80624862903933,34.00099078916569,9.80525783987366,3706.8990736799924,25.270641317346893,125.31767199999997,125.31767200000003,13.245371231622677,0.1,9.847069433811306,3715.122184732618,34.0,25.279729301101003,3713.6271479322213,5.8661344197530205,2.4406329172401953,5.840100000000012,2.467000000000001,102.38717328337837,48.6465110347945,32.67633082841316,0.4751230986732575,0.6717096485098665,13.300039274325112,43.847069433811306,33.97434879704168,5.840192990610257,2.466981991629087,25.285345761334316,3706.6721728127422
3238,323.8000000000051,43.80624862903933,34.00099078916569,9.80525783987366,3706.8990736799924,25.270641317346893,125.31767199999997,125.31767200000003,13.245371231622677,0.1,9.857027995000088,3715.122184732618,34.0,25.279729301101003,3713.6271479322213,5.8661344197530205,2.4406329172401953,5.840100000000012,2.467000000000001,102.38717328337837,48.6465110347945,32.67633082841316,0.4751230986732575,0.6717096485098665,13.259725088378078,43.85702799500009,33.96593926211487,5.83948101429968,2.467260032089943,25.56961884728821,3706.791140584891
3239,323.90000000000515,43.80624862903933,34.00099078916569,9.80525783987366,3706.8990736799924,25.270641317346893,125.31767199999997,125.31767200000003,13.245371231622677,0.1,9.836951370995429,3715.122184732618,34.0,25.279729301101003,3713.6271479322213,5.8661344197530205,2.4406329172401953,5.840100000000012,2.467000000000001,102.38717328337837,48.6465110347945,32.67633082841316,0.4751230986732575,0.6717096485098665,13.21022343583045,43.83695137099543,34.01167293991628,5.840009137442083,2.4662588691020986,25.23501695773853,3706.9462129676913
3240,324.0000000000052,43.80624862903933,34.00099078916569,9.80525783987366,3706.8990736799924,25.270641317346893,125.31767199999997,125.31767200000003,13.245371231622677,0.1,9.791502167771327,3715.122184732618,34.0,25.279729301101003,3713.6271479322213,5.862750622438679,2.4393890093482677,5.840100000000012,2.467000000000001,102.38717328337837,48.6465110347945,32.67633082841316,0.4751230986732575,0.6717096485098665,13.139355994893151,43.79150216777133,33.98102888688227,5.8386927148192616,2.4651065494861886,25.282532805838635,3706.9056905038588
3241,324.1000000000052,43.80624862903933,34.00099078916569,9.80525783987366,3706.8990736799924,25.270641317346893,125.31767199999997,125.31767200000003,13.245371231622677,0.1,9.789738447568027,3715.122184732618,34.0,25.279729301101003,3713.6271479322213,5.862750622438679,2.4393890093482677,5.840100000000012,2.467000000000001,102.38717328337837,48.6465110347945,32.67633082841316,0.4751230986732575,0.6717096485098665,13.224178151619775,43.78973844756803,34.01219524857788,5.840564915895756,2.466839688492177,25.18051966853105,3707.0394732744303
3242,324.2000000000052,43.80624862903933,34.00099078916569,9.80525783987366,3706.8990736799924,25.270641317346893,125.31767199999997,125.31767200000003,13.245371231622677,0.1,9.810378783908043,3715.122184732618,34.0,25.230986752158973,3713.7079543050163,5.862750622438679,2.4393890093482677,5.840100000000012,2.467000000000001,102.38717328337837,48.6465110347945,32.67633082841316,0.4751230986732575,0.6717096485098665,13.24848601765913,43.81037878390804,34.02624516839399,5.839005913689704,2.467566576748013,25.367191351444088,3706.9756527460368
3243,324.30000000000524,43.80624862903933,34.00099078916569,9.80525783987366,3706.8990736799924,25.270641317346893,125.31767199999997,125.31767200000003,13.245371231622677,0.1,9.785567199462498,3715.122184732618,34.0,25.230986752158973,3713.7079543050163,5.862750622438679,2.4393890093482677,5.840100000000012,2.467000000000001,102.38717328337837,48.6465110347945,32.67633082841316,0.4751230986732575,0.6717096485098665,13.182914398777926,43.7855671994625,33.99864739371756,5.8395777700542135,2.4656656099191174,25.396044150480588,3706.77269883878
3244,324.40000000000526,43.80624862903933,34.00099078916569,9.80525783987366,3706.8990736799924,25.270641317346893,125.31767199999997,125.31767200000003,13.245371231622677,0.1,9.77509518226789,3715.122184732618,34.0,25.230986752158973,3713.7079543050163,5.862750622438679,2.4393890093482677,5.840100000000012,2.467000000000001,102.38717328337837,48.6465110347945,32.67633082841316,0.4751230986732575,0.6717096485098665,13.25173911496195,43.77509518226789,34.01965980081238,5.8396082307187305,2.4661000716905637,25.231284627085866,3706.731091176492
3245,324.5000000000053,43.80624862903933,34.00099078916569,9.80525783987366,3706.8990736799924,25.270641317346893,125.31767199999997,125.31767200000003,13.245371231622677,0.1,9.805489652796616,3715.122184732618,34.0,25.230986752158973,3713.7079543050163,5.86653593484075,2.43816459732108,5.840100000000012,2.467000000000001,102.38717328337837,48.6465110347945,32.67633082841316,0.4751230986732575,0.6717096485098665,13.158637154612398,43.805489652796616,34.025229177724746,5.840614869882513,2.4684273525425704,25.25142572501729,3706.9395616751226
3246,324.6000000000053,43.80624862903933,34.00099078916569,9.80525783987366,3706.8990736799924,25.270641317346893,125.31767199999997,125.31767200000003,13.245371231622677,0.1,9.8032242159588,3715.122184732618,34.0,25.230986752158973,3713.7079543050163,5.86653593484075,2.43816459732108,5.840100000000012,2.467000000000001,102.38717328337837,48.6465110347945,32.67633082841316,0.4751230986732575,0.6717096485098665,13.281293178963553,43.8032242159588,34.017478888855976,5.839887504776495,2.4666198746057146,25.238642004180026,3706.847532007034
3247,324.70000000000533,43.80624862903933,34.00099078916569,9.80525783987366,3706.8990736799924,25.270641317346893,125.31767199999997,125.31767200000003,13.245371231622677,0.1,9.80452765198104,3715.122184732618,34.0,25.22539151156336,3711.1881354485604,5.86653593484075,2.43816459732108,5.840100000000012,2.467000000000001,102.38717328337837,48.6465110347945,32.67633082841316,0.4751230986732575,0.6717096485098665,13.230232400492419,43.80452765198104,34.022588203992356,5.840568946919071,2.466913753261048,25.167396143309624,3706.7959629339266
3248,324.80000000000535,43.80624862903933,34.00099078916569,9.80525783987366,3706.8990736799924,25.270641317346893,125.31767199999997,125.31767200000003,13.245371231622677,0.1,9.79806206805528,3715.122184732618,34.0,25.22539151156336,3711.1881354485604,5.86653593484075,2.43816459732108,5.840100000000012,2.467000000000001,102.38717328337837,48.6465110347945,32.67633082841316,0.4751230986732575,0.6717096485098665,13.196317673337585,43.79806206805528,34.04126451240064,5.8407120448604966,2.4658037705741034,25.30635660933039,3706.8877564454024
3249,324.9000000000054,43.80624862903933,34.00099078916569,9.80525783987366,3706.8990736799924,25.270641317346893,125.31767199999997,125.31767200000003,13.245371231622677,0.1,9.788508804084628,3715.122184732618,34.0,25.22539151156336,3711.1881354485604,5.86653593484075,2.43816459732108,5.840100000000012,2.467000000000001,102.38717328337837,48.6465110347945,32.67633082841316,0.4751230986732575,0.6717096485098665,13.179803139441516,43.78850880408463,33.97942987711727,5.8396739720531485,2.467951253243357,25.301676029462506,3706.7622824500145
3250,325.0000000000054,43.80624862903933,34.00099078916569,9.80525783987366,3706.8990736799924,25.270641317346893,125.31767199999997,125.31767200000003,13.245371231622677,0.1,9.852443516865769,3715.122184732618,34.0,25.22539151156336,3711.1881354485604,5.866757842099295,2.4368688442168143,5.840100000000012,2.467000000000001,102.38717328337837,48.6465110347945,32.67633082841316,0.4751230986732575,0.6717096485098665,13.28535640520512,43.85244351686577,33.985932301988335,5.841013967891353,2.465990076393525,25.340649824804046,3706.7746578577944
3251,325.1000000000054,43.80624862903933,34.00099078916569,9.80525783987366,3706.8990736799924,25.270641317346893,125.31767199999997,125.31767200000003,13.245371231622677,0.1,9.794354284499668,3715.122184732618,34.0,25.22539151156336,3711.1881354485604,5.866757842099295,2.4368688442168143,5.840100000000012,2.467000000000001,102.38717328337837,48.6465110347945,32.67633082841316,0.4751230986732575,0.6717096485098665,13.268630425452649,43.79435428449967,34.02840516120499,5.840656040383457,2.4673041330866186,25.318692040517504,3706.8232672909685
3252,325.20000000000545,43.80624862903933,34.00099078916569,9.80525783987366,3706.8990736799924,25.270641317346893,125.31767199999997,125.31767200000003,13.245371231622677,0.1,9.810279872411172,3715.122184732618,34.0,25.23819545272421,3710.394668243329,5.866757842099295,2.4368688442168143,5.840100000000012,2.467000000000001,102.38717328337837,48.6465110347945,32.67633082841316,0.4751230986732575,0.6717096485098665,13.250673272063624,43.81027987241117,34.01418508905763,5.83972683100789,2.4666827656199652,25.4653241429364,3707.0177707359976
3253,325.30000000000547,43.80624862903933,34.00099078916569,9.80525783987366,3706.8990736799924,25.270641317346893,125.31767199999997,125.31767200000003,13.245371231622677,0.1,9.77485744973226,3715.122184732618,34.0,25.23819545272421,3710.394668243329,5.866757842099295,2.4368688442168143,5.840100000000012,2.467000000000001,102.38717328337837,48.6465110347945,32.67633082841316,0.4751230986732575,0.6717096485098665,13.246529065322393,43.77485744973226,33.9633083761092,5.8409281936820046,2.467168857001322,25.368855939745885,3706.8900800564325
3254,325.4000000000055,43.80624862903933,34.00099078916569,9.80525783987366,3706.8990736799924,25.270641317346893,125.31767199999997,125.31767200000003,13.245371231622677,0.1,9.828999595447868,3715.122184732618,34.0,25.23819545272421,3710.394668243329,5.866757842099295,2.4368688442168143,5.840100000000012,2.467000000000001,102.38717328337837,48.6465110347945,32.67633082841316,0.4751230986732575,0.6717096485098665,13.277158784871842,43.82899959544787,34.00583213949622,5.840891811388995,2.467758148659945,25.305041215120987,3706.9374764472036
3255,325.5000000000055,43.80624862903933,34.00099078916569,9.80525783987366,3706.8990736799924,25.270641317346893,125.31767199999997,125.31767200000003,13.245371231622677,0.1,9.797930149451695,3715.122184732618,34.0,25.23819545272421,3710.394668243329,5.867078708125782,2.4356506881788866,5.840100000000012,2.467000000000001,102.38717328337837,48.6465110347945,32.67633082841316,0.4751230986732575,0.6717096485098665,13.249991870218226,43.797930149451695,33.992448535168265,5.838671959075667,2.467199680461913,25.254238328043105,3706.8257914951073
3256,325.60000000000554,43.80624862903933,34.00099078916569,9.80525783987366,3706.8990736799924,25.270641317346893,125.31767199999997,125.31767200000003,13.245371231622677,0.1,9.804972928178174,3715.122184732618,34.0,25.23819545272421,3710.394668243329,5.867078708125782,2.4356506881788866,5.840100000000012,2.467000000000001,102.38717328337837,48.6465110347945,32.67633082841316,0.4751230986732575,0.6717096485098665,13.260740023477878,43.804972928178174,34.00366494403514,5.840031202923791,2.467808319446519,25.239271714386504,3706.883074668068
3257,325.70000000000556,43.80624862903933,34.00099078916569,9.80525783987366,3706.8990736799924,25.270641317346893,125.31767199999997,125.31767200000003,13.245371231622677,0.1,9.834114575287686,3715.122184732618,34.0,25.239029218177347,3710.6433781224177,5.867078708125782,2.4356506881788866,5.840100000000012,2.467000000000001,102.38717328337837,48.6465110347945,32.67633082841316,0.4751230986732575,0.6717096485098665,13.269061565205883,43.834114575287686,34.06084159872816,5.837526313529209,2.468253695957726,25.214752728356746,3706.9203360699885
3258,325.8000000000056,43.80624862903933,34.00099078916569,9.80525783987366,3706.8990736799924,25.270641317346893,125.31767199999997,125.31767200000003,13.245371231622677,0.1,9.857169523386773,3715.122184732618,34.0,25.239029218177347,3710.6433781224177,5.867078708125782,2.4356506881788866,5.840100000000012,2.467000000000001,102.38717328337837,48.6465110347945,32.67633082841316,0.4751230986732575,0.6717096485098665,13.262643444481105,43.85716952338677,34.01976685319856,5.838140173216591,2.4663288445808362,25.280614110926475,3706.962229316645
3259,325.9000000000056,43.80624862903933,34.00099078916569,9.80525783987366,3706.8990736799924,25.270641317346893,125.31767199999997,125.31767200000003,13.245371231622677,0.1,9.814505084670202,3715.122184732618,34.0,25.239029218177347,3710.6433781224177,5.867078708125782,2.4356506881788866,5.840100000000012,2.467000000000001,102.38717328337837,48.6465110347945,32.67633082841316,0.4751230986732575,0.6717096485098665,13.198184538222298,43.8145050846702,33.99995520459458,5.837674551731261,2.4672070808818596,25.13979033655447,3706.7391543616886
3260,326.0000000000056,43.80624862903933,34.00099078916569,9.80525783987366,3706.8990736799924,25.270641317346893,125.31767199999997,125.31767200000003,13.245371231622677,0.1,9.818019599331151,3715.122184732618,34.0,25.239029218177347,3710.6433781224177,5.872509045447899,2.434482750367933,5.840100000000012,2.467000000000001,102.38717328337837,48.6465110347945,32.67633082841316,0.4751230986732575,0.6717096485098665,13.256814403840572,43.81801959933115,34.04461558934118,5.840073942555732,2.467635935113628,25.255275625462037,3707.039343984788
3261,326.10000000000565,43.80624862903933,34.00099078916569,9.80525783987366,3706.8990736799924,25.270641317346893,125.31767199999997,125.31767200000003,13.245371231622677,0.1,9.853949220455057,3715.122184732618,34.0,25.239029218177347,3710.6433781224177,5.872509045447899,2.434482750367933,5.840100000000012,2.467000000000001,102.38717328337837,48.6465110347945,32.67633082841316,0.4751230986732575,0.6717096485098665,13.200052631275577,43.85394922045506,33.98279420570946,5.8411575404662335,2.46649089763596,25.204086803201456,3706.8261585959353
3262,326.2000000000057,43.80624862903933,34.00099078916569,9.80525783987366,3706.8990736799924,25.270641317346893,125.31767199999997,125.31767200000003,13.245371231622677,0.1,9.811322645179601,3715.122184732618,34.0,25.246830248408468,3712.306518039326,5.872509045447899,2.434482750367933,5.840100000000012,2.467000000000001,102.38717328337837,48.6465110347945,32.67633082841316,0.4751230986732575,0.6717096485098665,13.31517027448203,43.8113226451796,34.052814484552876,5.840135515624642,2.4684617738564096,25.41797673868286,3706.9126971982737
3263,326.3000000000057,43.80624862903933,34.00099078916569,9.80525783987366,3706.8990736799924,25.270641317346893,125.31767199999997,125.31767200000003,13.245371231622677,0.1,9.766098150843277,3715.122184732618,34.0,25.246830248408468,3712.306518039326,5.872509045447899,2.434482750367933,5.840100000000012,2.467000000000001,102.38717328337837,48.6465110347945,32.67633082841316,0.4751230986732575,0.6717096485098665,13.217985434430997,43.76609815084328,33.99421879915252,5.839511978307939,2.466684604423582,25.096497923810663,3706.9350709116693
3264,326.4000000000057,43.80624862903933,34.00099078916569,9.80525783987366,3706.8990736799924,25.270641317346893,125.31767199999997,125.31767200000003,13.245371231622677,0.1,9.740703266796544,3715.122184732618,34.0,25.246830248408468,3712.306518039326,5.872509045447899,2.434482750367933,5.840100000000012,2.467000000000001,102.38717328337837,48.6465110347945,32.67633082841316,0.4751230986732575,0.6717096485098665,13.261020253529153,43.740703266796544,33.97493399881654,5.84108394530255,2.466370000805229,25.450898004955683,3706.791975335722
3265,326.50000000000574,43.80624862903933,34.00099078916569,9.80525783987366,3706.8990736799924,25.270641317346893,125.31767199999997,125.31767200000003,13.245371231622677,0.1,9.779110206135734,3715.122184732618,34.0,25.246830248408468,3712.306518039326,5.871050603419696,2.4332196692520496,5.840100000000012,2.467000000000001,102.38717328337837,48.6465110347945,32.67633082841316,0.4751230986732575,0.6717096485098665,13.219773634684307,43.779110206135734,33.995619683418155,5.83949524309992,2.46754640270208,25.25588037572807,3706.948705236962
3266,326.60000000000576,43.80624862903933,34.00099078916569,9.80525783987366,3706.8990736799924,25.270641317346893,125.31767199999997,125.31767200000003,13.245371231622677,0.1,9.792161840447697,3715.122184732618,34.0,25.246830248408468,3712.306518039326,5.871050603419696,2.4332196692520496,5.840100000000012,2.467000000000001,102.38717328337837,48.6465110347945,32.67633082841316,0.4751230986732575,0.6717096485098665,13.279266775034985,43.7921618404477,33.98895728466815,5.840116013570513,2.4677437108741396,25.41087155514737,3706.9793156212163
3267,326.7000000000058,43.80624862903933,34.00099078916569,9.80525783987366,3706.8990736799924,25.270641317346893,125.31767199999997,125.31767200000003,13.245371231622677,0.1,9.771275073729022,3715.122184732618,34.0,25.213202789007546,3708.499931031412,5.871050603419696,2.4332196692520496,5.840100000000012,2.467000000000001,102.38717328337837,48.6465110347945,32.67633082841316,0.4751230986732575,0.6717096485098665,13.170796225620638,43.77127507372902,33.98201224437153,5.841479434751667,2.467970376246608,25.25333287610895,3707.0015989250737
3268,326.8000000000058,43.80624862903933,34.00099078916569,9.80525783987366,3706.8990736799924,25.270641317346893,125.31767199999997,125.31767200000003,13.245371231622677,0.1,9.790075511008993,3715.122184732618,34.0,25.213202789007546,3708.499931031412,5.871050603419696,2.4332196692520496,5.840100000000012,2.467000000000001,102.38717328337837,48.6465110347945,32.67633082841316,0.4751230986732575,0.6717096485098665,13.218263263808264,43.79007551100899,34.01870805845851,5.839097217797583,2.4678983166030943,25.121002023801402,3706.8796820889575
3269,326.90000000000583,43.80624862903933,34.00099078916569,9.80525783987366,3706.8990736799924,25.270641317346893,125.31767199999997,125.31767200000003,13.245371231622677,0.1,9.789814833176898,3715.122184732618,34.0,25.213202789007546,3708.499931031412,5.871050603419696,2.4332196692520496,5.840100000000012,2.467000000000001,102.38717328337837,48.6465110347945,32.67633082841316,0.4751230986732575,0.6717096485098665,13.179643361425951,43.7898148331769,34.024192567801734,5.8393486320878765,2.4677330638853383,25.356877924927467,3707.0029410927796
3270,327.00000000000585,43.80624862903933,34.00099078916569,9.80525783987366,3706.8990736799924,25.270641317346893,125.31767199999997,125.31767200000003,13.245371231622677,0.1,9.825142389747597,3715.122184732618,34.0,25.213202789007546,3708.499931031412,5.873077411269004,2.4319634238722694,5.840100000000012,2.467000000000001,102.38717328337837,48.6465110347945,32.67633082841316,0.4751230986732575,0.6717096485098665,13.238091610656634,43.8251423897476,34.02465489488093,5.838851608012091,2.465908761234264,25.247164803572815,3706.8508720283635
3271,327.1000000000059,43.80624862903933,34.00099078916569,9.80525783987366,3706.8990736799924,25.270641317346893,125.31767199999997,125.31767200000003,13.245371231622677,0.1,9.81922538615403,3715.122184732618,34.0,25.213202789007546,3708.499931031412,5.873077411269004,2.4319634238722694,5.840100000000012,2.467000000000001,102.38717328337837,48.6465110347945,32.67633082841316,0.4751230986732575,0.6717096485098665,13.176242570148565,43.81922538615403,34.011990799451716,5.840117138985841,2.4662887546081294,25.28074147041326,3706.8106579017162
3272,327.2000000000059,43.80624862903933,34.00099078916569,9.80525783987366,3706.8990736799924,25.270641317346893,125.31767199999997,125.31767200000003,13.245371231622677,0.1,9.766505237663836,3715.122184732618,34.0,25.20362119813676,3702.7981424347636,5.873077411269004,2.4319634238722694,5.840100000000012,2.467000000000001,102.38717328337837,48.6465110347945,32.67633082841316,0.4751230986732575,0.6717096485098665,13.132721980196843,43.766505237663836,33.983956434270524,5.841471897986648,2.4672609589369334,25.25613568240913,3707.106963508767
3273,327.3000000000059,43.80624862903933,34.00099078916569,9.80525783987366,3706.8990736799924,25.270641317346893,125.31767199999997,125.31767200000003,13.245371231622677,0.1,9.80161426012151,3715.122184732618,34.0,25.20362119813676,3702.7981424347636,5.873077411269004,2.4319634238722694,5.840100000000012,2.467000000000001,102.38717328337837,48.6465110347945,32.67633082841316,0.4751230986732575,0.6717096485098665,13.185514866094682,43.80161426012151,33.99572403986056,5.8408639553911845,2.4686210232640837,25.269530323588118,3706.804251594361
3274,327.40000000000595,43.80624862903933,34.00099078916569,9.80525783987366,3706.8990736799924,25.270641317346893,125.31767199999997,125.31767200000003,13.245371231622677,0.1,9.84442357252658,3715.122184732618,34.0,25.20362119813676,3702.7981424347636,5.873077411269004,2.4319634238722694,5.840100000000012,2.467000000000001,102.38717328337837,48.6465110347945,32.67633082841316,0.4751230986732575,0.6717096485098665,13.235343364087319,43.84442357252658,33.99896726235084,5.840386754631468,2.4671099847583267,25.22793253900248,3706.829166770168
3275,327.50000000000597,43.80624862903933,34.00099078916569,9.80525783987366,3706.8990736799924,25.270641317346893,125.31767199999997,125.31767200000003,13.245371231622677,0.1,9.786652100796381,3715.122184732618,34.0,25.20362119813676,3702.7981424347636,5.872159658739172,2.4307332487641977,5.840100000000012,2.467000000000001,102.38717328337837,48.6465110347945,32.67633082841316,0.4751230986732575,0.6717096485098665,13.326300085682911,43.78665210079638,34.00171230397645,5.83909657424425,2.467553497597051,25.265645211342697,3706.8693424759995
3276,327.600000000006,43.80624862903933,34.00099078916569,9.80525783987366,3706.8990736799924,25.270641317346893,125.31767199999997,125.31767200000003,13.245371231622677,0.1,9.801288101844797,3715.122184732618,34.0,25.20362119813676,3702.7981424347636,5.872159658739172,2.4307332487641977,5.840100000000012,2.467000000000001,102.38717328337837,48.6465110347945,32.67633082841316,0.4751230986732575,0.6717096485098665,13.2962601804226,43.8012881018448,33.99098579647995,5.8412177905327525,2.46683399444806,25.20357498647582,3706.7795392542535
3277,327.700000000006,43.80624862903933,34.00099078916569,9.80525783987366,3706.8990736799924,25.270641317346893,125.31767199999997,125.31767200000003,13.245371231622677,0.1,9.847259419928527,3715.122184732618,34.0,25.26229435284732,3704.2201687842216,5.872159658739172,2.4307332487641977,5.840100000000012,2.467000000000001,102.38717328337837,48.6465110347945,32.67633082841316,0.4751230986732575,0.6717096485098665,13.244811836994836,43.84725941992853,33.99924256840859,5.840377593301708,2.465379079091332,25.264071200780098,3706.822072486366
3278,327.80000000000604,43.80624862903933,34.00099078916569,9.80525783987366,3706.8990736799924,25.270641317346893,125.31767199999997,125.31767200000003,13.245371231622677,0.1,9.830314070307061,3715.122184732618,34.0,25.26229435284732,3704.2201687842216,5.872159658739172,2.4307332487641977,5.840100000000012,2.467000000000001,102.38717328337837,48.6465110347945,32.67633082841316,0.4751230986732575,0.6717096485098665,13.208639941193056,43.83031407030706,33.977162791647366,5.8393366721002185,2.4678344483374435,25.319671759471447,3706.9356144375233
3279,327.90000000000606,43.80624862903933,34.00099078916569,9.80525783987366,3706.8990736799924,25.270641317346893,125.31767199999997,125.31767200000003,13.245371231622677,0.1,9.85098104536452,3715.122184732618,34.0,25.26229435284732,3704.2201687842216,5.872159658739172,2.4307332487641977,5.840100000000012,2.467000000000001,102.38717328337837,48.6465110347945,32.67633082841316,0.4751230986732575,0.6717096485098665,13.304378902374264,43.85098104536452,33.99329063424117,5.840212755149731,2.466879365451295,25.15528354480197,3707.1434568436543
3280,328.0000000000061,43.80624862903933,34.00099078916569,9.80525783987366,3706.8990736799924,25.270641317346893,125.31767199999997,125.31767200000003,13.245371231622677,0.1,9.843337447450807,3715.122184732618,34.0,25.26229435284732,3704.2201687842216,5.871504258525653,2.4295503951083797,5.840100000000012,2.467000000000001,102.38717328337837,48.6465110347945,32.67633082841316,0.4751230986732575,0.6717096485098665,13.23539461369818,43.84333744745081,34.0095919197077,5.840070011302796,2.4655324479358924,25.318988038692293,3707.017746382486
3281,328.1000000000061,43.80624862903933,34.00099078916569,9.80525783987366,3706.8990736799924,25.270641317346893,125.31767199999997,125.31767200000003,13.245371231622677,0.1,9.817302106584023,3715.122184732618,34.0,25.26229435284732,3704.2201687842216,5.871504258525653,2.4295503951083797,5.840100000000012,2.467000000000001,102.38717328337837,48.6465110347945,32.67633082841316,0.4751230986732575,0.6717096485098665,13.330781132283189,43.81730210658402,33.98830396686232,5.839749451984182,2.467230545146075,25.35727463631596,3706.7573476079956
3282,328.2000000000061,43.80624862903933,34.00099078916569,9.80525783987366,3706.8990736799924,25.270641317346893,125.31767199999997,125.31767200000003,13.245371231622677,0.1,9.783432584055852,3715.122184732618,34.0,25.25702877414368,3708.848025148304,5.871504258525653,2.4295503951083797,5.840100000000012,2.467000000000001,102.38717328337837,48.6465110347945,32.67633082841316,0.4751230986732575,0.6717096485098665,13.306670900953858,43.78343258405585,34.01307457672013,5.839941887112574,2.4668391639276477,25.217302383312074,3706.758044618058
3283,328.30000000000615,43.80624862903933,34.00099078916569,9.80525783987366,3706.8990736799924,25.270641317346893,125.31767199999997,125.31767200000003,13.245371231622677,0.1,9.775563475158066,3715.122184732618,34.0,25.25702877414368,3708.848025148304,5.871504258525653,2.4295503951083797,5.840100000000012,2.467000000000001,102.38717328337837,48.6465110347945,32.67633082841316,0.4751230986732575,0.6717096485098665,13.270276015491824,43.775563475158066,34.02282398777833,5.8408968455271015,2.465598855175857,25.35530030878102,3706.933279134937
3284,328.4000000000062,43.80624862903933,34.00099078916569,9.80525783987366,3706.8990736799924,25.270641317346893,125.31767199999997,125.31767200000003,13.245371231622677,0.1,9.806104161517418,3715.122184732618,34.0,25.25702877414368,3708.848025148304,5.871504258525653,2.4295503951083797,5.840100000000012,2.467000000000001,102.38717328337837,48.6465110347945,32.67633082841316,0.4751230986732575,0.6717096485098665,13.222994992010449,43.80610416151742,34.01453865767073,5.840693905868772,2.4679113268168273,25.35666788844247,3706.800206871765
3285,328.5000000000062,43.80624862903933,34.00099078916569,9.80525783987366,3706.8990736799924,25.270641317346893,125.31767199999997,125.31767200000003,13.245371231622677,0.1,9.76118284125247,3715.122184732618,34.0,25.25702877414368,3708.848025148304,5.86719561778924,2.4283009839706353,5.840100000000012,2.467000000000001,102.38717328337837,48.6465110347945,32.67633082841316,0.4751230986732575,0.6717096485098665,13.220178616879625,43.76118284125247,33.91361468639788,5.839725737516853,2.4659933646938614,25.41344847650935,3706.9902246663987
3286,328.6000000000062,43.80624862903933,34.00099078916569,9.80525783987366,3706.8990736799924,25.270641317346893,125.31767199999997,125.31767200000003,13.245371231622677,0.1,9.811703173633312,3715.122184732618,34.0,25.25702877414368,3708.848025148304,5.86719561778924,2.4283009839706353,5.840100000000012,2.467000000000001,102.38717328337837,48.6465110347945,32.67633082841316,0.4751230986732575,0.6717096485098665,13.166660229173361,43.81170317363331,33.97192895113982,5.8395302568057765,2.4668337498062027,25.246740910832624,3706.800863579064
3287,328.70000000000624,43.80624862903933,34.00099078916569,9.80525783987366,3706.8990736799924,25.270641317346893,125.31767199999997,125.31767200000003,13.245371231622677,0.1,9.856109491412013,3715.122184732618,34.0,25.284248387054127,3715.69148230532,5.86719561778924,2.4283009839706353,5.840100000000012,2.467000000000001,102.38717328337837,48.6465110347945,32.67633082841316,0.4751230986732575,0.6717096485098665,13.363626332285252,43.85610949141201,34.02658167415584,5.8407912495160454,2.467593991621648,25.29675275268382,3706.972838634202
3288,328.80000000000626,43.80624862903933,34.00099078916569,9.80525783987366,3706.8990736799924,25.270641317346893,125.31767199999997,125.31767200000003,13.245371231622677,0.1,9.755443199909067,3715.122184732618,34.0,25.284248387054127,3715.69148230532,5.86719561778924,2.4283009839706353,5.840100000000012,2.467000000000001,102.38717328337837,48.6465110347945,32.67633082841316,0.4751230986732575,0.6717096485098665,13.272528609073444,43.75544319990907,33.977241493995905,5.839300685958938,2.4682808536258234,25.232491054990156,3706.8114857929263
3289,328.9000000000063,43.80624862903933,34.00099078916569,9.80525783987366,3706.8990736799924,25.270641317346893,125.31767199999997,125.31767200000003,13.245371231622677,0.1,9.782553001451262,3715.122184732618,34.0,25.284248387054127,3715.69148230532,5.86719561778924,2.4283009839706353,5.840100000000012,2.467000000000001,102.38717328337837,48.6465110347945,32.67633082841316,0.4751230986732575,0.6717096485098665,13.238575666875905,43.78255300145126,33.99414206843129,5.841584915837585,2.4666956404146565,25.472225559932106,3706.945419584557
3290,329.0000000000063,43.80624862903933,34.00099078916569,9.80525783987366,3706.8990736799924,25.270641317346893,125.31767199999997,125.31767200000003,13.245371231622677,0.1,9.729088228515558,3715.122184732618,34.0,25.284248387054127,3715.69148230532,5.867754936433361,2.4271244994325443,5.840100000000012,2.467000000000001,102.38717328337837,48.6465110347945,32.67633082841316,0.4751230986732575,0.6717096485098665,13.30441257943452,43.72908822851556,33.981182226739506,5.840896129046394,2.467479502394705,25.3144938843329,3707.160582860603
3291,329.10000000000633,43.80624862903933,34.00099078916569,9.80525783987366,3706.8990736799924,25.270641317346893,125.31767199999997,125.31767200000003,13.245371231622677,0.1,9.808503153080444,3715.122184732618,34.0,25.284248387054127,3715.69148230532,5.867754936433361,2.4271244994325443,5.840100000000012,2.467000000000001,102.38717328337837,48.6465110347945,32.67633082841316,0.4751230986732575,0.6717096485098665,13.306123574790904,43.808503153080444,33.97802321560969,5.840453563851443,2.466564176524665,25.384526210887415,3706.8603630823122
3292,329.20000000000636,43.80624862903933,34.00099078916569,9.80525783987366,3706.8990736799924,25.270641317346893,125.31767199999997,125.31767200000003,13.245371231622677,0.1,9.774518287638529,3715.122184732618,34.0,25.237472756345287,3716.157489722968,5.867754936433361,2.4271244994325443,5.840100000000012,2.467000000000001,102.38717328337837,48.6465110347945,32.67633082841316,0.4751230986732575,0.6717096485098665,13.273255184572609,43.77451828763853,33.98835850383477,5.839606758100973,2.467483363476841,25.357952967229185,3706.965843523479
3293,329.3000000000064,43.80624862903933,34.00099078916569,9.80525783987366,3706.8990736799924,25.270641317346893,125.31767199999997,125.31767200000003,13.245371231622677,0.1,9.83542789181866,3715.122184732618,34.0,25.237472756345287,3716.157489722968,5.867754936433361,2.4271244994325443,5.840100000000012,2.467000000000001,102.38717328337837,48.6465110347945,32.67633082841316,0.4751230986732575,0.6717096485098665,13.286278277219619,43.83542789181866,33.99487058509857,5.84071720685655,2.468418931402302,25.323796919371976,3706.8061203514408
3294,329.4000000000064,43.80624862903933,34.00099078916569,9.80525783987366,3706.8990736799924,25.270641317346893,125.31767199999997,125.31767200000003,13.245371231622677,0.1,9.809246071880551,3715.122184732618,34.0,25.237472756345287,3716.157489722968,5.867754936433361,2.4271244994325443,5.840100000000012,2.467000000000001,102.38717328337837,48.6465110347945,32.67633082841316,0.4751230986732575,0.6717096485098665,13.286058972584582,43.80924607188055,34.03832041974855,5.840406879324188,2.4659945781822867,25.198744051045008,3706.8477383559803
3295,329.5000000000064,43.80624862903933,34.00099078916569,9.80525783987366,3706.8990736799924,25.270641317346893,125.31767199999997,125.31767200000003,13.245371231622677,0.1,9.819942366452011,3715.122184732618,34.0,25.237472756345287,3716.157489722968,5.870416343984802,2.4257729367250174,5.840100000000012,2.467000000000001,102.38717328337837,48.6465110347945,32.67633082841316,0.4751230986732575,0.6717096485098665,13.324509177614598,43.81994236645201,34.035161543747996,5.838073611836871,2.4658168278131907,25.062092764473203,3706.7895087913635
3296,329.60000000000645,43.80624862903933,34.00099078916569,9.80525783987366,3706.8990736799924,25.270641317346893,125.31767199999997,125.31767200000003,13.245371231622677,0.1,9.81210534867153,3715.122184732618,34.0,25.237472756345287,3716.157489722968,5.870416343984802,2.4257729367250174,5.840100000000012,2.467000000000001,102.38717328337837,48.6465110347945,32.67633082841316,0.4751230986732575,0.6717096485098665,13.262348345200834,43.81210534867153,33.97717468997399,5.8401939673546055,2.46763138511439,25.145347938296645,3706.854677371528
3297,329.70000000000647,43.80624862903933,34.00099078916569,9.80525783987366,3706.8990736799924,25.270641317346893,125.31767199999997,125.31767200000003,13.245371231622677,0.1,9.842587389061642,3715.122184732618,34.0,25.24084055649623,3714.6975734522543,5.870416343984802,2.4257729367250174,5.840100000000012,2.467000000000001,102.38717328337837,48.6465110347945,32.67633082841316,0.4751230986732575,0.6717096485098665,13.255606952567884,43.84258738906164,34.02864972319169,5.83854272550399,2.4677751539831,25.339693035771287,3707.022267173052
3298,329.8000000000065,43.80624862903933,34.00099078916569,9.80525783987366,3706.8990736799924,25.270641317346893,125.31767199999997,125.31767200000003,13.245371231622677,0.1,9.819236876991113,3715.122184732618,34.0,25.24084055649623,3714.6975734522543,5.870416343984802,2.4257729367250174,5.840100000000012,2.467000000000001,102.38717328337837,48.6465110347945,32.67633082841316,0.4751230986732575,0.6717096485098665,13.326974845011234,43.81923687699111,33.97177603973425,5.839240980400715,2.4666869322972267,25.31898954677926,3706.9364918005654
3299,329.9000000000065,43.80624862903933,34.00099078916569,9.80525783987366,3706.8990736799924,25.270641317346893,125.31767199999997,125.31767200000003,13.245371231622677,0.1,9.828123860070193,3715.122184732618,34.0,25.24084055649623,3714.6975734522543,5.870416343984802,2.4257729367250174,5.840100000000012,2.467000000000001,102.38717328337837,48.6465110347945,32.67633082841316,0.4751230986732575,0.6717096485098665,13.173560603895906,43.82812386007019,33.994441080220234,5.838350602149012,2.468615783850424,25.47917029243475,3706.8724413086024
3300,330.00000000000654,43.80624862903933,34.00099078916569,9.80525783987366,3706.8990736799924,25.270641317346893,125.31767199999997,125.31767200000003,13.245371231622677,0.1,9.792850725847451,3715.122184732618,34.0,25.24084055649623,3714.6975734522543,5.867726841610038,2.4245210364380867,5.840100000000012,2.467000000000001,102.38717328337837,48.6465110347945,32.67633082841316,0.4751230986732575,0.6717096485098665,13.235168273424593,43.79285072584745,33.9867349657345,5.8395416663944175,2.4667926930845665,25.344051368469362,3706.7354658507843
3301,330.10000000000656,43.80624862903933,34.00099078916569,9.80525783987366,3706.8990736799924,25.270641317346893,125.31767199999997,125.31767200000003,13.245371231622677,0.1,9.756178112303836,3715.122184732618,34.0,25.24084055649623,3714.6975734522543,5.867726841610038,2.4245210364380867,5.840100000000012,2.467000000000001,102.38717328337837,48.6465110347945,32.67633082841316,0.4751230986732575,0.6717096485098665,13.233598290957183,43.756178112303836,34.00903805845198,5.838519187181438,2.466155076339855,25.21170574442654,3706.899089920397
3302,330.2000000000066,43.80624862903933,34.00099078916569,9.80525783987366,3706.8990736799924,25.270641317346893,125.31767199999997,125.31767200000003,13.245371231622677,0.1,9.792654951187345,3715.122184732618,34.0,25.23827412894207,3713.5123247308325,5.867726841610038,2.4245210364380867,5.840100000000012,2.467000000000001,102.38717328337837,48.6465110347945,32.67633082841316,0.4751230986732575,0.6717096485098665,13.23517680656413,43.792654951187345,33.97017045970985,5.840546240757051,2.4663131899857866,25.163928741315274,3706.836919772853
3303,330.3000000000066,43.80624862903933,34.00099078916569,9.80525783987366,3706.8990736799924,25.270641317346893,125.31767199999997,125.31767200000003,13.245371231622677,0.1,9.7842552968401,3715.122184732618,34.0,25.23827412894207,3713.5123247308325,5.867726841610038,2.4245210364380867,5.840100000000012,2.467000000000001,102.38717328337837,48.6465110347945,32.67633082841316,0.4751230986732575,0.6717096485098665,13.24492464024481,43.7842552968401,34.025690642618095,5.8391070941592025,2.465661650827975,25.255082595952395,3706.9889120782777
3304,330.4000000000066,43.80624862903933,34.00099078916569,9.80525783987366,3706.8990736799924,25.270641317346893,125.31767199999997,125.31767200000003,13.245371231622677,0.1,9.771714118368166,3715.122184732618,34.0,25.23827412894207,3713.5123247308325,5.867726841610038,2.4245210364380867,5.840100000000012,2.467000000000001,102.38717328337837,48.6465110347945,32.67633082841316,0.4751230986732575,0.6717096485098665,13.182473040105245,43.771714118368166,34.00242692270212,5.841367361111294,2.465879925982714,25.260947497695117,3706.9323423612213
3305,330.50000000000665,43.80624862903933,34.00099078916569,9.80525783987366,3706.8990736799924,25.270641317346893,125.31767199999997,125.31767200000003,13.245371231622677,0.1,9.813780145961793,3715.122184732618,34.0,25.23827412894207,3713.5123247308325,5.873102756337557,2.423265627845384,5.840100000000012,2.467000000000001,102.38717328337837,48.6465110347945,32.67633082841316,0.4751230986732575,0.6717096485098665,13.155342110434848,43.81378014596179,34.079303019918214,5.839353636354825,2.466026092481775,25.21623222644102,3706.678305904371
3306,330.6000000000067,43.80624862903933,34.00099078916569,9.80525783987366,3706.8990736799924,25.270641317346893,125.31767199999997,125.31767200000003,13.245371231622677,0.1,9.848778257489577,3715.122184732618,34.0,25.23827412894207,3713.5123247308325,5.873102756337557,2.423265627845384,5.840100000000012,2.467000000000001,102.38717328337837,48.6465110347945,32.67633082841316,0.4751230986732575,0.6717096485098665,13.253121819527612,43.84877825748958,34.03748361606882,5.838690442499825,2.4676209040543617,25.254989199706745,3706.958862098143
3307,330.7000000000067,43.80624862903933,34.00099078916569,9.80525783987366,3706.8990736799924,25.270641317346893,125.31767199999997,125.31767200000003,13.245371231622677,0.1,9.794654277808704,3715.122184732618,34.0,25.19877451436487,3706.526165755076,5.873102756337557,2.423265627845384,5.840100000000012,2.467000000000001,102.38717328337837,48.6465110347945,32.67633082841316,0.4751230986732575,0.6717096485098665,13.110226543098962,43.794654277808704,33.99644093779178,5.839728936315284,2.464655117013374,25.35012698219673,3706.7954658165554
3308,330.8000000000067,43.80624862903933,34.00099078916569,9.80525783987366,3706.8990736799924,25.270641317346893,125.31767199999997,125.31767200000003,13.245371231622677,0.1,9.791884945182254,3715.122184732618,34.0,25.19877451436487,3706.526165755076,5.873102756337557,2.423265627845384,5.840100000000012,2.467000000000001,102.38717328337837,48.6465110347945,32.67633082841316,0.4751230986732575,0.6717096485098665,13.248084745276733,43.791884945182254,34.00745537530717,5.8405946293750866,2.4685072985705516,25.037781941768593,3706.842278728264
3309,330.90000000000674,43.80624862903933,34.00099078916569,9.80525783987366,3706.8990736799924,25.270641317346893,125.31767199999997,125.31767200000003,13.245371231622677,0.1,9.819652235503881,3715.122184732618,34.0,25.19877451436487,3706.526165755076,5.873102756337557,2.423265627845384,5.840100000000012,2.467000000000001,102.38717328337837,48.6465110347945,32.67633082841316,0.4751230986732575,0.6717096485098665,13.23517400874097,43.81965223550388,33.9676159457176,5.841038369903979,2.4672071668514635,25.392517522912826,3706.8886360438455
3310,331.00000000000676,43.80624862903933,34.00099078916569,9.80525783987366,3706.8990736799924,25.270641317346893,125.31767199999997,125.31767200000003,13.245371231622677,0.1,9.833301873215454,3715.122184732618,34.0,25.19877451436487,3706.526165755076,5.8688618267780255,2.4221149717820833,5.840100000000012,2.467000000000001,102.38717328337837,48.6465110347945,32.67633082841316,0.4751230986732575,0.6717096485098665,13.293901504634656,43.833301873215454,33.96447141319093,5.838733682651956,2.466831936045322,25.475315517197753,3706.95941253727
3311,331.1000000000068,43.80624862903933,34.00099078916569,9.80525783987366,3706.8990736799924,25.270641317346893,125.31767199999997,125.31767200000003,13.245371231622677,0.1,9.825060345849515,3715.122184732618,34.0,25.19877451436487,3706.526165755076,5.8688618267780255,2.4221149717820833,5.840100000000012,2.467000000000001,102.38717328337837,48.6465110347945,32.67633082841316,0.4751230986732575,0.6717096485098665,13.263602352619548,43.825060345849515,34.046008913615935,5.840125572178363,2.4671196257383463,25.07769440666196,3706.85826182535
3312,331.2000000000068,43.80624862903933,34.00099078916569,9.80525783987366,3706.8990736799924,25.270641317346893,125.31767199999997,125.31767200000003,13.245371231622677,0.1,9.83560367009801,3715.122184732618,34.0,25.265800955694793,3708.230772426225,5.8688618267780255,2.4221149717820833,5.840100000000012,2.467000000000001,102.38717328337837,48.6465110347945,32.67633082841316,0.4751230986732575,0.6717096485098665,13.280151878123986,43.83560367009801,33.983358416818355,5.839520110184279,2.4669632784880804,25.36498613374577,3706.8760841294575
3313,331.30000000000683,43.80624862903933,34.00099078916569,9.80525783987366,3706.8990736799924,25.270641317346893,125.31767199999997,125.31767200000003,13.245371231622677,0.1,9.77490497862118,3715.122184732618,34.0,25.265800955694793,3708.230772426225,5.8688618267780255,2.4221149717820833,5.840100000000012,2.467000000000001,102.38717328337837,48.6465110347945,32.67633082841316,0.4751230986732575,0.6717096485098665,13.244787413854406,43.77490497862118,34.01063609563101,5.842614224059996,2.4682426293398487,25.2928224769554,3706.9965748380455
3314,331.40000000000686,43.80624862903933,34.00099078916569,9.80525783987366,3706.8990736799924,25.270641317346893,125.31767199999997,125.31767200000003,13.245371231622677,0.1,9.804685738161709,3715.122184732618,34.0,25.265800955694793,3708.230772426225,5.8688618267780255,2.4221149717820833,5.840100000000012,2.467000000000001,102.38717328337837,48.6465110347945,32.67633082841316,0.4751230986732575,0.6717096485098665,13.288014257872192,43.80468573816171,34.04436155647861,5.838970126308472,2.4654267611035356,25.39828924310703,3706.745046963142
3315,331.5000000000069,43.80624862903933,34.00099078916569,9.80525783987366,3706.8990736799924,25.270641317346893,125.31767199999997,125.31767200000003,13.245371231622677,0.1,9.830511865001938,3715.122184732618,34.0,25.265800955694793,3708.230772426225,5.875158038989574,2.4208765947453528,5.840100000000012,2.467000000000001,102.38717328337837,48.6465110347945,32.67633082841316,0.4751230986732575,0.6717096485098665,13.167720889079137,43.83051186500194,34.04499008551598,5.8404433920990195,2.466336318705867,25.17915713586061,3706.9499860656465
3316,331.6000000000069,43.80624862903933,34.00099078916569,9.80525783987366,3706.8990736799924,25.270641317346893,125.31767199999997,125.31767200000003,13.245371231622677,0.1,9.815113877694088,3715.122184732618,34.0,25.265800955694793,3708.230772426225,5.875158038989574,2.4208765947453528,5.840100000000012,2.467000000000001,102.38717328337837,48.6465110347945,32.67633082841316,0.4751230986732575,0.6717096485098665,13.258463812468078,43.81511387769409,34.045847830291024,5.839786840298733,2.4679454208335874,25.28091604465195,3706.735172323729
3317,331.7000000000069,43.80624862903933,34.00099078916569,9.80525783987366,3706.8990736799924,25.270641317346893,125.31767199999997,125.31767200000003,13.245371231622677,0.1,9.78303063950581,3715.122184732618,34.0,25.24375838955475,3710.8769518983177,5.875158038989574,2.4208765947453528,5.840100000000012,2.467000000000001,102.38717328337837,48.6465110347945,32.67633082841316,0.4751230986732575,0.6717096485098665,13.279782492807405,43.78303063950581,34.010071276580696,5.840385882402987,2.4661928991191524,25.461255997754012,3707.112061362454
3318,331.80000000000695,43.80624862903933,34.00099078916569,9.80525783987366,3706.8990736799924,25.270641317346893,125.31767199999997,125.31767200000003,13.245371231622677,0.1,9.756869996652533,3715.122184732618,34.0,25.24375838955475,3710.8769518983177,5.875158038989574,2.4208765947453528,5.840100000000012,2.467000000000001,102.38717328337837,48.6465110347945,32.67633082841316,0.4751230986732575,0.6717096485098665,13.23040307900275,43.75686999665253,34.027794037703806,5.841258128875598,2.4672078895418554,25.442099050642305,3706.800198913065
3319,331.90000000000697,43.80624862903933,34.00099078916569,9.80525783987366,3706.8990736799924,25.270641317346893,125.31767199999997,125.31767200000003,13.245371231622677,0.1,9.81124857454379,3715.122184732618,34.0,25.24375838955475,3710.8769518983177,5.875158038989574,2.4208765947453528,5.840100000000012,2.467000000000001,102.38717328337837,48.6465110347945,32.67633082841316,0.4751230986732575,0.6717096485098665,13.28161502137868,43.81124857454379,33.98326470736369,5.839364750178399,2.4686983661769277,25.194589874049377,3706.782662457382
3320,332.000000000007,43.80624862903933,34.00099078916569,9.80525783987366,3706.8990736799924,25.270641317346893,125.31767199999997,125.31767200000003,13.245371231622677,0.1,9.816130195190695,3715.122184732618,34.0,25.24375838955475,3710.8769518983177,5.877352454712175,2.4195565275238735,5.840100000000012,2.467000000000001,102.38717328337837,48.6465110347945,32.67633082841316,0.4751230986732575,0.6717096485098665,13.224128784346286,43.816130195190695,34.02557971216505,5.83989556592387,2.466808220769699,25.342364447471788,3706.6980407769956
3321,332.100000000007,43.80624862903933,34.00099078916569,9.80525783987366,3706.8990736799924,25.270641317346893,125.31767199999997,125.31767200000003,13.245371231622677,0.1,9.788229600998065,3715.122184732618,34.0,25.24375838955475,3710.8769518983177,5.877352454712175,2.4195565275238735,5.840100000000012,2.467000000000001,102.38717328337837,48.6465110347945,32.67633082841316,0.4751230986732575,0.6717096485098665,13.232391357203651,43.788229600998065,34.013421515767774,5.841445250245381,2.4671324289492538,25.251022518247883,3706.969454621899
3322,332.20000000000704,43.80624862903933,34.00099078916569,9.80525783987366,3706.8990736799924,25.270641317346893,125.31767199999997,125.31767200000003,13.245371231622677,0.1,9.815818083983942,3715.122184732618,34.0,25.214112650976695,3707.8436658554856,5.877352454712175,2.4195565275238735,5.840100000000012,2.467000000000001,102.38717328337837,48.6465110347945,32.67633082841316,0.4751230986732575,0.6717096485098665,13.18656456558381,43.81581808398394,34.04040986591404,5.840834082062458,2.468390784222527,25.271199462036158,3707.0755362782015
3323,332.30000000000706,43.80624862903933,34.00099078916569,9.80525783987366,3706.8990736799924,25.270641317346893,125.31767199999997,125.31767200000003,13.245371231622677,0.1,9.800923074689365,3715.122184732618,34.0,25.214112650976695,3707.8436658554856,5.877352454712175,2.4195565275238735,5.840100000000012,2.467000000000001,102.38717328337837,48.6465110347945,32.67633082841316,0.4751230986732575,0.6717096485098665,13.218534196634169,43.800923074689365,34.035620028246726,5.840445086608476,2.4673718235426327,25.153490771539776,3706.844399357348
3324,332.4000000000071,43.80624862903933,34.00099078916569,9.80525783987366,3706.8990736799924,25.270641317346893,125.31767199999997,125.31767200000003,13.245371231622677,0.1,9.838200738014386,3715.122184732618,34.0,25.214112650976695,3707.8436658554856,5.877352454712175,2.4195565275238735,5.840100000000012,2.467000000000001,102.38717328337837,48.6465110347945,32.67633082841316,0.4751230986732575,0.6717096485098665,13.251702012151378,43.838200738014386,34.03058665645123,5.839616810362213,2.467187306670874,25.160335241489186,3706.8413382201943
3325,332.5000000000071,43.80624862903933,34.00099078916569,9.80525783987366,3706.8990736799924,25.270641317346893,125.31767199999997,125.31767200000003,13.245371231622677,0.1,9.78664961238642,3715.122184732618,34.0,25.214112650976695,3707.8436658554856,5.879350321564836,2.4184474880220854,5.840100000000012,2.467000000000001,102.38717328337837,48.6465110347945,32.67633082841316,0.4751230986732575,0.6717096485098665,13.160349013798601,43.78664961238642,33.986068603770306,5.841074875190553,2.4685976588943346,25.21927561425992,3707.0811472329506
3326,332.6000000000071,43.80624862903933,34.00099078916569,9.80525783987366,3706.8990736799924,25.270641317346893,125.31767199999997,125.31767200000003,13.245371231622677,0.1,9.806978044541623,3715.122184732618,34.0,25.214112650976695,3707.8436658554856,5.879350321564836,2.4184474880220854,5.840100000000012,2.467000000000001,102.38717328337837,48.6465110347945,32.67633082841316,0.4751230986732575,0.6717096485098665,13.23204363696005,43.80697804454162,33.9695663267786,5.839377471011303,2.4683324306481507,25.38667880349348,3706.7373022159804
3327,332.70000000000715,43.80624862903933,34.00099078916569,9.80525783987366,3706.8990736799924,25.270641317346893,125.31767199999997,125.31767200000003,13.245371231622677,0.1,9.796266794440626,3715.122184732618,34.0,25.279850155884066,3712.2331030410924,5.879350321564836,2.4184474880220854,5.840100000000012,2.467000000000001,102.38717328337837,48.6465110347945,32.67633082841316,0.4751230986732575,0.6717096485098665,13.368557344244824,43.796266794440626,33.99473574800463,5.84186179074932,2.467996794774244,25.376543216467724,3706.979604567507
3328,332.8000000000072,43.80624862903933,34.00099078916569,9.80525783987366,3706.8990736799924,25.270641317346893,125.31767199999997,125.31767200000003,13.245371231622677,0.1,9.833513351493394,3715.122184732618,34.0,25.279850155884066,3712.2331030410924,5.879350321564836,2.4184474880220854,5.840100000000012,2.467000000000001,102.38717328337837,48.6465110347945,32.67633082841316,0.4751230986732575,0.6717096485098665,13.362550754615718,43.833513351493394,33.97456907255267,5.839873621329935,2.467305963783649,25.127630426607933,3706.7319446437036
3329,332.9000000000072,43.80624862903933,34.00099078916569,9.80525783987366,3706.8990736799924,25.270641317346893,125.31767199999997,125.31767200000003,13.245371231622677,0.1,9.799337536083293,3715.122184732618,34.0,25.279850155884066,3712.2331030410924,5.879350321564836,2.4184474880220854,5.840100000000012,2.467000000000001,102.38717328337837,48.6465110347945,32.67633082841316,0.4751230986732575,0.6717096485098665,13.202239142705807,43.79933753608329,34.01623231357834,5.839561964104782,2.4680228157925987,25.45605776727894,3706.969517389854
3330,333.0000000000072,43.80624862903933,34.00099078916569,9.80525783987366,3706.8990736799924,25.270641317346893,125.31767199999997,125.31767200000003,13.245371231622677,0.1,9.809172429910674,3715.122184732618,34.0,25.279850155884066,3712.2331030410924,5.880209900700985,2.4171436504407477,5.840100000000012,2.467000000000001,102.38717328337837,48.6465110347945,32.67633082841316,0.4751230986732575,0.6717096485098665,13.206419809359842,43.809172429910674,34.029808890363874,5.839634397161507,2.46692101478034,25.12007216134102,3706.8675249513008
3331,333.10000000000724,43.80624862903933,34.00099078916569,9.80525783987366,3706.8990736799924,25.270641317346893,125.31767199999997,125.31767200000003,13.245371231622677,0.1,9.875208049782543,3715.122184732618,34.0,25.279850155884066,3712.2331030410924,5.880209900700985,2.4171436504407477,5.840100000000012,2.467000000000001,102.38717328337837,48.6465110347945,32.67633082841316,0.4751230986732575,0.6717096485098665,13.268433766777555,43.87520804978254,34.000794607219056,5.8403953990648185,2.466975815616472,25.346265859700345,3706.8849479794853
3332,333.20000000000726,43.80624862903933,34.00099078916569,9.80525783987366,3706.8990736799924,25.270641317346893,125.31767199999997,125.31767200000003,13.245371231622677,0.1,9.76953102033849,3715.122184732618,34.0,25.229593203933543,3711.0409020253855,5.880209900700985,2.4171436504407477,5.840100000000012,2.467000000000001,102.38717328337837,48.6465110347945,32.67633082841316,0.4751230986732575,0.6717096485098665,13.21635152390196,43.76953102033849,33.9794448063808,5.841515190484241,2.467409430353449,25.25842785151699,3706.8604543855104
3333,333.3000000000073,43.80624862903933,34.00099078916569,9.80525783987366,3706.8990736799924,25.270641317346893,125.31767199999997,125.31767200000003,13.245371231622677,0.1,9.798663515510057,3715.122184732618,34.0,25.229593203933543,3711.0409020253855,5.880209900700985,2.4171436504407477,5.840100000000012,2.467000000000001,102.38717328337837,48.6465110347945,32.67633082841316,0.4751230986732575,0.6717096485098665,13.284187837247863,43.79866351551006,33.996917180748284,5.840210728219339,2.4675225809158374,25.273019454455717,3706.838526855341
3334,333.4000000000073,43.80624862903933,34.00099078916569,9.80525783987366,3706.8990736799924,25.270641317346893,125.31767199999997,125.31767200000003,13.245371231622677,0.1,9.831301988453298,3715.122184732618,34.0,25.229593203933543,3711.0409020253855,5.880209900700985,2.4171436504407477,5.840100000000012,2.467000000000001,102.38717328337837,48.6465110347945,32.67633082841316,0.4751230986732575,0.6717096485098665,13.23472773583626,43.8313019884533,34.055119586883386,5.840487608229571,2.4672391241899057,25.314046761035932,3706.9979027008917
3335,333.50000000000733,43.80624862903933,34.00099078916569,9.80525783987366,3706.8990736799924,25.270641317346893,125.31767199999997,125.31767200000003,13.245371231622677,0.1,9.836106522908885,3715.122184732618,34.0,25.229593203933543,3711.0409020253855,5.878805193432197,2.415872757495688,5.840100000000012,2.467000000000001,102.38717328337837,48.6465110347945,32.67633082841316,0.4751230986732575,0.6717096485098665,13.278834681694823,43.836106522908885,33.97535456675305,5.839082110738053,2.4663265041440465,25.1118322361641,3706.75829482602
3336,333.60000000000736,43.80624862903933,34.00099078916569,9.80525783987366,3706.8990736799924,25.270641317346893,125.31767199999997,125.31767200000003,13.245371231622677,0.1,9.86088378528975,3715.122184732618,34.0,25.229593203933543,3711.0409020253855,5.878805193432197,2.415872757495688,5.840100000000012,2.447000000000001,102.38717328337837,48.6465110347945,32.4114234037807,0.4751230986732575,0.6662640899487813,13.265446197976718,43.86088378528975,34.01634207279708,5.8420599212122895,2.4462783910042933,25.226190756694585,3707.005499251605
3337,333.7000000000074,43.80624862903933,34.00099078916569,9.80525783987366,3706.8990736799924,25.270641317346893,125.31767199999997,124.38535200000003,13.269343923775569,0.1,9.872312985354263,3715.122184732618,34.0,25.262565154068092,3713.3206346136517,5.878805193432197,2.415872757495688,5.840100000000012,2.447000000000001,102.38717328337837,48.6465110347945,32.47008458147883,0.4751230986732575,0.6674699560314725,13.253864704492777,43.87231298535426,33.97524552294685,5.840838731507239,2.4484192459946548,25.32954466484914,3706.6545717369
3338,333.8000000000074,43.80624862903933,34.00099078916569,9.80525783987366,3709.4218091695457,25.270641317346893,125.31767199999997,124.38535200000003,13.269343923775569,0.1,9.836019261490563,3715.122184732618,34.0,25.262565154068092,3713.3206346136517,5.878805193432197,2.415872757495688,5.840100000000012,2.447000000000001,102.38717328337837,48.67961748775994,32.47008458147883,0.47544644438057393,0.6670160173227151,13.306352718183021,43.83601926149056,34.038040672250574,5.840722502469757,2.4467782277988315,25.343365333261787,3709.4344847614107
3339,333.9000000000074,43.80624862903933,34.00099078916569,9.808134820489126,3711.944544659099,25.270641317346893,125.21666398006867,124.38535200000003,13.281277809096238,0.1,9.857751114876379,3715.122184732618,34.0,25.262565154068092,3713.3206346136517,5.878805193432197,2.415872757495688,5.840100000000012,2.447000000000001,102.41879855270984,48.67346071701411,32.499286798858506,0.47523952052575885,0.6677003508710483,13.337916001559913,43.85775111487638,34.01579645437217,5.838421094712597,2.448449435926414,25.271686988813606,3712.0744962431663
3340,334.00000000000745,43.80624862903933,34.00099078916569,9.811015625784602,3714.1939657108946,25.27042417103191,125.11567291147527,124.38535200000003,13.293211694416904,0.1,9.784612303845172,3715.122184732618,34.0,25.262565154068092,3713.3206346136517,5.881737698523333,2.4172806275829095,5.840100000000012,2.447000000000001,102.44958552551928,48.66367618297807,32.528489016238176,0.4750012011601197,0.6684346840943394,13.339967309745413,43.78461230384517,34.01384000704544,5.83845809155707,2.445264406151101,25.114726146051638,3714.086711167053
3341,334.10000000000747,43.806925604390926,34.00040660023559,9.81335940575763,3716.170118193027,25.26998958972597,125.0222663774322,124.38535200000003,13.303852656571355,0.1,9.81819914203826,3715.122184732618,34.0,25.262565154068092,3713.3206346136517,5.881737698523333,2.4172806275829095,5.840100000000012,2.447000000000001,102.47358706210844,48.65321814326083,32.55452745063012,0.4747878896224497,0.6691135487640788,13.379327785172677,43.81819914203826,34.0195978830513,5.8408772693928075,2.447837533753762,25.166338952827243,3716.2808177602024
3342,334.2000000000075,43.80828045507032,33.99923746082644,9.815165595804206,3717.8935248600033,25.269473295666508,124.93645445562517,124.38535200000003,13.313200912540154,0.1,9.811319336351424,3715.122184732618,34.0,25.235882503228236,3714.569018083973,5.881737698523333,2.4172806275829095,5.840100000000012,2.447000000000001,102.49134707649648,48.642371754733574,32.577402632985766,0.47459978956495086,0.669733022009058,13.234005767547133,43.811319336351424,33.96584090301072,5.839602324209897,2.4470241210975696,25.308126655886483,3717.8821511161227
3343,334.3000000000075,43.809890053430095,33.99784851848864,9.81659982801867,3719.384735735224,25.269011179112855,124.8595334760823,124.38535200000003,13.321353545905698,0.1,9.86638894212033,3715.122184732618,34.0,25.235882503228236,3714.569018083973,5.881737698523333,2.4172806275829095,5.840100000000012,2.447000000000001,102.50523757216192,48.63192154863032,32.597352126831254,0.4744335284759892,0.6702871506780783,13.390163783217934,43.86638894212033,33.99065169528403,5.839069336332702,2.4472560103704355,25.315800280104767,3719.321779917655
3344,334.40000000000754,43.81133074799777,33.996605349390045,9.81782721567997,3720.6678085409144,25.268667132114757,124.79277691163371,124.38535200000003,13.328407769246791,0.1,9.802114046400128,3715.122184732618,34.0,25.235882503228236,3714.569018083973,5.881737698523333,2.4172806275829095,5.840100000000012,2.447000000000001,102.51733295558046,48.622687870785256,32.61461381134691,0.4742874835795122,0.6707694543341622,13.32262513307015,43.80211404640013,33.990324828163985,5.840663650103091,2.4480285237563097,25.220422315197403,3720.8083423337016
3345,334.50000000000756,43.812403348919034,33.99567982146741,9.81894107263673,3721.7702468495495,25.26843301578343,124.73618980300677,124.38535200000003,13.33447738842985,0.1,9.833843797177167,3715.122184732618,34.0,25.235882503228236,3714.569018083973,5.878676538023601,2.4201674525653156,5.840100000000012,2.447000000000001,102.52862614967874,48.61504040915316,32.629466169487856,0.4741606538078584,0.6711804802561562,13.409256348458323,43.83384379717717,33.9726930071055,5.8422241063897635,2.4459311399760906,25.33290703166026,3721.6738585108615
3346,334.6000000000076,43.81313322999358,33.99505002750292,9.819963515976312,3722.7195678731487,25.268265641779355,124.68853064947594,124.38535200000003,13.339692510032112,0.1,9.79136726674237,3715.122184732618,34.0,25.235882503228236,3714.569018083973,5.878676538023601,2.4201674525653156,5.840100000000012,2.447000000000001,102.5391851897914,48.60886121307751,32.64222757204859,0.4740515650003128,0.6715283336707067,13.361794524357947,43.79136726674237,34.02175658423489,5.840056118945346,2.445037716365839,25.26918558100352,3722.907723119819
3347,334.7000000000076,43.81365503518869,33.99459977997194,9.82088046289125,3723.5399294858007,25.2681237210649,124.64802639951404,124.38535200000003,13.344183305153141,0.1,9.795731432229296,3715.122184732618,34.0,25.255437961448255,3717.9201893836735,5.878676538023601,2.4201674525653156,5.840100000000012,2.447000000000001,102.54868782624814,48.60377921489324,32.65321654770975,0.47395808025593006,0.6718246415230218,13.314084110629718,43.795731432229296,33.951887085693805,5.84143857327451,2.448099224079547,25.146835945953377,3723.5675125337048
3348,334.8000000000076,43.81409748720807,33.99421800586936,9.821676260459085,3724.250691916995,25.26798595958035,124.6130735799831,124.38535200000003,13.348064053431113,0.1,9.809465823576716,3715.122184732618,34.0,25.255437961448255,3717.9201893836735,5.878676538023601,2.4201674525653156,5.840100000000012,2.447000000000001,102.55687563426983,48.59942518445597,32.662712738745945,0.4738777861931692,0.6720802275906914,13.394359169735619,43.809465823576716,33.9655575033254,5.839988622887096,2.4490017213021,25.447780890173057,3724.320638361324
3349,334.90000000000765,43.81452697241231,33.99384742236245,9.822350761878086,3724.8668766084747,25.267850343802223,124.5825699463213,124.38535200000003,13.351426339084618,0.1,9.827539697373915,3715.122184732618,34.0,25.255437961448255,3717.9201893836735,5.878676538023601,2.4201674525653156,5.840100000000012,2.447000000000001,102.56373885339833,48.59556759076068,32.67094025174007,0.473808464219716,0.6723028842233688,13.365688263543921,43.827539697373915,33.97089162791983,5.839689242519647,2.4492044436495095,25.241597835441205,3724.8415350940977
3350,335.0000000000077,43.814949768162194,33.99348261285893,9.822919002802411,3725.4005224729435,25.267724205486203,124.55588285462704,124.38535200000003,13.354341221550467,0.1,9.82601721185273,3715.122184732618,34.0,25.255437961448255,3717.9201893836735,5.873974509626573,2.422631807793241,5.840100000000012,2.447000000000001,102.56947252945702,48.592118422356315,32.67807296913401,0.4737483504987422,0.6724973932006933,13.404220574235095,43.82601721185273,33.952932963015336,5.838885126923662,2.4472084293617495,25.198024020460775,3725.350661266085
3351,335.1000000000077,43.815343016976215,33.993143299699845,9.823402354116226,3725.8619565717845,25.26761462416589,124.53264189553805,124.38535200000003,13.356865651311253,0.1,9.759410239069226,3715.122184732618,34.0,25.255437961448255,3717.9201893836735,5.873974509626573,2.422631807793241,5.840100000000012,2.447000000000001,102.57434031814708,48.58906916386387,32.68425024875865,0.47369614089799483,0.6726667295998793,13.294440306059906,43.759410239069226,34.01633088428959,5.839827999384724,2.447667526902089,25.410214962572873,3725.9913492560854
3352,335.2000000000077,43.81568464770042,33.99284852637712,9.823819972293023,3726.2605036872883,25.267523852557407,124.51254116701617,124.38535200000003,13.359048480879164,0.1,9.866101182486887,3715.122184732618,34.0,25.28775918591256,3726.720519826089,5.873974509626573,2.422631807793241,5.840100000000012,2.447000000000001,102.57856193934006,48.586423060528645,32.68959163271133,0.47365085006027163,0.6728132999621489,13.43103558721506,43.86610118248689,34.007188568360654,5.83908012528053,2.4488848909165117,25.361912148623418,3726.2059363596613
3353,335.30000000000774,43.815967637267036,33.99260435207364,9.824184857129058,3726.6046608710003,25.267449594284194,124.49524127819747,124.38535200000003,13.36093382145133,0.1,9.85383771174888,3715.122184732618,34.0,25.28775918591256,3726.720519826089,5.873974509626573,2.422631807793241,5.840100000000012,2.447000000000001,102.58227097060482,48.584159232970116,32.69420506109142,0.473611656022823,0.6729396078321865,13.369456077252128,43.85383771174888,34.0774209188363,5.838531231319137,2.4473084659794986,25.182962252176267,3726.551347007491
3354,335.40000000000776,43.816199144859596,33.99240459905363,9.824504346188267,3726.9020068273567,25.267387584370965,124.4803668451037,124.38535200000003,13.362561868616684,0.1,9.822384878685476,3715.122184732618,34.0,25.28775918591256,3726.720519826089,5.873974509626573,2.422631807793241,5.840100000000012,2.447000000000001,102.58553075707827,48.58223056756718,32.69818889250504,0.4735778058468062,0.6730483246756046,13.42257031285764,43.822384878685476,33.98713122406439,5.839679378910193,2.447368703127951,25.39318376146656,3726.9567247054742
3355,335.5000000000078,43.816392466965084,33.9922377942856,9.824782693203485,3727.159104521043,25.267334010656718,124.46754951101744,124.38535200000003,13.363968473692172,0.1,9.832613577490115,3715.122184732618,34.0,25.28775918591256,3726.720519826089,5.8774329790631805,2.42487737757462,5.840100000000012,2.447000000000001,102.58837258284905,48.58057928068433,32.701630855124755,0.47354859091317864,0.6731420526335087,13.385846792014087,43.832613577490115,33.99007184100896,5.840024752095411,2.4473957632579575,25.140666257429732,3727.114955003745
3356,335.6000000000078,43.816559488376626,33.99209368296415,9.825023468292283,3727.381520191839,25.2672866094536,124.45646865762984,124.38535200000003,13.365184683003598,0.1,9.898448696650519,3715.122184732618,34.0,25.28775918591256,3726.720519826089,5.8774329790631805,2.42487737757462,5.840100000000012,2.447000000000001,102.59082650216503,48.57915309871474,32.70460691930982,0.4735233622246873,0.6732230768381815,13.481641406019705,43.89844869665052,34.0377167796105,5.839903353298769,2.4483258580408207,25.286632964622815,3727.6430593507525
3357,335.70000000000783,43.81670726636746,33.99196617572545,9.825230713020087,3727.5739525284844,25.267244518645374,124.44686722516913,124.38535200000003,13.36623682783598,0.1,9.805240709148983,3715.122184732618,34.0,25.276189383410692,3735.371288213882,5.8774329790631805,2.42487737757462,5.840100000000012,2.447000000000001,102.59293343984955,48.57791315393415,32.70718151771466,0.4735015514729919,0.6732932601298008,13.499136684746073,43.80524070914898,34.00442276589852,5.840946384340755,2.445332675571147,25.265357962295,3727.4877069335494
3358,335.80000000000786,43.816838488671195,33.99185295342573,9.825408932293765,3727.740404649732,25.26720756334072,124.43854423450007,124.38535200000003,13.367147135494879,0.1,9.883454775371206,3715.122184732618,34.0,25.276189383410692,3735.371288213882,5.8774329790631805,2.42487737757462,5.840100000000012,2.447000000000001,102.59474220260745,48.57683333580637,32.70940904055598,0.47348267847757003,0.673354082478769,13.414344463586623,43.883454775371206,33.996496784564776,5.839897072051017,2.446416656912709,25.26400396372864,3727.6664367302265
3359,335.9000000000079,43.816953700528984,33.9917535455452,9.825562547776755,3727.8843358511886,25.267175606535616,124.43133700161093,124.38535200000003,13.367934542868571,0.1,9.80268556360705,3715.122184732618,34.0,25.276189383410692,3735.371288213882,5.8774329790631805,2.42487737757462,5.840100000000012,2.447000000000001,102.59630083529566,48.57589534615209,32.711335826399406,0.47346634284733174,0.6734067502677666,13.377013154894586,43.80268556360705,34.014066778132026,5.83904501946018,2.446717455575314,25.254238352965956,3727.986246254258
3360,336.0000000000079,43.817053329064564,33.9916675834902,9.825695396896013,3728.0087652268867,25.267148254158215,124.42510517949839,124.38535200000003,13.368615414271602,0.1,9.776392634374425,3715.122184732618,34.0,25.276189383410692,3735.371288213882,5.87373076393325,2.4269882963837426,5.840100000000012,2.447000000000001,102.59764991697295,48.57508383361813,32.713001918722625,0.47345220746213457,0.6734522997587175,13.399572049704338,43.776392634374425,33.90698078090273,5.8427738030288054,2.4467585332262876,25.337028725276408,3727.8491804305304
3361,336.1000000000079,43.81713860283635,33.991594007179806,9.825810545194056,3728.116332110299,25.267124882557077,124.41972212692473,124.38535200000003,13.369204031630122,0.1,9.839523729410907,3715.122184732618,34.0,25.276189383410692,3735.371288213882,5.87373076393325,2.4269882963837426,5.840100000000012,2.447000000000001,102.59882061015286,48.57438382128041,32.71444226539892,0.4734399823741604,0.6734916573674938,13.334562634267234,43.83952372941091,33.96528321262031,5.839924578644831,2.4469955691110283,25.135081862354138,3728.119420570204
3362,336.20000000000795,43.817211466140066,33.99153113899002,9.825910384016778,3728.209333160339,25.267104809442323,124.41507290777794,124.38535200000003,13.36971288040014,0.1,9.841149535341543,3715.122184732618,34.0,25.242344540246194,3735.33683258144,5.87373076393325,2.4269882963837426,5.840100000000012,2.447000000000001,102.59983642870239,48.5737804158512,32.71568741833916,0.4734294137944907,0.6735256580454044,13.357645769309233,43.84114953534154,33.989425955894674,5.839822598025446,2.447441829327925,25.38535658999524,3728.3337888024944
3363,336.30000000000797,43.817274046082616,33.991477143575004,9.825996850281427,3728.2897540338945,25.267087445404282,124.41105540251566,124.38535200000003,13.370152825004116,0.1,9.83945231299844,3715.122184732618,34.0,25.242344540246194,3735.33683258144,5.87373076393325,2.4269882963837426,5.840100000000012,2.447000000000001,102.60071626867729,48.57325965970866,32.71676396278508,0.4734202783975833,0.6735550422596719,13.522600217120658,43.83945231299844,33.991220718059466,5.839204280705267,2.44541128106884,25.15518221243113,3728.3761476550867
3364,336.400000000008,43.81732818020761,33.99143043544041,9.826071619866347,3728.359304065781,25.267072353914948,124.40758133946912,124.38535200000003,13.37053325865892,0.1,9.823024971674421,3715.122184732618,34.0,25.242344540246194,3735.33683258144,5.87373076393325,2.4269882963837426,5.840100000000012,2.447000000000001,102.60147677761219,48.5728093896423,32.71769488393839,0.4734123807488994,0.6735804515955204,13.42703900866751,43.82302497167442,34.008500700853695,5.83951361064295,2.4471935539334364,25.316431077486733,3728.5262830196325
3365,336.500000000008,43.81737522943476,33.991389840340304,9.826136209526386,3728.419453739271,25.26705923031695,124.40457581580219,124.38535200000003,13.370862267430557,0.1,9.857269130904953,3715.122184732618,34.0,25.242344540246194,3735.33683258144,5.878236155823359,2.429122968129998,5.840100000000012,2.447000000000001,102.60213338943083,48.57241954129341,32.71849996840258,0.4734055514901887,0.6736024327671641,13.349453199139374,43.85726913090495,34.05136496157243,5.8398056461124455,2.447758835460851,25.434892373057238,3728.354801163287
3366,336.60000000000804,43.81741614356389,33.9913545387564,9.82619199802051,3728.4714708603974,25.26704784681967,124.40197547760977,124.38535200000003,13.37114680748974,0.1,9.81095493716311,3715.122184732618,34.0,25.242344540246194,3735.33683258144,5.878236155823359,2.429122968129998,5.840100000000012,2.447000000000001,102.60270033335847,48.57208191235461,32.719196237927406,0.4733996449853935,0.6736214498066445,13.363291456375455,43.81095493716311,34.01527915460793,5.839881827652878,2.448325517023726,25.271780195396758,3728.4003930704293
3367,336.70000000000806,43.81745163275501,33.991323917939646,9.826240210547015,3728.516451807847,25.267038005110777,124.39972623694551,124.38535200000003,13.371392876235674,0.1,9.818098746511296,3715.122184732618,34.0,25.272736165282875,3738.068850524499,5.878236155823359,2.429122968129998,5.840100000000012,2.447000000000001,102.60319027045273,48.57178968013928,32.71979836814871,0.4733945362917901,0.6736378993571991,13.424744527740213,43.818098746511296,33.92861558600845,5.838951563890778,2.44648961598013,25.1554797289449,3728.5618420626315
3368,336.8000000000081,43.817482315266645,33.99129744443765,9.826281905470264,3728.5553466054243,25.26702951425288,124.3977813023601,124.38535200000003,13.371605660124711,0.1,9.785134576152863,3715.122184732618,34.0,25.272736165282875,3738.068850524499,5.878236155823359,2.429122968129998,5.840100000000012,2.447000000000001,102.60361405798452,48.57153696057484,32.72031905032518,0.473390117945802,0.6736521242241937,13.317384614629866,43.78513457615286,34.01527044498724,5.840929239939308,2.446530761153222,25.174459733443932,3728.410705790305
3369,336.9000000000081,43.817508786365224,33.99127460463773,9.826317980209382,3728.588978665419,25.267022190354115,124.39609984086634,124.38535200000003,13.371789653276501,0.1,9.746540828282313,3715.122184732618,34.0,25.272736165282875,3738.068850524499,5.878236155823359,2.429122968129998,5.840100000000012,2.447000000000001,102.60398081283968,48.571318543948166,32.72076928156761,0.4733862970925787,0.6736644230063735,13.439074395244026,43.74654082828231,33.95891482338966,5.841160711855242,2.4458327105489097,25.358589048793437,3728.417108800262
3370,337.00000000000813,43.81753161935201,33.99125490388051,9.82634919360477,3728.6180609114176,25.267015865483017,124.394646183751,124.38535200000003,13.371948750870654,0.1,9.827136002894989,3715.122184732618,34.0,25.272736165282875,3738.068850524499,5.875721426376583,2.431208201771787,5.840100000000012,2.447000000000001,102.60429819356298,48.57112979557496,32.7211585933805,0.47338299321482163,0.673675056172186,13.417652304857004,43.82713600289499,34.024730318843325,5.839416109544711,2.4462090982103826,25.02522897748878,3728.625152148361
3371,337.10000000000815,43.817551337770155,33.99123789043995,9.82637619371878,3728.643209752154,25.26701039503964,124.39338931753565,124.38535200000003,13.372086325416245,0.1,9.749110262698501,3715.122184732618,34.0,25.272736165282875,3738.068850524499,5.875721426376583,2.431208201771787,5.840100000000012,2.447000000000001,102.60457273585747,48.57096663962747,32.72149523829356,0.4733801364259593,0.6736842501214946,13.402201687981925,43.7491102626985,33.9984288885028,5.840221306717603,2.445489565239165,25.326895771205667,3728.471396850598
3372,337.2000000000082,43.81756839242442,33.99122317535088,9.82639954156738,3728.6649576779605,25.267005659120677,124.39230243744308,124.38535200000003,13.372205292855572,0.1,9.836678798391489,3715.122184732618,34.0,25.215883797350337,3735.894614825215,5.875721426376583,2.431208201771787,5.840100000000012,2.447000000000001,102.60481011896988,48.57082554928651,32.721786351617595,0.4733776661441976,0.6736922006485901,13.340314060230545,43.83667879839149,34.028358769253934,5.840364052543611,2.4464719628527782,25.47459529227772,3728.568220314461
3373,337.3000000000082,43.817583157125384,33.99121043608087,9.826419727039717,3728.6837646489635,25.267001558862376,124.39136246479035,124.38535200000003,13.37230817215212,0.1,9.855940295448832,3715.122184732618,34.0,25.215883797350337,3735.894614825215,5.875721426376583,2.431208201771787,5.840100000000012,2.447000000000001,102.60501532581725,48.570703506963,32.72203809725625,0.47337552996536364,0.6736990764929992,13.3685032791065,43.85594029544883,33.95502102395626,5.8393761484700075,2.4474078825583887,25.398057494068883,3728.82687070097
3374,337.4000000000082,43.81759594009067,33.99119940669272,9.826437178220054,3728.7000281774035,25.26699801098354,124.39054953648603,124.38535200000003,13.372397139162775,0.1,9.81250613198717,3715.122184732618,34.0,25.215883797350337,3735.894614825215,5.875721426376583,2.431208201771787,5.840100000000012,2.447000000000001,102.6051927232885,48.570597936534874,32.722255799531325,0.4733736826314709,0.6737050229912364,13.370433739989796,43.81250613198717,33.98345292560316,5.838271988137117,2.446524051801313,25.37211105974448,3728.7834923467485
3375,337.50000000000824,43.81760700095772,33.99118986316547,9.826452267341738,3728.7140920286042,25.266994943227957,124.38984651943446,124.38535200000003,13.372474074332597,0.1,9.812362082217717,3715.122184732618,34.0,25.215883797350337,3735.894614825215,5.872604641428382,2.433309573118486,5.840100000000012,2.447000000000001,102.60534610918006,48.57050662725372,32.72244405989188,0.47337208507216505,0.6737101655334756,13.365644064595465,43.81236208221772,33.977787939960244,5.838900227924782,2.44868136814446,25.334859593606463,3728.8416524082313
3376,337.60000000000827,43.817616564992534,33.99118161113473,9.826465316085583,3728.7262536079825,25.266992291749467,124.38923859381991,124.38535200000003,13.372540603855054,0.1,9.82925739927888,3715.122184732618,34.0,25.215883797350337,3735.894614825215,5.872604641428382,2.433309573118486,5.840100000000012,2.447000000000001,102.60547875981358,48.57042766738486,32.72260685763333,0.47337070353798627,0.6737146125564512,13.440333230243594,43.82925739927888,34.013549701254234,5.840317411871116,2.447862351619105,25.187349278934246,3728.7507854322853
3377,337.7000000000083,43.81762483124187,33.99117447885873,9.826476601381605,3728.7367702204792,25.26699000009486,124.38871291839412,124.38535200000003,13.372598134616489,0.1,9.835161132061138,3715.122184732618,34.0,25.246067883368244,3735.537786669011,5.872604641428382,2.433309573118486,5.840100000000012,2.447000000000001,102.60559348967396,48.57035939514495,32.72274763540656,0.4733695088468347,0.6737184579836052,13.420326072445354,43.83516113206114,34.01580216851691,5.840281074931584,2.4481836277080093,25.32269015797018,3728.805900797309
3378,337.8000000000083,43.81763197570427,33.991168314482294,9.826486361570222,3728.7458644243043,25.266988018895105,124.3882583650732,124.38535200000003,13.37264788380661,0.1,9.803166262438559,3715.122184732618,34.0,25.246067883368244,3735.537786669011,5.872604641428382,2.433309573118486,5.840100000000012,2.447000000000001,102.60569271787438,48.570300364880154,32.72286937167479,0.4733684757475351,0.6737217831853434,13.453567971955719,43.80316626243856,33.99445543391765,5.840275990103174,2.446459239814094,25.35537882796656,3728.799165859451
3379,337.90000000000833,43.81763815229263,33.99116298520621,9.826494802255196,3728.7537286665342,25.26698630553738,124.38786530046895,124.38535200000003,13.37269090424454,0.1,9.777786059524892,3715.122184732618,34.0,25.246067883368244,3735.537786669011,5.872604641428382,2.433309573118486,5.840100000000012,2.447000000000001,102.60577853115458,48.57024932219763,32.7229746426864,0.47336758238669824,0.6737246585994219,13.40997074741851,43.77778605952489,34.03920946334493,5.841158924851969,2.447984515466761,25.051849500871967,3728.811985221991
3380,338.00000000000836,43.817643493856664,33.99115837640508,9.82650210130926,3728.7605293275615,25.26698482353068,124.3875253958153,124.38535200000003,13.372728106307655,0.1,9.827660519476503,3715.122184732618,34.0,25.246067883368244,3735.537786669011,5.871767175611967,2.435330972040986,5.840100000000012,2.447000000000001,102.60585273632223,48.57020518247026,32.723065676134844,0.47336680985719753,0.6737271451335171,13.354327520049708,43.8276605194765,33.943427822856336,5.840974020313095,2.445964857941091,25.155082307158494,3728.749052228883
3381,338.1000000000084,43.81764811416076,33.99115438992075,9.826508412880587,3728.7664102512317,25.266983541637405,124.387231455855,124.38535200000003,13.372760277064017,0.1,9.865629742442422,3715.122184732618,34.0,25.246067883368244,3735.537786669011,5.871767175611967,2.435330972040986,5.840100000000012,2.447000000000001,102.60591690076166,48.57016701003479,32.723144397975666,0.47336614180847736,0.6737292954173894,13.436406856242145,43.86562974244242,33.9224696009651,5.84188671267288,2.4476220673779974,25.266130522900855,3728.835614372003
3382,338.2000000000084,43.817652110591226,33.991150941726374,9.82651387056366,3728.7714958119686,25.266982432980587,124.38697726471473,124.38535200000003,13.372788096971792,0.1,9.79250754646359,3715.122184732618,34.0,25.239364182966423,3734.2313773496053,5.871767175611967,2.435330972040986,5.840100000000012,2.447000000000001,102.60597238365973,48.570133997984655,32.72321247328999,0.47336556410550207,0.6737311549242955,13.360311224065095,43.79250754646359,33.951154438417355,5.839476710468721,2.44736140198106,25.22544594062233,3728.8989311709825
3383,338.3000000000084,43.81765556693972,33.99114795952489,9.826518590011121,3728.77589356486,25.266981474292482,124.38675744990164,124.38535200000003,13.372812154388384,0.1,9.831901678304298,3715.122184732618,34.0,25.239364182966423,3734.2313773496053,5.871767175611967,2.435330972040986,5.840100000000012,2.447000000000001,102.60602036166154,48.57010544960055,32.72327134178839,0.4733650645293776,0.6737327629593918,13.378178998765616,43.8319016783043,33.99704244122573,5.8407873562927355,2.4472519221758233,25.168504402571568,3728.7639117667422
3384,338.40000000000845,43.817658555745766,33.99114538072781,9.826522671211414,3728.7796965277325,25.266980645357346,124.38656736509898,124.38535200000003,13.372832958106766,0.1,9.830274465105923,3715.122184732618,34.0,25.239364182966423,3734.2313773496053,5.871767175611967,2.435330972040986,5.840100000000012,2.447000000000001,102.60606185164112,48.570080762323336,32.72332224848727,0.47336463251607086,0.6737341535135212,13.42813519891038,43.83027446510592,33.937201221436695,5.839910248407439,2.4463793962191875,25.089922827211765,3728.915593645496
3385,338.50000000000847,43.81766114003395,33.99114315095628,9.826526200543576,3728.782985146091,25.266979928611672,124.38640299060451,124.38535200000003,13.372850948150901,0.1,9.831460627343738,3715.122184732618,34.0,25.239364182966423,3734.2313773496053,5.8690385801223,2.4373616736302868,5.840100000000012,2.447000000000001,102.60609773166242,48.570059414481925,32.72336627012527,0.4733642589303352,0.6737353559911085,13.389879601659299,43.83146062734374,34.02230346891128,5.83909246566368,2.4484305046390045,25.244550436799297,3728.67067708849
3386,338.6000000000085,43.817663374560254,33.99114122296581,9.826529252629605,3728.7858289886526,25.266979308833577,124.3862608488215,124.38535200000003,13.372866505070967,0.1,9.780027314726937,3715.122184732618,34.0,25.239364182966423,3734.2313773496053,5.8690385801223,2.4373616736302868,5.840100000000012,2.447000000000001,102.60612876007723,48.57004095438725,32.72340433790867,0.47336393587129716,0.6737363958296769,13.478803437503228,43.78002731472694,33.98304726661428,5.840139922599462,2.4476256686975284,25.28001135020522,3728.6539190678104
3387,338.7000000000085,43.81766530678044,33.99113955581067,9.826531891968617,3728.7882882142153,25.26697877286764,124.38613793185928,124.38535200000003,13.37287995796412,0.1,9.831291730314007,3715.122184732618,34.0,25.252721883279712,3734.93681696951,5.8690385801223,2.4373616736302868,5.840100000000012,2.447000000000001,102.60615559236889,48.57002499117413,32.723437257138215,0.4733636565054818,0.6737372950309277,13.387403520941005,43.83129173031401,33.97504249689051,5.840090546055079,2.446741155589233,25.347415016291457,3728.7739973155653
3388,338.80000000000854,43.81766697770786,33.991138114103784,9.826534174343985,3728.7904148426196,25.26697830936251,124.38603163880121,124.38535200000003,13.372891591413591,0.1,9.811719985033939,3715.122184732618,34.0,25.252721883279712,3734.93681696951,5.8690385801223,2.4373616736302868,5.840100000000012,2.447000000000001,102.60617879555251,48.570011186865,32.72346572418907,0.473363414923023,0.6737380726203871,13.421323236362792,43.81171998503394,33.98596372195642,5.839801094632202,2.445693981855412,25.143728242992882,3728.7949868163505
3389,338.90000000000856,43.817668422731444,33.9911368673109,9.826536148017734,3728.792253855967,25.266977908522964,124.38593972098754,124.38535200000003,13.372901651500985,0.1,9.856222260317466,3715.122184732618,34.0,25.252721883279712,3734.93681696951,5.8690385801223,2.4373616736302868,5.840100000000012,2.447000000000001,102.60619886029565,48.56999924935128,32.72349034122293,0.4733632060133343,0.6737387450476438,13.413929349899547,43.856222260317466,34.00627824193107,5.84055578409443,2.448875668422784,25.327941110882644,3728.61143740734
3390,339.0000000000086,43.81766967238882,33.991135789083586,9.826537854744068,3728.793844151781,25.26697756188679,124.38586023429384,124.38535200000003,13.372910351015651,0.1,9.823902578753824,3715.122184732618,34.0,25.252721883279712,3734.93681696951,5.862875044374357,2.439443415861196,5.840100000000012,2.447000000000001,102.60621621115205,48.5699889261768,32.72351162893531,0.4733630253573061,0.6737393265350113,13.294228052385275,43.823902578753824,33.93326027496045,5.838763975850705,2.4471608810363588,25.364099300619603,3728.8067965125347
3391,339.1000000000086,43.81767075306175,33.99113485665916,9.826539330637864,3728.7952193670394,25.26697726213388,124.38579149769727,124.38535200000003,13.372917873963637,0.1,9.820260833973606,3715.122184732618,34.0,25.252721883279712,3734.93681696951,5.862875044374357,2.439443415861196,5.840100000000012,2.447000000000001,102.60623121533177,48.569979999094166,32.72353003758903,0.4733628691337868,0.6737398293801917,13.408705697074096,43.820260833973606,33.97631354545867,5.840444914828793,2.4455883525025666,25.227639178119098,3728.757948401109
3392,339.20000000000863,43.81767168757142,33.99113405034709,9.82654060692755,3728.796408590094,25.266977002927568,124.38573205748602,124.38535200000003,13.3729243794658,0.1,9.753474415445055,3715.122184732618,34.0,25.177214940527033,3727.806655666637,5.862875044374357,2.439443415861196,5.840100000000012,2.447000000000001,102.60624419033195,48.56997227936376,32.723545956552826,0.4733627340385611,0.673740264217863,13.251396750179468,43.753474415445055,34.00690640039528,5.840060253802527,2.447580732032199,25.191344275808635,3728.7048555606284
3393,339.30000000000865,43.81767249567302,33.99113335310223,9.826541710612103,3728.7974369757426,25.266976778782816,124.38568065643392,124.38535200000003,13.372930005125568,0.1,9.766661296244862,3715.122184732618,34.0,25.177214940527033,3727.806655666637,5.862875044374357,2.439443415861196,5.840100000000012,2.447000000000001,102.6062554106224,48.569965603729706,32.72355972254228,0.47336261721428596,0.6737406402451606,13.4012350694686,43.76666129624486,33.960589734353775,5.839014452578809,2.4470205563263647,25.196512980445668,3728.9311207496726
3394,339.4000000000087,43.81767319446669,33.991132750170244,9.82654266503414,3728.7983262768944,25.26697658495436,124.38563620724858,124.38535200000003,13.372934869938565,0.1,9.807314548832899,3715.122184732618,34.0,25.177214940527033,3727.806655666637,5.862875044374357,2.439443415861196,5.840100000000012,2.447000000000001,102.60626511349021,48.56995983097793,32.723571626739684,0.4733625161899804,0.6737409654160056,13.322150677950647,43.8073145488329,34.00599653800713,5.839604898384371,2.446648023782487,25.33538308787939,3728.7635759381315
3395,339.5000000000087,43.8176737987463,33.99113222878675,9.826543490377457,3728.7990953043873,25.266976417339396,124.38559776965178,124.38535200000003,13.372939076807658,0.1,9.846096428233558,3715.122184732618,34.0,25.177214940527033,3727.806655666637,5.863230212677517,2.441451838175506,5.840100000000012,2.447000000000001,102.6062735041131,48.569954838976514,32.72358192094835,0.47336242882877455,0.6737412466088658,13.310438682716029,43.84609642823356,33.99764650009211,5.838280345676403,2.446497952827423,25.26207159436814,3728.6789816923556
3396,339.6000000000087,43.817674321302704,33.99113177791552,9.826544204096752,3728.799760324791,25.266976272391712,124.38556453054852,124.38535200000003,13.372942714718153,0.1,9.81965300726889,3715.122184732618,34.0,25.177214940527033,3727.806655666637,5.863230212677517,2.441451838175506,5.840100000000012,2.447000000000001,102.60628075993367,48.56995052211407,32.723590822915334,0.4733623532827628,0.6737414897718739,13.381440859681634,43.81965300726889,33.99812479778058,5.839660964242028,2.446405505659721,25.372879575748804,3728.817191758525
3397,339.70000000000874,43.8176747731916,33.991131388017514,9.826544821287657,3728.800335404546,25.266976147046076,124.38553578684537,124.38535200000003,13.372945860619602,0.1,9.800504263417395,3715.122184732618,34.0,25.191591991916486,3722.052655807118,5.863230212677517,2.441451838175506,5.840100000000012,2.447000000000001,102.60628703441935,48.56994678907367,32.72359852093618,0.4733622879539618,0.6737417000485103,13.282994382208615,43.800504263417395,34.024225894310675,5.839549673189019,2.448773453475608,25.406997700887754,3728.7202205231906
3398,339.80000000000877,43.817675163969156,33.99113105084749,9.82654535500547,3728.800832707615,25.26697603865231,124.3855109305664,124.38535200000003,13.37294858105378,0.1,9.747591570969185,3715.122184732618,34.0,25.191591991916486,3722.052655807118,5.863230212677517,2.441451838175506,5.840100000000012,2.447000000000001,102.60629246029794,48.569943560898196,32.723605177838614,0.47336223146052814,0.6737418818864582,13.366491384206887,43.747591570969185,33.99735382202515,5.842587522170939,2.4481159312742022,25.497379504103392,3728.8549011137025
3399,339.9000000000088,43.81767550189757,33.991130759276686,9.826545816540298,3728.801262752857,25.26697594491845,124.3854894359718,124.38535200000003,13.37295093356272,0.1,9.812269711518894,3715.122184732618,34.0,25.191591991916486,3722.052655807118,5.863230212677517,2.441451838175506,5.840100000000012,2.447000000000001,102.60629715235082,48.56994076931308,32.72361093442799,0.47336218260752516,0.6737420391318051,13.399261821990399,43.812269711518894,34.01988992029984,5.841346345784577,2.448694458633211,25.286916657320116,3728.782084574806
3400,340.0000000000088,43.81767579412225,33.99113050713989,9.826546215655135,3728.801634636549,25.266975863862065,124.38547084842216,124.38535200000003,13.37295296790624,0.1,9.804408373858358,3715.122184732618,34.0,25.191591991916486,3722.052655807118,5.861833982451787,2.4435149000155105,5.840100000000012,2.447000000000001,102.60630120983191,48.56993835527658,32.723615912466585,0.47336214036163426,0.6737421751104926,13.439259292454395,43.80440837385836,33.95575552907578,5.839187727573815,2.44815762727546,25.474921634894375,3728.7268246015055
3401,340.10000000000883,43.817676046823635,33.99113028910452,9.826546560792176,3728.8019562247723,25.266975793768484,124.38545477475758,124.38535200000003,13.372954727114589,0.1,9.827327215018713,3715.122184732618,34.0,25.191591991916486,3722.052655807118,5.861833982451787,2.4435149000155105,5.840100000000012,2.447000000000001,102.60630471856568,48.56993626772917,32.72362021724941,0.4733621038292872,0.6737422926986963,13.487710042783501,43.82732721501871,33.95401732429318,5.83870785243804,2.4465384494248723,25.477820760007056,3728.878946149279
3402,340.20000000000886,43.81767626534737,33.99113010055823,9.82654685925153,3728.80223431977,25.266975733154815,124.38544087498464,124.38535200000003,13.372956248398527,0.1,9.855660439719685,3715.122184732618,34.0,25.277028156784034,3726.202896505681,5.861833982451787,2.4435149000155105,5.840100000000012,2.447000000000001,102.60630775276528,48.56993446251436,32.72362393983121,0.4733620722377605,0.6737423943836464,13.44417548552568,43.855660439719685,34.00619000466517,5.839328069551381,2.4457240786935763,25.326408324587295,3728.731218949978
3403,340.3000000000089,43.817676454316555,33.991129937512184,9.826547117345902,3728.8024748038074,25.26697568073877,124.38542885509027,124.38535200000003,13.372957563936293,0.1,9.788071061837691,3715.122184732618,34.0,25.277028156784034,3726.202896505681,5.861833982451787,2.4435149000155105,5.840100000000012,2.447000000000001,102.6063103766059,48.56993290144663,32.72362715895212,0.4733620449188328,0.673742482316204,13.379082066573643,43.78807106183769,34.00717014265169,5.8401151157305,2.4477458627870345,25.173630975769616,3728.7745638380406
3404,340.4000000000089,43.81767661772881,33.9911297965171,9.826547340534274,3728.802682763589,25.266975635411605,124.38541846082636,124.38535200000003,13.372958701554143,0.1,9.807540657714881,3715.122184732618,34.0,25.277028156784034,3726.202896505681,5.861833982451787,2.4435149000155105,5.840100000000012,2.447000000000001,102.6063126455844,48.56993155150505,32.723629942703,0.47336202129465405,0.6737425583563331,13.358439899729321,43.80754065771488,33.97467891892226,5.841320603087036,2.4469527556357398,25.35990929542554,3728.9072964924862
3405,340.5000000000089,43.81767675904079,33.991129674590546,9.826547533537452,3728.8028625978577,25.266975596214614,124.385409472333,124.38535200000003,13.372959685314903,0.1,9.816451878068904,3715.122184732618,34.0,25.277028156784034,3726.202896505681,5.862939584232783,2.4455669443031938,5.840100000000012,2.447000000000001,102.60631460769359,48.5699303841354,32.723632349965584,0.4733620008655251,0.6737426241124332,13.39453220288267,43.816451878068904,34.02527626562167,5.839388062352955,2.4481673790813496,25.20956400744663,3728.7262382276795
3406,340.60000000000895,43.817676881241326,33.991129569153685,9.826547700437853,3728.8030181104436,25.266975562318787,124.38540169948712,124.38535200000003,13.372960536026977,0.1,9.780898476950192,3715.122184732618,34.0,25.277028156784034,3726.202896505681,5.862939584232783,2.4455669443031938,5.840100000000012,2.447000000000001,102.60631630443649,48.569929374645916,32.72363443165803,0.4733619831993311,0.673742680975364,13.306607933745768,43.78089847695019,33.960906664900094,5.838965946086291,2.4485742854388053,25.304774899405714,3728.9486642841835
3407,340.70000000000897,43.81767698691495,33.99112947797655,9.826547844765802,3728.8031525907295,25.26697553300722,124.3853949778795,124.38535200000003,13.37296127168451,0.1,9.83322450673269,3715.122184732618,34.0,25.26294039717962,3731.5097712694474,5.862939584232783,2.4455669443031938,5.840100000000012,2.447000000000001,102.60631777170337,48.569928501684515,32.72363623181201,0.4733619679223989,0.6737427301478749,13.417504121847015,43.83322450673269,34.00703300510271,5.839552648694367,2.446853577047775,25.06132377413951,3728.718238876493
3408,340.800000000009,43.8176770782967,33.99112939913071,9.82654796957415,3728.8032688832277,25.26697550765992,124.38538916533625,124.38535200000003,13.37296190784804,0.1,9.79751199540221,3715.122184732618,34.0,25.26294039717962,3731.5097712694474,5.862939584232783,2.4455669443031938,5.840100000000012,2.447000000000001,102.60631904053024,48.569927746786824,32.72363778850417,0.47336195471159387,0.6737427726700504,13.349367440781165,43.79751199540221,34.02876740023414,5.84090169928192,2.445704563668674,25.320619440962155,3728.772881344249
3409,340.900000000009,43.81767715731944,33.99112933094845,9.826548077502832,3728.803369447747,25.26697548574074,124.38538413891108,124.38535200000003,13.372962457973625,0.1,9.839867218252685,3715.122184732618,34.0,25.26294039717962,3731.5097712694474,5.862939584232783,2.4455669443031938,5.840100000000012,2.447000000000001,102.6063201377551,48.56992709398542,32.723639134661475,0.4733619432874836,0.6737428094413128,13.435827927928422,43.839867218252685,33.96636331276823,5.839682268386355,2.448668270703997,25.331728582250797,3728.8047263206436
3410,341.00000000000904,43.81767722565468,33.99112927198756,9.826548170834732,3728.80345641142,25.266975466786022,124.38537979228525,124.38535200000003,13.372962933697476,0.1,9.847138276509092,3715.122184732618,34.0,25.26294039717962,3731.5097712694474,5.859379163829194,2.447639832712543,5.840100000000012,2.447000000000001,102.60632108658616,48.56992652947226,32.723640298757736,0.47336193340842686,0.673742841239445,13.336230017480727,43.84713827650909,33.97176260124844,5.840517738248974,2.44673725555034,25.329282836203145,3728.7931886750866
3411,341.10000000000906,43.8176772847479,33.99112922100084,9.826548251543972,3728.8035316136943,25.266975450394828,124.3853760335189,124.38535200000003,13.372963345082063,0.1,9.805381002811657,3715.122184732618,34.0,25.26294039717962,3731.5097712694474,5.859379163829194,2.447639832712543,5.840100000000012,2.447000000000001,102.60632190709268,48.569926041306694,32.72364130541582,0.4733619248654628,0.6737428687370396,13.323609082522742,43.80538100281166,34.00760586665043,5.838149743130562,2.446815072441469,25.17187505381608,3728.8626936675214
3412,341.2000000000091,43.8176773358491,33.9911291769098,9.826548321337691,3728.8035966452403,25.266975436220452,124.38537278310675,124.38535200000003,13.372963700828958,0.1,9.83619513363712,3715.122184732618,34.0,25.219880501313977,3728.4813612275548,5.859379163829194,2.447639832712543,5.840100000000012,2.447000000000001,102.60632261662978,48.56992561916302,32.723642175928475,0.4733619174778915,0.6737428925157243,13.273125233466516,43.83619513363712,33.99899758979223,5.840077360642671,2.446825221216191,25.237497677317123,3728.8399966259294
3413,341.3000000000091,43.81767738003913,33.99112913878184,9.82654838169216,3728.803652881598,25.266975423963082,124.3853699722964,124.38535200000003,13.37296400846288,0.1,9.833670675675712,3715.122184732618,34.0,25.219880501313977,3728.4813612275548,5.859379163829194,2.447639832712543,5.840100000000012,2.447000000000001,102.60632323020549,48.569925254112086,32.72364292870868,0.4733619110894518,0.6737429130784629,13.371218581406417,43.83367067567571,33.9878826495422,5.8398093368943735,2.4489025692219935,25.268628545506438,3728.7888985318127
3414,341.40000000000913,43.8176774182527,33.991129105810465,9.826548433883985,3728.803701512272,25.266975413363458,124.3853675416339,124.38535200000003,13.372964274490865,0.1,9.819723891513199,3715.122184732618,34.0,25.219880501313977,3728.4813612275548,5.859379163829194,2.447639832712543,5.840100000000012,2.447000000000001,102.60632376079812,48.5699249384324,32.72364357967916,0.4733619055650162,0.6737429308601959,13.421359738863831,43.8197238915132,34.02096459469418,5.840430775311378,2.4463382037001566,25.217047627859895,3728.909970656664
3415,341.50000000000915,43.817677451298096,33.9911290772983,9.82654847901713,3728.803743565892,25.266975404197378,124.38536543970623,124.38535200000003,13.372964504539908,0.1,9.828978576497946,3715.122184732618,34.0,25.219880501313977,3728.4813612275548,5.858122463843741,2.4496321073136986,5.840100000000012,2.447000000000001,102.60632421963078,48.56992466544677,32.72364414260917,0.47336190078773244,0.6737429462370396,13.414287357264552,43.828978576497946,33.95721095052715,5.8394303654887905,2.4473158625822116,25.250353461581657,3728.5954913003534
3416,341.6000000000092,43.81767747987426,33.991129052642265,9.826548518046247,3728.8037799319723,25.26697539627097,124.38536362205373,124.38535200000003,13.37296470347598,0.1,9.818889794730453,3715.122184732618,34.0,25.219880501313977,3728.4813612275548,5.858122463843741,2.4496321073136986,5.840100000000012,2.447000000000001,102.60632461640866,48.569924429381075,32.72364462940573,0.47336189665655215,0.673742959534243,13.430929731246868,43.81888979473045,33.9936104679294,5.8404891646117445,2.446880989673728,25.184514009215928,3728.9215082193564
3417,341.7000000000092,43.81767750458563,33.99112903132083,9.826548551796876,3728.8038113797234,25.26697538941657,124.38536205022962,124.38535200000003,13.372964875506948,0.1,9.814129904512157,3715.122184732618,34.0,25.238095289180634,3727.626297798399,5.858122463843741,2.4496321073136986,5.840100000000012,2.447000000000001,102.6063249595244,48.56992422524208,32.72364505036551,0.47336189308409293,0.6737429710330665,13.351039954472393,43.81412990451216,33.995564781790975,5.839051399422286,2.4459568916642924,25.244473344584055,3728.6942747620537
3418,341.8000000000092,43.817677525954906,33.99112901288303,9.826548580982907,3728.803838574325,25.266975383489193,124.38536069098687,124.38535200000003,13.372965024271593,0.1,9.804459919306794,3715.122184732618,34.0,25.238095289180634,3727.626297798399,5.858122463843741,2.4496321073136986,5.840100000000012,2.447000000000001,102.60632525623551,48.56992404871189,32.7236454143926,0.4733618899947909,0.6737429809767317,13.350805358476245,43.804459919306794,33.99574799859814,5.839714575097309,2.446827474749612,25.211919427510367,3728.794760755285
3419,341.90000000000924,43.817677544434105,33.991128996938855,9.826548606221676,3728.803862090994,25.266975378363462,124.38535951557486,124.38535200000003,13.372965152916574,0.1,9.879386313937438,3715.122184732618,34.0,25.238095289180634,3727.626297798399,5.858122463843741,2.4496321073136986,5.840100000000012,2.447000000000001,102.60632551281795,48.56992389605651,32.72364572918687,0.47336188732330137,0.6737429895755668,13.373853147508816,43.87938631393744,33.97239981420251,5.83721161577909,2.4456383818688265,25.406286409935895,3728.757609538419
3420,342.00000000000927,43.81767756041408,33.99112898315103,9.826548628047027,3728.8038824271525,25.266975373930958,124.38535849913136,124.38535200000003,13.372965264162968,0.1,9.808099396757747,3715.122184732618,34.0,25.238095289180634,3727.626297798399,5.8585230075160775,2.451790169876513,5.840100000000012,2.447000000000001,102.60632573469886,48.56992376404699,32.72364600140679,0.47336188501311743,0.6737429970114526,13.295092621038325,43.80809939675775,34.00661967187534,5.840120248763127,2.4453077612343423,25.33054357352633,3728.939372922908
3421,342.1000000000093,43.817677574232846,33.991128971227944,9.826548646920607,3728.8039000129484,25.266975370097928,124.38535762015665,124.38535200000003,13.372965360363853,0.1,9.812084431450579,3715.122184732618,34.0,25.238095289180634,3727.626297798399,5.8585230075160775,2.451790169876513,5.840100000000012,2.447000000000001,102.60632592657149,48.56992364989106,32.72364623681036,0.4733618830153739,0.6737430034416733,13.414634110094445,43.81208443145058,33.97470073658699,5.838966713833981,2.4471347127308083,25.39124956205406,3728.6699014690244
3422,342.2000000000093,43.81767758618271,33.991128960917386,9.826548663241631,3728.803915220354,25.266975366783296,124.38535686005886,124.38535200000003,13.372965443554055,0.1,9.873143100662027,3715.122184732618,34.0,25.259512168760974,3728.0871225311994,5.8585230075160775,2.451790169876513,5.840100000000012,2.447000000000001,102.60632609249431,48.569923551174156,32.72364644037678,0.47336188128781526,0.6737430090022388,13.315089003766317,43.87314310066203,33.9677835332885,5.840875782669007,2.4481969809105775,25.145239929441086,3728.8430659861588
3423,342.30000000000933,43.817677596516404,33.99112895200129,9.826548677355321,3728.803928371035,25.266975363916952,124.38535620276045,124.38535200000003,13.372965515493199,0.1,9.791897934476289,3715.122184732618,34.0,25.259512168760974,3728.0871225311994,5.8585230075160775,2.451790169876513,5.840100000000012,2.447000000000001,102.60632623597694,48.56992346580821,32.72364661641187,0.47336187979390004,0.6737430138107661,13.4273150906348,43.79189793447629,34.01995466864932,5.840312634166216,2.446598131025674,25.33004594526619,3728.802854434534
3424,342.40000000000936,43.817677605452516,33.99112894429104,9.826548689560205,3728.803939743153,25.266975361438266,124.38535563435835,124.38535200000003,13.372965577702939,0.1,9.865744320383264,3715.122184732618,34.0,25.259512168760974,3728.0871225311994,5.8585230075160775,2.451790169876513,5.840100000000012,2.447000000000001,102.60632636005425,48.56992339198758,32.72364676863911,0.47336187850202943,0.6737430179689643,13.434991917070834,43.865744320383264,34.02324545961093,5.840574365511466,2.446942142276778,25.3053396762521,3728.810459518636
3425,342.5000000000094,43.81767761318007,33.99112893762357,9.826548700114442,3728.8039495772496,25.26697535929481,124.38535514282975,124.38535200000003,13.372965631499127,0.1,9.839204440784926,3715.122184732618,34.0,25.259512168760974,3728.0871225311994,5.856444715760165,2.453810391030942,5.840100000000012,2.447000000000001,102.60632646735075,48.56992332815082,32.723646900278375,0.4733618773848777,0.673743021564787,13.397559768368515,43.839204440784926,33.97582944093789,5.838985473708466,2.4478279618911176,25.16329600939617,3728.8380978755863
3426,342.6000000000094,43.81767761986251,33.99112893185785,9.82654870924127,3728.8039580813343,25.266975357441247,124.38535471777793,124.38535200000003,13.372965678019654,0.1,9.81679074068576,3715.122184732618,34.0,25.259512168760974,3728.0871225311994,5.856444715760165,2.453810391030942,5.840100000000012,2.447000000000001,102.60632656013595,48.569923272947655,32.72364701411411,0.47336187641881505,0.6737430246742934,13.465475011826,43.81679074068576,33.98313392498844,5.838802669337813,2.446277687475179,25.290280088926206,3728.9015572824865
3427,342.7000000000094,43.81767762564118,33.9911289268719,9.826548717133742,3728.803965435284,25.26697535583837,124.3853543502122,124.38535200000003,13.372965718248512,0.1,9.830821083988582,3715.122184732618,34.0,25.241606339124413,3729.472344220753,5.856444715760165,2.453810391030942,5.840100000000012,2.447000000000001,102.60632664037242,48.56992322521043,32.72364711255412,0.4733618755834074,0.6737430273632544,13.357341068530522,43.83082108398858,34.0097987385741,5.840090620490326,2.4477991981182954,25.17030659529301,3728.883530201437
3428,342.80000000000945,43.8176776306383,33.99112892256029,9.826548723958798,3728.80397179465,25.26697535445227,124.38535403235791,124.38535200000003,13.37296575303662,0.1,9.801928885757938,3715.122184732618,34.0,25.241606339124413,3729.472344220753,5.856444715760165,2.453810391030942,5.840100000000012,2.447000000000001,102.60632670975731,48.569923183929454,32.72364719768062,0.4733618748609847,0.6737430296885468,13.41031113503468,43.80192888575794,33.97864091549218,5.841237956283382,2.4459182068761147,25.29775546056106,3728.7720210325797
3429,342.90000000000947,43.81767763495961,33.99112891883179,9.826548729860798,3728.8039772939433,25.266975353253635,124.38535375749177,124.38535200000003,13.372965783119813,0.1,9.829385021578574,3715.122184732618,34.0,25.241606339124413,3729.472344220753,5.856444715760165,2.453810391030942,5.840100000000012,2.447000000000001,102.60632676975824,48.569923148231496,32.7236472712942,0.4733618742362658,0.6737430316993556,13.37638344298124,43.829385021578574,34.052065043427895,5.841652246128903,2.4475420267519428,25.034378750336735,3728.9260979298588
3430,343.0000000000095,43.81767763869648,33.991128915607554,9.826548734964582,3728.803982049485,25.26697535221711,124.38535351979989,124.38535200000003,13.372965809134406,0.1,9.852463780059978,3715.122184732618,34.0,25.241606339124413,3729.472344220753,5.856465194557553,2.4558699214011526,5.840100000000012,2.447000000000001,102.60632682164433,48.569923117361505,32.723647334951906,0.47336187369603705,0.6737430334382126,13.399933470000368,43.85246378005998,33.97643672251744,5.840234641559677,2.446501164355683,25.277575024088453,3728.8327007557214
3431,343.1000000000095,43.81767764192794,33.991128912819384,9.826548739378106,3728.803986161864,25.26697535132077,124.38535331425466,124.38535200000003,13.372965831630658,0.1,9.77744560176103,3715.122184732618,34.0,25.241606339124413,3729.472344220753,5.856465194557553,2.4558699214011526,5.840100000000012,2.447000000000001,102.60632686651313,48.56992309066654,32.72364739000023,0.4733618732288715,0.6737430349418977,13.371188106262034,43.77744560176103,33.97875668930978,5.840375327499979,2.4471424927765737,25.068803981429745,3728.6833074709875
3432,343.20000000000954,43.817677644722366,33.9911289104083,9.826548743194724,3728.8039897180643,25.266975350545653,124.38535313650839,124.38535200000003,13.372965851084405,0.1,9.790025100036928,3715.122184732618,34.0,25.24483599976335,3729.5598161740936,5.856465194557553,2.4558699214011526,5.840100000000012,2.447000000000001,102.60632690531364,48.569923067581925,32.72364743760355,0.4733618728248877,0.6737430362422172,13.336923212979032,43.79002510003693,33.93479915945362,5.8413821173814595,2.4468025936241387,25.34859902691508,3728.5399745335862
3433,343.30000000000956,43.81767764713888,33.99112890832329,9.826548746495162,3728.803992793307,25.266975349875366,124.38535298280136,124.38535200000003,13.37296586790713,0.1,9.809894983362106,3715.122184732618,34.0,25.24483599976335,3729.5598161740936,5.856465194557553,2.4558699214011526,5.840100000000012,2.447000000000001,102.60632693886653,48.56992304761938,32.72364747876876,0.4733618724755408,0.6737430373666751,13.348266356352,43.809894983362106,33.96976960819598,5.839893183894347,2.4464852520870837,25.291925597434346,3728.839698063356
3434,343.4000000000096,43.81767764922856,33.991128906520274,9.826548749349232,3728.8039954526384,25.266975349295734,124.38535284988242,124.38535200000003,13.372965882454668,0.1,9.78356609837244,3715.122184732618,34.0,25.24483599976335,3729.5598161740936,5.856465194557553,2.4558699214011526,5.840100000000012,2.447000000000001,102.60632696788159,48.56992303035667,32.72364751436658,0.4733618721734411,0.6737430383390558,13.298131175672728,43.78356609837244,34.001007198782695,5.839349980202207,2.4461934314909115,25.418334244857753,3728.631269470805
3435,343.5000000000096,43.81767765103562,33.99112890496111,9.826548751817304,3728.8039977523085,25.266975348794496,124.38535273494011,124.38535200000003,13.372965895034728,0.1,9.801054455609808,3715.122184732618,34.0,25.24483599976335,3729.5598161740936,5.8547214122677484,2.457869556732667,5.840100000000012,2.447000000000001,102.60632699297253,48.56992301542866,32.723647545149994,0.4733618719121989,0.6737430391799272,13.401309451564241,43.80105445560981,34.01698899522429,5.840253925220691,2.448709106088451,25.277410758374476,3728.7180175210956
3436,343.60000000000963,43.81767765259829,33.99112890361282,9.826548753951585,3728.80399974096,25.266975348361047,124.38535263554321,124.38535200000003,13.372965905913393,0.1,9.837580094613124,3715.122184732618,34.0,25.24483599976335,3729.5598161740936,5.8547214122677484,2.457869556732667,5.840100000000012,2.447000000000001,102.60632701467006,48.569923002519594,32.72364757177009,0.4733618716862884,0.6737430399070743,13.36493404117433,43.83758009461312,34.045087848728244,5.840440432644346,2.447759838838142,25.34900200900215,3728.8528176159066
3437,343.70000000000965,43.8176776539496,33.991128902446874,9.826548755797212,3728.8040014606563,25.266975347986218,124.38535254958921,124.38535200000003,13.372965915320776,0.1,9.832254190513723,3715.122184732618,34.0,25.242472281498635,3730.52585766239,5.8547214122677484,2.457869556732667,5.840100000000012,2.447000000000001,102.60632703343306,48.56992299135641,32.72364759478995,0.4733618714909313,0.6737430405358789,13.37095491961266,43.83225419051372,34.013190447175674,5.841344059360789,2.4467229075329286,25.25775771407918,3728.946686018004
3438,343.8000000000097,43.817677655118175,33.991128901438614,9.826548757393228,3728.8040029477725,25.266975347662083,124.38535247526005,124.38535200000003,13.372965923455858,0.1,9.800644217092362,3715.122184732618,34.0,25.242472281498635,3730.52585766239,5.8547214122677484,2.457869556732667,5.840100000000012,2.447000000000001,102.60632704965847,48.56992298170298,32.723647614696496,0.4733618713219951,0.6737430410796407,13.453282152486526,43.80064421709236,34.02823625369939,5.840857480989813,2.4466430979460068,25.3866479316626,3728.810443943626
3439,343.9000000000097,43.817677656128694,33.99112890056671,9.82654875877339,3728.804004233764,25.266975347381784,124.38535241098351,124.38535200000003,13.372965930490711,0.1,9.81283193343166,3715.122184732618,34.0,25.242472281498635,3730.52585766239,5.8547214122677484,2.457869556732667,5.840100000000012,2.447000000000001,102.60632706368948,48.56992297335513,32.72364763191078,0.4733618711759068,0.6737430415498615,13.322704507450577,43.81283193343166,34.013915433367394,5.84038229076869,2.4473958047903137,25.13147505062359,3728.747449202053
3440,344.0000000000097,43.81767765700255,33.99112889981273,9.82654875996689,3728.8040053458312,25.266975347139397,124.38535235540004,124.38535200000003,13.372965936574136,0.1,9.826839204301933,3715.122184732618,34.0,25.242472281498635,3730.52585766239,5.859506496151914,2.459942966928449,5.840100000000012,2.447000000000001,102.60632707582285,48.569922966136275,32.72364764679693,0.473361871049576,0.6737430419564877,13.32484236290628,43.82683920430193,34.0380309041962,5.839860531966942,2.4456729833463577,25.361357797012225,3728.777034117017
3441,344.10000000000974,43.817677657758225,33.99112889916073,9.826548760998978,3728.804006307497,25.26697534692979,124.38535230733399,124.38535200000003,13.37296594183481,0.1,9.769747282697857,3715.122184732618,34.0,25.242472281498635,3730.52585766239,5.859506496151914,2.459942966928449,5.840100000000012,2.447000000000001,102.60632708631526,48.569922959893745,32.723647659669794,0.47336187094033094,0.6737430423081194,13.434496295456906,43.76974728269786,34.00305974127235,5.84002068513263,2.4464733808152412,25.610678489903442,3728.75646275635
3442,344.20000000000977,43.8176776584117,33.9911288985969,9.82654876189148,3728.804007139102,25.266975346748534,124.38535226576863,124.38535200000003,13.372965946384,0.1,9.81831965751551,3715.122184732618,34.0,25.22553000737736,3728.531049780091,5.859506496151914,2.459942966928449,5.840100000000012,2.447000000000001,102.60632709538862,48.56992295449548,32.72364767080166,0.4733618708458607,0.6737430426121946,13.301053236374122,43.81831965751551,33.983404983556746,5.8403264817180665,2.446767992732638,25.241241268806668,3728.731184047287
3443,344.3000000000098,43.81767765897678,33.99112889810934,9.826548762663279,3728.8040078582367,25.266975346591792,124.38535222982482,124.38535200000003,13.372965950317937,0.1,9.815770387949087,3715.122184732618,34.0,25.22553000737736,3728.531049780091,5.859506496151914,2.459942966928449,5.840100000000012,2.447000000000001,102.60632710323489,48.56992294982733,32.723647680428,0.4733618707641671,0.673743042875145,13.33052717204199,43.81577038794909,34.04633875934409,5.840140538608122,2.446710182606975,25.05308591223515,3728.7872349545037
3444,344.4000000000098,43.81767765946543,33.991128897687716,9.826548763330695,3728.8040084801123,25.26697534645625,124.38535219874223,124.38535200000003,13.372965953719827,0.1,9.782539506305092,3715.122184732618,34.0,25.22553000737736,3728.531049780091,5.859506496151914,2.459942966928449,5.840100000000012,2.447000000000001,102.60632711002,48.56992294579052,32.72364768875243,0.47336187069352215,0.6737430431025325,13.340648701596697,43.78253950630509,34.01414156693144,5.839436267647415,2.4464051615062807,25.208155261887693,3728.811355458523
3445,344.50000000000983,43.817677659888005,33.991128897323115,9.826548763907848,3728.8040090178824,25.266975346339034,124.38535217186337,124.38535200000003,13.37296595666163,0.1,9.796436475942144,3715.122184732618,34.0,25.22553000737736,3728.531049780091,5.8598436702530385,2.461988821064518,5.840100000000012,2.447000000000001,102.60632711588744,48.56992294229966,32.72364769595102,0.47336187063243157,0.6737430432991673,13.34605360306368,43.796436475942144,34.00116249489787,5.8398530177826355,2.447712927962113,25.290556739851006,3728.77183322596
3446,344.60000000000986,43.81767766025344,33.99112889700782,9.82654876440694,3728.804009482922,25.266975346237672,124.38535214861972,124.38535200000003,13.372965959205573,0.1,9.829989065943082,3715.122184732618,34.0,25.22553000737736,3728.531049780091,5.8598436702530385,2.461988821064518,5.840100000000012,2.447000000000001,102.60632712096131,48.569922939280914,32.72364770217605,0.47336187057960316,0.6737430434692085,13.434908748294257,43.82998906594308,33.96994240669041,5.838776177087182,2.444938743988204,25.182440660341836,3728.7516182126783
3447,344.7000000000099,43.817677660569444,33.99112889673516,9.826548764838533,3728.8040098850674,25.26697534615002,124.38535212851963,124.38535200000003,13.372965961405459,0.1,9.859483415698172,3715.122184732618,34.0,25.2558029771236,3729.2030660174564,5.8598436702530385,2.461988821064518,5.840100000000012,2.447000000000001,102.60632712534895,48.56992293667043,32.723647707559174,0.47336187053391954,0.6737430436162526,13.361962538429477,43.85948341569817,33.99916859503768,5.840619643512616,2.4470801422795136,25.182205465256377,3728.812626417938
3448,344.8000000000099,43.817677660842705,33.991128896499376,9.826548765211756,3728.8040102328246,25.266975346074222,124.38535211113799,124.38535200000003,13.37296596330782,0.1,9.761462460820233,3715.122184732618,34.0,25.2558029771236,3729.2030660174564,5.8598436702530385,2.461988821064518,5.840100000000012,2.447000000000001,102.60632712914322,48.56992293441301,32.723647712214245,0.47336187049441436,0.6737430437434093,13.286989319427303,43.76146246082023,33.98361435492346,5.839456785092557,2.4472615372543975,25.21942319486373,3728.804913651849
3449,344.9000000000099,43.81767766107902,33.99112889629549,9.826548765534502,3728.8040105335494,25.266975346008675,124.38535209610716,124.38535200000003,13.372965964952897,0.1,9.767314037935542,3715.122184732618,34.0,25.2558029771236,3729.2030660174564,5.8598436702530385,2.461988821064518,5.840100000000012,2.447000000000001,102.60632713242433,48.5699229324609,32.72364771623975,0.47336187046025213,0.6737430438533689,13.388074568293863,43.76731403793554,33.97630488927768,5.841009285498846,2.446973798580496,25.343010314331643,3728.8739007009704
3450,345.00000000000995,43.817677661283355,33.99112889611917,9.826548765813598,3728.8040107936026,25.26697534595199,124.38535208310914,124.38535200000003,13.372965966375485,0.1,9.828076721420516,3715.122184732618,34.0,25.2558029771236,3729.2030660174564,5.857992820742486,2.464033745810075,5.840100000000012,2.447000000000001,102.60632713526167,48.56992293077279,32.72364771972082,0.47336187043071015,0.6737430439484571,13.439472640579913,43.828076721420516,34.00521863264178,5.841731818165084,2.4466919979699733,25.283553355018565,3728.750032284045
3451,345.10000000000997,43.81767766146008,33.991128895966696,9.826548766054946,3728.804011018485,25.266975345902974,124.38535207186902,124.38535200000003,13.372965967605676,0.1,9.838016684201207,3715.122184732618,34.0,25.2558029771236,3729.2030660174564,5.857992820742486,2.464033745810075,5.840100000000012,2.447000000000001,102.60632713771525,48.56992292931298,32.7236477227311,0.47336187040516353,0.6737430440306852,13.520004817913197,43.83801668420121,33.982373021508785,5.838945569643447,2.4482815914110505,25.228959887027816,3728.857475017836
3452,345.20000000001,43.81767766161289,33.99112889583485,9.826548766263654,3728.8040112129534,25.26697534586059,124.38535206214907,124.38535200000003,13.37296596866949,0.1,9.827016105931065,3715.122184732618,34.0,25.25818774876447,3730.396667667717,5.857992820742486,2.464033745810075,5.840100000000012,2.447000000000001,102.60632713983702,48.5699229280506,32.72364772533425,0.47336187038307187,0.6737430441017924,13.330312283029233,43.827016105931065,33.92959476364992,5.843377207289756,2.448658093780852,25.100029396318522,3728.8408189953084
3453,345.30000000001,43.81767766174502,33.99112889572084,9.826548766444139,3728.8040113811203,25.266975345823937,124.38535205374376,124.38535200000003,13.37296596958943,0.1,9.792906802912043,3715.122184732618,34.0,25.25818774876447,3730.396667667717,5.857992820742486,2.464033745810075,5.840100000000012,2.447000000000001,102.60632714167187,48.56992292695899,32.723647727585345,0.47336187036396815,0.6737430441632822,13.37782130749713,43.79290680291204,33.96750240018339,5.839301705461919,2.4456616566802873,25.293177910274387,3728.8758387700377
3454,345.40000000001004,43.81767766185929,33.99112889562224,9.826548766600212,3728.804011526544,25.26697534579224,124.38535204647522,124.38535200000003,13.372965970384946,0.1,9.764613883788996,3715.122184732618,34.0,25.25818774876447,3730.396667667717,5.857992820742486,2.464033745810075,5.840100000000012,2.447000000000001,102.60632714325854,48.569922926014996,32.723647729531976,0.47336187034744814,0.6737430442164559,13.43845341379352,43.764613883788996,33.94453144135632,5.8411369894705265,2.447438605128505,25.253616501643556,3728.8157282451907
3455,345.50000000001006,43.817677661958115,33.99112889553698,9.826548766735177,3728.8040116523,25.26697534576483,124.38535204018967,124.38535200000003,13.37296597107288,0.1,9.780753441654475,3715.122184732618,34.0,25.25818774876447,3730.396667667717,5.85361973491022,2.4661173677262873,5.840100000000012,2.447000000000001,102.60632714463064,48.56992292519866,32.72364773121535,0.4733618703331621,0.6737430442624386,13.411771878299918,43.780753441654475,34.01772373910058,5.840394109577807,2.4471923937958495,25.25828430955704,3728.834131758992
3456,345.6000000000101,43.817677662043565,33.99112889546325,9.82654876685189,3728.8040117610476,25.266975345741127,124.38535203475423,124.38535200000003,13.372965971667771,0.1,9.803161777691749,3715.122184732618,34.0,25.25818774876447,3730.396667667717,5.85361973491022,2.4661173677262873,5.840100000000012,2.447000000000001,102.60632714581715,48.56992292449275,32.72364773267105,0.4733618703208085,0.6737430443022018,13.322580080328954,43.80316177769175,33.98256388615979,5.839407844351669,2.4470199674201383,25.30669795695213,3728.7635082683128
3457,345.7000000000101,43.817677662117475,33.99112889539949,9.826548766952815,3728.804011855088,25.26697534572063,124.3853520300539,124.38535200000003,13.372965972182207,0.1,9.848403666834443,3715.122184732618,34.0,25.236067768933648,3730.4864783779285,5.85361973491022,2.4661173677262873,5.840100000000012,2.447000000000001,102.60632714684319,48.569922923882295,32.72364773392987,0.4733618703101255,0.6737430443365876,13.34234517206052,43.84840366683444,34.02104184787038,5.839152109294708,2.446819115476006,25.282792239192272,3728.8613194369773
3458,345.80000000001013,43.81767766218137,33.99112889534436,9.826548767040093,3728.80401193641,25.266975345702907,124.38535202598928,124.38535200000003,13.372965972627068,0.1,9.800277283559275,3715.122184732618,34.0,25.236067768933648,3730.4864783779285,5.85361973491022,2.4661173677262873,5.840100000000012,2.447000000000001,102.60632714773047,48.56992292335441,32.723647735018446,0.4733618703008874,0.6737430443663227,13.394810818679389,43.800277283559275,33.970043576604006,5.840657416873766,2.4476334568293954,25.399663363886418,3728.8262459522425
3459,345.90000000001015,43.81767766223662,33.99112889529668,9.826548767115568,3728.8040120067335,25.266975345687577,124.38535202247436,124.38535200000003,13.372965973011766,0.1,9.79801150270643,3715.122184732618,34.0,25.236067768933648,3730.4864783779285,5.85361973491022,2.4661173677262873,5.840100000000012,2.447000000000001,102.60632714849777,48.569922922897916,32.7236477359598,0.47336187029289856,0.6737430443920365,13.381384149461061,43.79801150270643,34.03860883135509,5.838937600159886,2.4455687621295694,25.392161340780913,3728.901586761609
3460,346.0000000000102,43.81767766228441,33.99112889525544,9.826548767180832,3728.804012067546,25.26697534567432,124.38535201943479,124.38535200000003,13.372965973344431,0.1,9.835582756009494,3715.122184732618,34.0,25.236067768933648,3730.4864783779285,5.851047584329112,2.468176150372531,5.840100000000012,2.447000000000001,102.60632714916123,48.56992292250314,32.723647736773835,0.47336187028599025,0.6737430444142727,13.389979067808968,43.835582756009494,33.95986362220386,5.838442948048731,2.447161293054057,25.123715447902192,3728.8386971856366
3461,346.1000000000102,43.817677662325735,33.99112889521979,9.82654876723727,3728.804012120134,25.26697534566286,124.38535201680634,124.38535200000003,13.372965973632109,0.1,9.852695756605456,3715.122184732618,34.0,25.236067768933648,3730.4864783779285,5.851047584329112,2.468176150372531,5.840100000000012,2.447000000000001,102.606327149735,48.56992292216177,32.72364773747778,0.4733618702800163,0.6737430444335015,13.367249751103385,43.852695756605456,33.975629379351034,5.839156022117529,2.448449567354592,25.39316510147432,3728.751429919134
3462,346.2000000000102,43.817677662361476,33.99112889518896,9.826548767286077,3728.8040121656095,25.26697534565295,124.38535201453338,124.38535200000003,13.372965973880877,0.1,9.846320608760998,3715.122184732618,34.0,25.26132408702849,3731.365870534367,5.851047584329112,2.468176150372531,5.840100000000012,2.447000000000001,102.6063271502312,48.569922921866585,32.72364773808652,0.47336187027485027,0.6737430444501294,13.368481980755906,43.846320608761,33.97279510621519,5.839910828985107,2.4489627163517667,25.292485805858252,3728.6812889842327
3463,346.30000000001024,43.81767766239237,33.9911288951623,9.826548767328282,3728.8040122049347,25.266975345644376,124.38535201256782,124.38535200000003,13.372965974096001,0.1,9.867509031456947,3715.122184732618,34.0,25.26132408702849,3731.365870534367,5.851047584329112,2.468176150372531,5.840100000000012,2.447000000000001,102.60632715066023,48.5699229216113,32.723647738612925,0.47336187027038296,0.6737430444645087,13.456361062695464,43.86750903145695,34.01272940343659,5.840266711678471,2.446341861316142,25.203025851474383,3728.893362107375
3464,346.40000000001027,43.8176776624191,33.99112889513924,9.826548767364777,3728.8040122389416,25.266975345636965,124.38535201086808,124.38535200000003,13.372965974282028,0.1,9.851000702118824,3715.122184732618,34.0,25.26132408702849,3731.365870534367,5.851047584329112,2.468176150372531,5.840100000000012,2.447000000000001,102.60632715103127,48.56992292139055,32.723647739068134,0.47336187026651977,0.6737430444769431,13.347774854785754,43.851000702118824,33.99987125445513,5.8405107428654395,2.445911813669914,25.32863723922719,3729.027096151154
3465,346.5000000000103,43.81767766244221,33.9911288951193,9.82654876739634,3728.804012268349,25.266975345630556,124.38535200939825,124.38535200000003,13.372965974442902,0.1,9.840887936826611,3715.122184732618,34.0,25.26132408702849,3731.365870534367,5.853678775041661,2.4702162636879965,5.840100000000012,2.447000000000001,102.60632715135213,48.56992292119966,32.723647739461796,0.4733618702631791,0.6737430444876962,13.386179470075055,43.84088793682661,34.043272417915446,5.840143473659058,2.4461949179196076,25.29018741567174,3728.786226867249
3466,346.6000000000103,43.81767766246219,33.991128895102065,9.826548767423633,3728.8040122937796,25.266975345625013,124.38535200812719,124.38535200000003,13.372965974582016,0.1,9.850126592319505,3715.122184732618,34.0,25.26132408702849,3731.365870534367,5.853678775041661,2.4702162636879965,5.840100000000012,2.447000000000001,102.60632715162963,48.56992292103459,32.7236477398022,0.47336187026029014,0.6737430444969945,13.376727411352935,43.850126592319505,33.977630284559076,5.840532326136059,2.446815017268249,25.184486911049827,3728.7881543992535
3467,346.70000000001033,43.81767766247947,33.99112889508715,9.826548767447235,3728.8040123157707,25.26697534562022,124.38535200702805,124.38535200000003,13.372965974702314,0.1,9.84302260755198,3715.122184732618,34.0,25.23315393845393,3730.815146483065,5.853678775041661,2.4702162636879965,5.840100000000012,2.447000000000001,102.60632715186956,48.56992292089184,32.723647740096574,0.473361870257792,0.6737430445050354,13.335101616976146,43.84302260755198,34.01405690051519,5.840918880241274,2.4488148188483,25.142045584879373,3728.815326132627
3468,346.80000000001036,43.817677662494404,33.99112889507426,9.826548767467646,3728.804012334788,25.266975345616075,124.38535200607754,124.38535200000003,13.372965974806345,0.1,9.776360254100531,3715.122184732618,34.0,25.23315393845393,3730.815146483065,5.853678775041661,2.4702162636879965,5.840100000000012,2.447000000000001,102.60632715207706,48.569922920768406,32.72364774035114,0.47336187025563176,0.673743044511989,13.36380073702844,43.77636025410053,34.0101037469679,5.841372773491575,2.4457661516437574,25.19518624702416,3728.741023730372
3469,346.9000000000104,43.817677662507336,33.99112889506311,9.826548767485294,3728.804012351233,25.26697534561249,124.38535200525557,124.38535200000003,13.372965974896303,0.1,9.803705978987814,3715.122184732618,34.0,25.23315393845393,3730.815146483065,5.853678775041661,2.4702162636879965,5.840100000000012,2.447000000000001,102.60632715225647,48.56992292066165,32.723647740571266,0.4733618702537636,0.673743044518002,13.407012865488545,43.803705978987814,33.98191787778853,5.840486374713442,2.4482843574633963,25.20879025466693,3728.7817736151505
3470,347.0000000000104,43.817677662518506,33.99112889505347,9.826548767500555,3728.8040123654537,25.26697534560939,124.38535200454477,124.38535200000003,13.372965974974097,0.1,9.848671760730504,3715.122184732618,34.0,25.23315393845393,3730.815146483065,5.85235666151354,2.472252387231202,5.840100000000012,2.447000000000001,102.60632715241161,48.56992292056932,32.72364774076163,0.47336187025214804,0.6737430445232021,13.245232335719006,43.848671760730504,34.0077465785737,5.839213374554901,2.447535078864689,25.32407016553081,3728.7470635665177
3471,347.1000000000104,43.81767766252817,33.99112889504512,9.826548767513751,3728.804012377751,25.266975345606706,124.38535200393008,124.38535200000003,13.372965975041371,0.1,9.790286844226031,3715.122184732618,34.0,25.23315393845393,3730.815146483065,5.85235666151354,2.472252387231202,5.840100000000012,2.447000000000001,102.60632715254575,48.56992292048948,32.723647740926246,0.47336187025075116,0.6737430445276988,13.37766019362527,43.79028684422603,34.03788328509026,5.838074912788097,2.446319315589127,25.006459684916305,3728.88784170574
3472,347.20000000001045,43.81767766253654,33.99112889503791,9.826548767525162,3728.804012388385,25.26697534560439,124.38535200339854,124.38535200000003,13.372965975099543,0.1,9.779841181242688,3715.122184732618,34.0,25.230761441026203,3731.179736987109,5.85235666151354,2.472252387231202,5.840100000000012,2.447000000000001,102.60632715266176,48.56992292042044,32.723647741068596,0.473361870249543,0.6737430445315874,13.402081674532965,43.77984118124269,34.01794629027139,5.84083256182927,2.446756918241066,25.054019569741666,3728.6914321889035
3473,347.30000000001047,43.81767766254376,33.99112889503168,9.826548767535034,3728.804012397581,25.266975345602386,124.38535200293893,124.38535200000003,13.37296597514985,0.1,9.798404272148098,3715.122184732618,34.0,25.230761441026203,3731.179736987109,5.85235666151354,2.472252387231202,5.840100000000012,2.447000000000001,102.60632715276212,48.56992292036076,32.7236477411917,0.4733618702484984,0.6737430445349498,13.397441023645976,43.7984042721481,34.00533695681034,5.842497085106879,2.446396395981245,25.25578784576402,3728.8184948208996
3474,347.4000000000105,43.81767766255001,33.99112889502629,9.826548767543569,3728.8040124055333,25.266975345600653,124.38535200254147,124.38535200000003,13.372965975193349,0.1,9.768054965363618,3715.122184732618,34.0,25.230761441026203,3731.179736987109,5.85235666151354,2.472252387231202,5.840100000000012,2.447000000000001,102.6063271528489,48.56992292030914,32.72364774129814,0.4733618702475949,0.6737430445378573,13.277363131343247,43.76805496536362,33.92736291748956,5.839934784840073,2.4471733184757656,25.15720359230628,3728.7736930254077
3475,347.5000000000105,43.81767766255541,33.991128895021625,9.826548767550948,3728.80401241241,25.266975345599153,124.38535200219775,124.38535200000003,13.372965975230969,0.1,9.741412991639812,3715.122184732618,34.0,25.230761441026203,3731.179736987109,5.852463625283179,2.4743210036918653,5.840100000000012,2.447000000000001,102.60632715292391,48.569922920264496,32.723647741390195,0.4733618702468138,0.6737430445403719,13.381226741929721,43.74141299163981,34.011391293950055,5.838741301135851,2.447215885342768,25.28764396007788,3728.8058163281294
3476,347.60000000001054,43.81767766256009,33.991128895017596,9.826548767557329,3728.8040124183567,25.266975345597857,124.38535200190051,124.38535200000003,13.372965975263497,0.1,9.799620098971815,3715.122184732618,34.0,25.230761441026203,3731.179736987109,5.852463625283179,2.4743210036918653,5.840100000000012,2.447000000000001,102.60632715298877,48.569922920225885,32.72364774146979,0.4733618702461383,0.6737430445425463,13.337203049767941,43.799620098971815,34.04075652637235,5.8399399020526825,2.446882375214913,25.239924775694337,3728.663203038836
3477,347.70000000001056,43.81767766256412,33.99112889501411,9.826548767562848,3728.804012423499,25.266975345596737,124.38535200164348,124.38535200000003,13.372965975291631,0.1,9.818606095044899,3715.122184732618,34.0,25.221539118996724,3728.7657386034375,5.852463625283179,2.4743210036918653,5.840100000000012,2.447000000000001,102.6063271530449,48.569922920192504,32.723647741538635,0.473361870245554,0.6737430445444268,13.31908051540769,43.8186060950449,34.00849013489601,5.8397035196896026,2.446383431164732,25.290581121114744,3728.837912430486
3478,347.8000000000106,43.81767766256762,33.991128895011094,9.826548767567623,3728.804012427946,25.266975345595768,124.38535200142124,124.38535200000003,13.372965975315957,0.1,9.848809260409332,3715.122184732618,34.0,25.221539118996724,3728.7657386034375,5.852463625283179,2.4743210036918653,5.840100000000012,2.447000000000001,102.60632715309343,48.56992292016365,32.72364774159816,0.4733618702450489,0.6737430445460526,13.417595083446313,43.84880926040933,33.99594607868586,5.838493748388708,2.4463450661566664,25.19205146612138,3728.767638741148
3479,347.9000000000106,43.817677662570645,33.99112889500849,9.826548767571749,3728.8040124317918,25.26697534559493,124.38535200122902,124.38535200000003,13.372965975336992,0.1,9.830823957006196,3715.122184732618,34.0,25.221539118996724,3728.7657386034375,5.852463625283179,2.4743210036918653,5.840100000000012,2.447000000000001,102.60632715313538,48.56992292013869,32.723647741649636,0.47336187024461207,0.6737430445474587,13.460192523864881,43.830823957006196,33.977007554378524,5.8409487904175315,2.446322295385283,25.414210358620327,3728.630541732656
3480,348.00000000001063,43.81767766257326,33.991128895006234,9.826548767575318,3728.8040124351173,25.266975345594204,124.3853520010628,124.38535200000003,13.372965975355186,0.1,9.817189411089338,3715.122184732618,34.0,25.221539118996724,3728.7657386034375,5.851389938959927,2.4763331379742564,5.840100000000012,2.447000000000001,102.60632715317166,48.569922920117094,32.72364774169415,0.47336187024423426,0.6737430445486747,13.430557553163059,43.81718941108934,33.97670072775447,5.839018988515025,2.4462525366893133,25.164240349738236,3728.7128121588744
3481,348.10000000001065,43.81767766257552,33.99112889500428,9.826548767578405,3728.804012437993,25.26697534559358,124.38535200091906,124.38535200000003,13.372965975370917,0.1,9.804211381752602,3715.122184732618,34.0,25.221539118996724,3728.7657386034375,5.851389938959927,2.4763331379742564,5.840100000000012,2.447000000000001,102.60632715320305,48.56992292009843,32.72364774173265,0.4733618702439075,0.6737430445497263,13.337612015653479,43.8042113817526,33.96346053598466,5.83984633597643,2.4466939653755992,25.213117104697332,3729.0427305952267
3482,348.2000000000107,43.817677662577466,33.9911288950026,9.826548767581075,3728.8040124404797,25.26697534559304,124.38535200079478,124.38535200000003,13.37296597538452,0.1,9.83985704997842,3715.122184732618,34.0,25.253937376162906,3728.9811723393254,5.851389938959927,2.4763331379742564,5.840100000000012,2.447000000000001,102.60632715323021,48.56992292008229,32.72364774176594,0.47336187024362497,0.6737430445506355,13.355902360563354,43.83985704997842,33.977043181661905,5.8379743286610895,2.4489859447963767,25.250119989420206,3728.624236095821
3483,348.3000000000107,43.81767766257914,33.99112889500115,9.826548767583384,3728.80401244263,25.26697534559257,124.38535200068733,124.38535200000003,13.372965975396284,0.1,9.871131253890333,3715.122184732618,34.0,25.253937376162906,3728.9811723393254,5.851389938959927,2.4763331379742564,5.840100000000012,2.447000000000001,102.60632715325367,48.56992292006835,32.72364774179472,0.47336187024338083,0.6737430445514215,13.305882205880296,43.87113125389033,33.98193190165038,5.839728554949311,2.4484186556274405,25.273239272586526,3728.7891385463026
3484,348.4000000000107,43.81767766258061,33.99112889499988,9.82654876758538,3728.80401244449,25.266975345592165,124.3853520005944,124.38535200000003,13.372965975406455,0.1,9.813556420445146,3715.122184732618,34.0,25.253937376162906,3728.9811723393254,5.851389938959927,2.4763331379742564,5.840100000000012,2.447000000000001,102.60632715327398,48.569922920056285,32.723647741819605,0.47336187024316956,0.6737430445521012,13.34809313781358,43.813556420445146,33.973141377698646,5.839230014063157,2.4467777327942546,25.23098797539846,3728.789278157048
3485,348.50000000001074,43.81767766258187,33.991128894998795,9.826548767587106,3728.8040124460986,25.266975345591813,124.385352000514,124.38535200000003,13.372965975415255,0.1,9.80133964889729,3715.122184732618,34.0,25.253937376162906,3728.9811723393254,5.847351658581301,2.478406156351939,5.840100000000012,2.447000000000001,102.6063271532915,48.56992292004584,32.72364774184114,0.4733618702429869,0.6737430445526895,13.31305999365386,43.80133964889729,33.973257192402365,5.841138672169455,2.447395892161785,25.240997088478693,3728.7812976769887
3486,348.60000000001077,43.817677662582966,33.99112889499785,9.826548767588598,3728.804012447489,25.266975345591508,124.38535200044447,124.38535200000003,13.372965975422865,0.1,9.777721325473735,3715.122184732618,34.0,25.253937376162906,3728.9811723393254,5.847351658581301,2.478406156351939,5.840100000000012,2.447000000000001,102.60632715330667,48.5699229200368,32.723647741859764,0.4733618702428289,0.6737430445531983,13.376149877215495,43.777721325473735,34.03191178713328,5.840373280437793,2.446596294485883,25.24751667325791,3728.7148523457045
3487,348.7000000000108,43.81767766258392,33.991128894997026,9.826548767589887,3728.804012448692,25.266975345591245,124.38535200038432,124.38535200000003,13.372965975429441,0.1,9.80186749688366,3715.122184732618,34.0,25.24657980701819,3732.121801363278,5.847351658581301,2.478406156351939,5.840100000000012,2.447000000000001,102.60632715331978,48.56992292002898,32.72364774187586,0.47336187024269216,0.6737430445536382,13.411184562940889,43.80186749688366,34.00201281494627,5.840435885315756,2.4480753139590616,25.249271333791373,3728.8487227162354
3488,348.8000000000108,43.81767766258474,33.99112889499632,9.826548767591003,3728.804012449732,25.266975345591018,124.38535200033233,124.38535200000003,13.372965975435132,0.1,9.808220329601241,3715.122184732618,34.0,25.24657980701819,3732.121801363278,5.847351658581301,2.478406156351939,5.840100000000012,2.447000000000001,102.60632715333112,48.56992292002223,32.723647741889785,0.47336187024257403,0.6737430445540186,13.419276445250699,43.80822032960124,33.95101241130816,5.838418834791135,2.4449948863489595,25.152639628221518,3728.771310961658
3489,348.90000000001083,43.81767766258545,33.991128894995704,9.826548767591966,3728.804012450631,25.266975345590822,124.38535200028737,124.38535200000003,13.372965975440053,0.1,9.764204506307436,3715.122184732618,34.0,25.24657980701819,3732.121801363278,5.847351658581301,2.478406156351939,5.840100000000012,2.447000000000001,102.6063271533409,48.56992292001638,32.72364774190182,0.47336187024247195,0.6737430445543475,13.354572073729793,43.764204506307436,34.04433193523515,5.8404147481216615,2.445243719388336,25.23360435113093,3728.863733934264
3490,349.00000000001086,43.817677662586064,33.99112889499518,9.826548767592802,3728.8040124514087,25.266975345590655,124.38535200024852,124.38535200000003,13.372965975444306,0.1,9.799179394853148,3715.122184732618,34.0,25.24657980701819,3732.121801363278,5.843482706000184,2.480474671512223,5.840100000000012,2.447000000000001,102.60632715334943,48.569922920011344,32.72364774191223,0.4733618702423835,0.6737430445546317,13.390279286993064,43.79917939485315,33.90751157887114,5.838250698375598,2.4479064992829294,25.15857625827506,3728.834162347083
3491,349.1000000000109,43.817677662586576,33.99112889499473,9.826548767593525,3728.804012452081,25.26697534559051,124.38535200021494,124.38535200000003,13.372965975447983,0.1,9.842667819623834,3715.122184732618,34.0,25.24657980701819,3732.121801363278,5.843482706000184,2.480474671512223,5.840100000000012,2.447000000000001,102.60632715335677,48.56992292000699,32.723647741921226,0.4733618702423072,0.6737430445548773,13.439947341257843,43.842667819623834,34.02893249730921,5.839304105824588,2.4464283764458052,25.267585840480983,3728.7372622977236
3492,349.2000000000109,43.81767766258703,33.99112889499434,9.82654876759415,3728.804012452663,25.26697534559038,124.38535200018589,124.38535200000003,13.372965975451166,0.1,9.844850955368656,3715.122184732618,34.0,25.263089630864826,3735.276254824377,5.843482706000184,2.480474671512223,5.840100000000012,2.447000000000001,102.60632715336313,48.56992292000322,32.723647741929014,0.4733618702422412,0.6737430445550899,13.426196982313792,43.844850955368656,33.99926364228103,5.840231273504045,2.4470806081712206,25.27153770784742,3728.822386397812
3493,349.3000000000109,43.81767766258743,33.991128894994,9.826548767594689,3728.804012453166,25.26697534559027,124.38535200016072,124.38535200000003,13.372965975453916,0.1,9.867632100610507,3715.122184732618,34.0,25.263089630864826,3735.276254824377,5.843482706000184,2.480474671512223,5.840100000000012,2.447000000000001,102.60632715336861,48.56992291999995,32.72364774193574,0.47336187024218396,0.6737430445552739,13.32784181760936,43.86763210061051,34.06336191994532,5.840606475866904,2.447525302957339,25.317921575398394,3728.8332593464816
3494,349.40000000001095,43.81767766258777,33.99112889499371,9.826548767595156,3728.8040124536005,25.266975345590176,124.38535200013898,124.38535200000003,13.372965975456296,0.1,9.83974808968312,3715.122184732618,34.0,25.263089630864826,3735.276254824377,5.843482706000184,2.480474671512223,5.840100000000012,2.447000000000001,102.60632715337334,48.569922919997126,32.72364774194157,0.4733618702421346,0.673743044555433,13.267094122793715,43.83974808968312,34.006583918029364,5.8401537721851176,2.4465757767382246,25.298523618030334,3728.7368346013736
3495,349.50000000001097,43.81767766258807,33.991128894993444,9.826548767595558,3728.8040124539766,25.266975345590094,124.38535200012018,124.38535200000003,13.372965975458353,0.1,9.778401346499884,3715.122184732618,34.0,25.263089630864826,3735.276254824377,5.848112941405764,2.4824901261296715,5.840100000000012,2.447000000000001,102.60632715337742,48.56992291999468,32.7236477419466,0.473361870242092,0.6737430445555704,13.373474594136788,43.778401346499884,33.981855390746134,5.8415268406017855,2.447636094585434,25.31653415453906,3728.727693188377
3496,349.600000000011,43.81767766258832,33.991128894993224,9.826548767595908,3728.8040124543018,25.266975345590023,124.38535200010392,124.38535200000003,13.37296597546013,0.1,9.84384432813033,3715.122184732618,34.0,25.263089630864826,3735.276254824377,5.848112941405764,2.4824901261296715,5.840100000000012,2.447000000000001,102.60632715338097,48.56992291999257,32.72364774195095,0.473361870242055,0.6737430445556892,13.39438049786381,43.84384432813033,34.00488468154351,5.8395519663677025,2.445892325241347,25.2848386173689,3728.8181736513643
3497,349.700000000011,43.81767766258855,33.99112889499303,9.82654876759621,3728.804012454583,25.266975345589962,124.38535200008987,124.38535200000003,13.372965975461668,0.1,9.805524146510017,3715.122184732618,34.0,25.231087432315913,3734.6707926879567,5.848112941405764,2.4824901261296715,5.840100000000012,2.447000000000001,102.60632715338406,48.56992291999074,32.723647741954714,0.4733618702420229,0.6737430445557923,13.362881416281487,43.80552414651002,33.987732139405544,5.839147698213899,2.4473569605155325,25.18852703810993,3728.786558187984
3498,349.80000000001104,43.817677662588736,33.99112889499287,9.82654876759647,3728.804012454826,25.26697534558991,124.38535200007773,124.38535200000003,13.372965975463,0.1,9.788397493561902,3715.122184732618,34.0,25.231087432315913,3734.6707926879567,5.848112941405764,2.4824901261296715,5.840100000000012,2.447000000000001,102.6063271533867,48.56992291998916,32.723647741957976,0.47336187024199533,0.6737430445558813,13.309423319022438,43.7883974935619,33.92310212366862,5.839430685861065,2.4473042070499846,25.260653726398637,3728.8243082942918
3499,349.90000000001106,43.817677662588906,33.99112889499273,9.826548767596696,3728.804012455036,25.266975345589863,124.38535200006721,124.38535200000003,13.372965975464151,0.1,9.81748682709307,3715.122184732618,34.0,25.231087432315913,3734.6707926879567,5.848112941405764,2.4824901261296715,5.840100000000012,2.447000000000001,102.606327153389,48.5699229199878,32.72364774196079,0.4733618702419715,0.673743044555958,13.385392644396168,43.81748682709307,33.996346075464366,5.839224941982145,2.446758006615855,25.516549588877982,3728.8650442238963
3500,350.0000000000111,43.81767766258905,33.991128894992606,9.82654876759689,3728.804012455218,25.266975345589824,124.38535200005812,124.38535200000003,13.372965975465142,0.1,9.824955598211929,3715.122184732618,34.0,25.231087432315913,3734.6707926879567,5.844856918078016,2.484591853353164,5.840100000000012,2.447000000000001,102.60632715339096,48.56992291998662,32.72364774196321,0.4733618702419509,0.6737430445560244,13.410087634440737,43.82495559821193,33.980628129869565,5.840962958160242,2.4467721810189453,25.09100969959858,3728.8773950277946
3501,350.1000000000111,43.817677662589176,33.9911288949925,9.82654876759706,3728.8040124553754,25.26697534558979,124.38535200005028,124.38535200000003,13.372965975466006,0.1,9.854084811608764,3715.122184732618,34.0,25.231087432315913,3734.6707926879567,5.844856918078016,2.484591853353164,5.840100000000012,2.447000000000001,102.6063271533927,48.5699229199856,32.72364774196533,0.473361870241933,0.673743044556082,13.393424054686319,43.854084811608764,34.023929251996385,5.841474251741949,2.446939313110953,25.165620047483316,3728.916038728896
3502,350.20000000001113,43.817677662589276,33.9911288949924,9.826548767597204,3728.8040124555114,25.26697534558976,124.38535200004345,124.38535200000003,13.372965975466748,0.1,9.86393760651579,3715.122184732618,34.0,25.2443816495166,3733.312991306731,5.844856918078016,2.484591853353164,5.840100000000012,2.447000000000001,102.60632715339416,48.56992291998471,32.72364774196714,0.4733618702419176,0.6737430445561317,13.349094755393065,43.86393760651579,33.997198218874075,5.839720934392378,2.446002638580352,25.19571839307778,3728.5697131460693
3503,350.30000000001115,43.817677662589375,33.99112889499232,9.826548767597332,3728.8040124556287,25.266975345589735,124.3853520000376,124.38535200000003,13.372965975467391,0.1,9.780039840513808,3715.122184732618,34.0,25.2443816495166,3733.312991306731,5.844856918078016,2.484591853353164,5.840100000000012,2.447000000000001,102.60632715339545,48.56992291998395,32.72364774196872,0.47336187024190424,0.6737430445561747,13.435056922680774,43.78003984051381,34.02133603468711,5.84040386084236,2.447977992322738,25.238418437823313,3728.9391331832244
3504,350.4000000000112,43.817677662589446,33.99112889499226,9.826548767597442,3728.8040124557306,25.266975345589714,124.38535200003253,124.38535200000003,13.372965975467945,0.1,9.857207266520142,3715.122184732618,34.0,25.2443816495166,3733.312991306731,5.844856918078016,2.484591853353164,5.840100000000012,2.447000000000001,102.60632715339659,48.56992291998329,32.723647741970076,0.4733618702418925,0.6737430445562118,13.39512813495693,43.85720726652014,34.01732079541295,5.838535099403376,2.444896659772044,25.216222678790455,3728.8437612659004
3505,350.5000000000112,43.81767766258952,33.9911288949922,9.826548767597538,3728.8040124558183,25.266975345589696,124.38535200002815,124.38535200000003,13.372965975468428,0.1,9.817722268518125,3715.122184732618,34.0,25.2443816495166,3733.312991306731,5.849621716206706,2.486625447072951,5.840100000000012,2.447000000000001,102.60632715339757,48.56992291998273,32.723647741971256,0.47336187024188253,0.6737430445562439,13.385398036693156,43.817722268518125,34.039835216594355,5.841503517537254,2.44709350220909,25.04185668937849,3728.8093349948344
3506,350.6000000000112,43.817677662589574,33.99112889499216,9.82654876759762,3728.8040124558943,25.266975345589678,124.38535200002437,124.38535200000003,13.372965975468844,0.1,9.815893153881333,3715.122184732618,34.0,25.2443816495166,3733.312991306731,5.849621716206706,2.486625447072951,5.840100000000012,2.447000000000001,102.6063271533984,48.56992291998225,32.72364774197227,0.47336187024187404,0.6737430445562715,13.344594832998778,43.81589315388133,33.94755921505273,5.840214213079201,2.446311903296612,25.28232860219389,3729.03448193794
3507,350.70000000001124,43.81767766258963,33.99112889499211,9.82654876759769,3728.80401245596,25.266975345589664,124.38535200002107,124.38535200000003,13.372965975469203,0.1,9.818578135639562,3715.122184732618,34.0,25.214843964589644,3730.716264940042,5.849621716206706,2.486625447072951,5.840100000000012,2.447000000000001,102.6063271533991,48.56992291998181,32.72364774197315,0.47336187024186654,0.6737430445562956,13.340513919203074,43.81857813563956,34.04371605243485,5.839520328770716,2.4473829768264905,25.25226383197322,3728.925188177343
3508,350.80000000001127,43.817677662589674,33.99112889499207,9.826548767597751,3728.804012456017,25.266975345589653,124.38535200001823,124.38535200000003,13.372965975469516,0.1,9.860396480873021,3715.122184732618,34.0,25.214843964589644,3730.716264940042,5.849621716206706,2.486625447072951,5.840100000000012,2.447000000000001,102.60632715339975,48.56992291998145,32.72364774197392,0.47336187024186005,0.6737430445563165,13.412241206483754,43.86039648087302,33.97150367455809,5.838331379310832,2.447376479304493,25.374917929546772,3728.669233364662
3509,350.9000000000113,43.8176776625897,33.99112889499204,9.826548767597805,3728.804012456066,25.266975345589643,124.3853520000158,124.38535200000003,13.372965975469782,0.1,9.840030893132337,3715.122184732618,34.0,25.214843964589644,3730.716264940042,5.849621716206706,2.486625447072951,5.840100000000012,2.447000000000001,102.60632715340029,48.56992291998114,32.72364774197457,0.4733618702418545,0.6737430445563342,13.372095940160806,43.84003089313234,33.94090144451419,5.839867864589886,2.4464044881056966,25.220749147476635,3728.8621303792315
3510,351.0000000000113,43.81767766258973,33.99112889499201,9.826548767597851,3728.804012456109,25.266975345589632,124.38535200001367,124.38535200000003,13.372965975470017,0.1,9.822387862438788,3715.122184732618,34.0,25.214843964589644,3730.716264940042,5.844722865914233,2.4886945726604255,5.840100000000012,2.447000000000001,102.60632715340074,48.56992291998086,32.72364774197514,0.4733618702418497,0.6737430445563498,13.32400438730379,43.82238786243879,33.986429910142675,5.840983527478753,2.4459612748571753,25.17186655861089,3728.834917515278
3511,351.10000000001133,43.81767766258977,33.99112889499198,9.82654876759789,3728.8040124561458,25.26697534558962,124.3853520000118,124.38535200000003,13.372965975470219,0.1,9.833818090739584,3715.122184732618,34.0,25.214843964589644,3730.716264940042,5.844722865914233,2.4886945726604255,5.840100000000012,2.447000000000001,102.60632715340112,48.56992291998061,32.72364774197564,0.4733618702418455,0.6737430445563635,13.337291912265538,43.833818090739584,34.020073779907804,5.839762381536348,2.447434717948873,25.16462293589211,3728.714511393299
3512,351.20000000001136,43.8176776625898,33.99112889499195,9.826548767597922,3728.8040124561776,25.266975345589614,124.38535200001017,124.38535200000003,13.372965975470393,0.1,9.865312834121184,3715.122184732618,34.0,25.27194582683009,3732.765188060486,5.844722865914233,2.4886945726604255,5.840100000000012,2.447000000000001,102.60632715340145,48.56992291998039,32.723647741976066,0.47336187024184184,0.6737430445563753,13.41310101315637,43.865312834121184,33.98331969465043,5.840571403968899,2.4480096885201577,25.166490550996578,3728.866946152114
3513,351.3000000000114,43.81767766258983,33.99112889499193,9.82654876759795,3728.804012456205,25.266975345589607,124.3853520000088,124.38535200000003,13.372965975470542,0.1,9.82862377397268,3715.122184732618,34.0,25.27194582683009,3732.765188060486,5.844722865914233,2.4886945726604255,5.840100000000012,2.447000000000001,102.60632715340174,48.569922919980215,32.72364774197643,0.4733618702418388,0.6737430445563852,13.354979009376157,43.82862377397268,34.00521946031214,5.840099202985938,2.4477541272257217,25.269583705036858,3728.83688909655
3514,351.4000000000114,43.817677662589844,33.99112889499191,9.826548767597973,3728.8040124562285,25.266975345589604,124.3853520000076,124.38535200000003,13.37296597547067,0.1,9.866774130107096,3715.122184732618,34.0,25.27194582683009,3732.765188060486,5.844722865914233,2.4886945726604255,5.840100000000012,2.447000000000001,102.60632715340198,48.56992291998005,32.72364774197674,0.4733618702418361,0.673743044556394,13.396635161795944,43.866774130107096,33.9872340754661,5.839613524420133,2.448343124558121,25.22108870537592,3728.684994943197
3515,351.5000000000114,43.81767766258986,33.99112889499191,9.826548767597998,3728.804012456249,25.2669753455896,124.3853520000066,124.38535200000003,13.372965975470784,0.1,9.817957046934083,3715.122184732618,34.0,25.27194582683009,3732.765188060486,5.843491993092291,2.4907790656384696,5.840100000000012,2.447000000000001,102.60632715340223,48.56992291997993,32.72364774197702,0.47336187024183374,0.6737430445564013,13.257134565975726,43.81795704693408,33.974776902870765,5.838700377012607,2.4483182523115143,25.19434163020585,3728.9399869544395
3516,351.60000000001145,43.81767766258987,33.991128894991895,9.826548767598018,3728.8040124562667,25.266975345589596,124.38535200000572,124.38535200000003,13.37296597547088,0.1,9.859706802745336,3715.122184732618,34.0,25.27194582683009,3732.765188060486,5.843491993092291,2.4907790656384696,5.840100000000012,2.447000000000001,102.60632715340245,48.56992291997982,32.72364774197725,0.47336187024183163,0.6737430445564078,13.351905558491115,43.859706802745336,33.99351126694052,5.840552977585699,2.4459325754893024,25.354439754928812,3728.9050281268223
3517,351.70000000001147,43.81767766258987,33.99112889499189,9.826548767598034,3728.804012456282,25.266975345589593,124.38535200000496,124.38535200000003,13.372965975470965,0.1,9.833038135375155,3715.122184732618,34.0,25.25671937062703,3736.112218437503,5.843491993092291,2.4907790656384696,5.840100000000012,2.447000000000001,102.6063271534026,48.56992291997972,32.723647741977466,0.47336187024182996,0.6737430445564135,13.415303900916571,43.833038135375155,33.988664346546805,5.839112861302093,2.4449118075794423,25.278328957898154,3728.714063618109
3518,351.8000000000115,43.81767766258989,33.991128894991874,9.826548767598048,3728.8040124562954,25.26697534558959,124.38535200000429,124.38535200000003,13.372965975471036,0.1,9.869635869774704,3715.122184732618,34.0,25.25671937062703,3736.112218437503,5.843491993092291,2.4907790656384696,5.840100000000012,2.447000000000001,102.60632715340275,48.569922919979625,32.723647741977636,0.4733618702418284,0.6737430445564183,13.462780189053294,43.869635869774704,34.03019339068021,5.840422158787947,2.4475086157930646,25.239683878838964,3728.808887791216
3519,351.9000000000115,43.8176776625899,33.99112889499187,9.82654876759806,3728.8040124563067,25.266975345589586,124.3853520000037,124.38535200000003,13.3729659754711,0.1,9.809058647823996,3715.122184732618,34.0,25.25671937062703,3736.112218437503,5.843491993092291,2.4907790656384696,5.840100000000012,2.447000000000001,102.60632715340286,48.56992291997955,32.72364774197779,0.47336187024182713,0.6737430445564226,13.324417794894396,43.809058647823996,33.95120545722929,5.840562842398171,2.4471983176235144,25.093058077094653,3728.7707648914857
3520,352.00000000001154,43.817677662589915,33.99112889499186,9.82654876759807,3728.8040124563167,25.266975345589582,124.38535200000321,124.38535200000003,13.372965975471153,0.1,9.870819759354035,3715.122184732618,34.0,25.25671937062703,3736.112218437503,5.845875981389539,2.492759785663559,5.840100000000012,2.447000000000001,102.60632715340294,48.56992291997948,32.72364774197793,0.47336187024182613,0.6737430445564263,13.372085357095541,43.870819759354035,34.045334359024416,5.8379233914390785,2.445814627499174,25.172987486229893,3728.712368146925
3521,352.10000000001156,43.81767766258993,33.991128894991846,9.826548767598076,3728.8040124563254,25.266975345589582,124.38535200000275,124.38535200000003,13.3729659754712,0.1,9.87035884125531,3715.122184732618,34.0,25.25671937062703,3736.112218437503,5.845875981389539,2.492759785663559,5.840100000000012,2.447000000000001,102.60632715340303,48.56992291997942,32.72364774197804,0.4733618702418251,0.6737430445564295,13.461004162303674,43.87035884125531,33.97916237164782,5.841967777551143,2.44722506595188,25.139499425242352,3728.8054747327833
3522,352.2000000000116,43.81767766258993,33.991128894991846,9.826548767598087,3728.8040124563327,25.266975345589582,124.38535200000241,124.38535200000003,13.372965975471242,0.1,9.804414719837368,3715.122184732618,34.0,25.260855012574627,3738.1353151094177,5.845875981389539,2.492759785663559,5.840100000000012,2.447000000000001,102.60632715340314,48.56992291997938,32.72364774197814,0.47336187024182425,0.6737430445564321,13.409824485202924,43.80441471983737,33.92917018005019,5.839514084315145,2.4478550273958413,25.29508204092335,3728.669679870133
3523,352.3000000000116,43.81767766258993,33.991128894991846,9.826548767598096,3728.804012456339,25.266975345589582,124.38535200000211,124.38535200000003,13.372965975471278,0.1,9.809430151682811,3715.122184732618,34.0,25.260855012574627,3738.1353151094177,5.845875981389539,2.492759785663559,5.840100000000012,2.447000000000001,102.60632715340324,48.56992291997935,32.723647741978226,0.4733618702418234,0.6737430445564343,13.35206902784938,43.80943015168281,33.95741447881245,5.840714283515009,2.4449252721111994,25.328101442905645,3728.747671278653
3524,352.40000000001163,43.81767766258993,33.991128894991846,9.826548767598103,3728.8040124563445,25.266975345589582,124.38535200000186,124.38535200000003,13.372965975471306,0.1,9.837703968732221,3715.122184732618,34.0,25.260855012574627,3738.1353151094177,5.845875981389539,2.492759785663559,5.840100000000012,2.447000000000001,102.60632715340331,48.56992291997932,32.7236477419783,0.4733618702418228,0.6737430445564362,13.397762494426537,43.83770396873222,33.98855483436604,5.838755474691354,2.44737475454949,25.449775836702084,3728.807612992285
3525,352.50000000001165,43.81767766258993,33.991128894991846,9.82654876759811,3728.8040124563495,25.266975345589582,124.38535200000165,124.38535200000003,13.372965975471331,0.1,9.816037747346222,3715.122184732618,34.0,25.260855012574627,3738.1353151094177,5.837050916474068,2.494798479859643,5.840100000000012,2.447000000000001,102.6063271534034,48.569922919979305,32.72364774197836,0.4733618702418223,0.6737430445564377,13.2963332113456,43.81603774734622,33.94843183181613,5.840857434230845,2.4479077432028014,25.119779916727275,3728.6964217692075
3526,352.6000000000117,43.81767766258993,33.991128894991846,9.826548767598116,3728.804012456354,25.26697534558958,124.38535200000145,124.38535200000003,13.372965975471356,0.1,9.851627225827642,3715.122184732618,34.0,25.260855012574627,3738.1353151094177,5.837050916474068,2.494798479859643,5.840100000000012,2.447000000000001,102.60632715340344,48.569922919979284,32.72364774197842,0.47336187024182186,0.6737430445564392,13.324258881871499,43.85162722582764,33.99591955752991,5.840504278041912,2.447611751220736,25.22375778340523,3728.7022797157933
3527,352.7000000000117,43.81767766258993,33.99112889499184,9.826548767598117,3728.8040124563577,25.266975345589575,124.3853520000012,124.38535200000003,13.372965975471377,0.1,9.833032370210972,3715.122184732618,34.0,25.24710010027806,3738.743035354407,5.837050916474068,2.494798479859643,5.840100000000012,2.447000000000001,102.60632715340344,48.56992291997924,32.723647741978475,0.47336187024182147,0.673743044556441,13.398587799398445,43.83303237021097,33.98363714353117,5.839020340992915,2.4464482267337804,25.315217700880073,3728.6122459022345
3528,352.8000000000117,43.817677662589944,33.99112889499183,9.826548767598117,3728.804012456361,25.26697534558957,124.385352000001,124.38535200000003,13.372965975471395,0.1,9.843710104112155,3715.122184732618,34.0,25.24710010027806,3738.743035354407,5.837050916474068,2.494798479859643,5.840100000000012,2.447000000000001,102.60632715340344,48.5699229199792,32.72364774197852,0.473361870241821,0.6737430445564424,13.312038736938566,43.843710104112155,33.92739459055047,5.8414741340676475,2.4471988986429025,25.227976406336108,3728.835464737185
3529,352.90000000001174,43.81767766258996,33.99112889499182,9.826548767598117,3728.8040124563636,25.26697534558957,124.38535200000084,124.38535200000003,13.37296597547141,0.1,9.851630095943655,3715.122184732618,34.0,25.24710010027806,3738.743035354407,5.837050916474068,2.494798479859643,5.840100000000012,2.447000000000001,102.60632715340344,48.56992291997916,32.72364774197855,0.4733618702418207,0.6737430445564436,13.3968435613682,43.851630095943655,33.97933241111681,5.84012811282091,2.445670996191577,25.206160805821796,3728.874574642304
3530,353.00000000001177,43.81767766258996,33.99112889499182,9.826548767598121,3728.804012456366,25.26697534558957,124.38535200000072,124.38535200000003,13.372965975471423,0.1,9.843985683131905,3715.122184732618,34.0,25.24710010027806,3738.743035354407,5.836345733349179,2.4968620319466135,5.840100000000012,2.447000000000001,102.60632715340347,48.56992291997915,32.72364774197859,0.4733618702418204,0.6737430445564445,13.392201285695943,43.843985683131905,34.019321012462406,5.841733102726938,2.4479773650533923,25.46617279953216,3728.7577859930298
3531,353.1000000000118,43.81767766258996,33.99112889499182,9.826548767598123,3728.8040124563677,25.26697534558957,124.38535200000064,124.38535200000003,13.372965975471434,0.1,9.822492395798612,3715.122184732618,34.0,25.24710010027806,3738.743035354407,5.836345733349179,2.4968620319466135,5.840100000000012,2.447000000000001,102.6063271534035,48.56992291997914,32.72364774197861,0.47336187024182025,0.6737430445564451,13.392691415758785,43.82249239579861,33.982508628142554,5.840386179816691,2.4469021990452324,25.164236801338884,3728.842327573634
3532,353.2000000000118,43.81767766258996,33.99112889499182,9.826548767598126,3728.8040124563695,25.26697534558957,124.38535200000057,124.38535200000003,13.372965975471441,0.1,9.825240191424221,3715.122184732618,34.0,25.244987998755672,3737.971681195609,5.836345733349179,2.4968620319466135,5.840100000000012,2.447000000000001,102.60632715340353,48.569922919979135,32.72364774197863,0.47336187024182,0.6737430445564456,13.377735121160349,43.82524019142422,33.964063173264414,5.840088916853397,2.4479479134346187,25.18597233051504,3728.8870304947027
3533,353.30000000001183,43.81767766258996,33.99112889499182,9.826548767598128,3728.804012456371,25.26697534558957,124.38535200000048,124.38535200000003,13.372965975471452,0.1,9.842627195306093,3715.122184732618,34.0,25.244987998755672,3737.971681195609,5.836345733349179,2.4968620319466135,5.840100000000012,2.447000000000001,102.60632715340356,48.56992291997912,32.72364774197865,0.47336187024181975,0.6737430445564463,13.529902259873316,43.84262719530609,33.99850457752022,5.840483917263933,2.4462828809614487,25.408828689240753,3728.704470802355
3534,353.40000000001186,43.81767766258996,33.99112889499182,9.82654876759813,3728.804012456372,25.26697534558957,124.38535200000042,124.38535200000003,13.372965975471455,0.1,9.827904261371657,3715.122184732618,34.0,25.244987998755672,3737.971681195609,5.836345733349179,2.4968620319466135,5.840100000000012,2.447000000000001,102.60632715340357,48.56992291997912,32.72364774197867,0.4733618702418197,0.6737430445564465,13.39842589615355,43.82790426137166,33.91043151491257,5.839027386013446,2.446603495152576,25.292244225952338,3728.759938346646
3535,353.5000000000119,43.81767766258996,33.99112889499182,9.82654876759813,3728.804012456373,25.26697534558957,124.38535200000038,124.38535200000003,13.372965975471462,0.1,9.819052505497623,3715.122184732618,34.0,25.244987998755672,3737.971681195609,5.831289475563842,2.498924066520509,5.840100000000012,2.447000000000001,102.60632715340357,48.56992291997911,32.72364774197868,0.47336187024181964,0.673743044556447,13.32732039058872,43.81905250549762,33.99763559622233,5.839728763612348,2.4473101317917823,25.312707845960542,3728.793591106597
3536,353.6000000000119,43.81767766258996,33.99112889499182,9.826548767598132,3728.804012456374,25.26697534558957,124.38535200000034,124.38535200000003,13.37296597547147,0.1,9.819271791388289,3715.122184732618,34.0,25.244987998755672,3737.971681195609,5.831289475563842,2.498924066520509,5.840100000000012,2.467000000000001,102.6063271534036,48.569922919979106,32.99110706148813,0.4733618702418194,0.6792497306582573,13.509249924497823,43.81927179138829,33.99483200297937,5.841586302325026,2.4657243951042833,25.120874364045513,3728.8221616293877
3537,353.7000000000119,43.81767766258996,33.99112889499182,9.826548767598133,3728.804012456375,25.26697534558957,124.38535200000031,125.31767200000003,13.348993283318581,0.1,9.814272132986567,3715.122184732618,34.0,25.251320887445917,3735.892257668459,5.831289475563842,2.498924066520509,5.840100000000012,2.467000000000001,102.60632715340361,48.56992291997911,32.931966429946954,0.4733618702418194,0.6780320916754116,13.360573374853914,43.81427213298657,33.95026412129914,5.840150239963933,2.468066322047828,25.246655917996954,3728.8219271412268
3538,353.80000000001195,43.81767766258996,33.99112889499182,9.826548767598133,3726.281276966822,25.26697534558957,124.38535200000027,125.31767200000003,13.348993283318585,0.1,9.729941589535436,3715.122184732618,34.0,25.251320887445917,3735.892257668459,5.831289475563842,2.498924066520509,5.840100000000012,2.467000000000001,102.60632715340361,48.53706276753725,32.93196642994696,0.4730416156010629,0.6784911272375684,13.305037025728708,43.729941589535436,33.99004961312014,5.840533552394552,2.468386271238339,25.172964986814943,3726.202948256675
3539,353.90000000001197,43.81767766258996,33.99112889499182,9.82363890737771,3723.7585414772693,25.26697534558957,124.48606559005809,125.31767200000003,13.337059397997919,0.1,9.798791749950801,3715.122184732618,34.0,25.251320887445917,3735.892257668459,5.831289475563842,2.498924066520509,5.840100000000012,2.467000000000001,102.57434509458949,48.543475988524925,32.90252553486088,0.4732516297692205,0.6777950046807243,13.38060591455831,43.7987917499508,34.01049843325277,5.840318648024205,2.4651061020261493,25.389604887107136,3723.667553181752
3540,354.000000000012,43.81767766258996,33.99112889499182,9.820733056624219,3721.5083237369004,25.267194973563633,124.58682208611066,125.31767200000003,13.325125512677253,0.1,9.82251921284957,3715.122184732618,34.0,25.251320887445917,3735.892257668459,5.827739021198894,2.498350874781921,5.840100000000012,2.467000000000001,102.54329843226358,48.55340817405849,32.873084639774795,0.4734917729034348,0.6770499924933899,13.338662839354983,43.82251921284957,33.96682147336968,5.83677605811616,2.4669712560337733,25.313150504113146,3721.5387139303416
3541,354.100000000012,43.816992950418026,33.991719679721584,9.818372862112005,3719.530739843703,25.267633926888593,124.68007320841659,125.31767200000003,13.314480781760636,0.1,9.850061509510745,3715.122184732618,34.0,25.251320887445917,3735.892257668459,5.827739021198894,2.498350874781921,5.840100000000012,2.467000000000001,102.51913846183139,48.56392931792131,32.846824088603505,0.47370598355156884,0.6763625709438261,13.3564715417865,43.850061509510745,34.03565388011349,5.838943220186929,2.466291871381107,25.257167451351346,3719.3371673008824
3542,354.20000000001204,43.815624469532125,33.99290045053287,9.816557684227911,3717.8054812419095,25.26815475010441,124.7658150935399,125.31767200000003,13.305125754453517,0.1,9.811950475216165,3715.122184732618,34.0,25.22415773526117,3731.1834591608726,5.827739021198894,2.498350874781921,5.840100000000012,2.467000000000001,102.50130019634982,48.57478522554357,32.82374523623684,0.4738943323889015,0.675736291654793,13.302166175829706,43.811950475216165,33.99565902049815,5.841280552387916,2.466936126213538,25.252438555597717,3717.9522498835145
3543,354.30000000001206,43.81400075107449,33.99430147541618,9.815120727207516,3716.3122289218027,25.268620167516456,124.84276808114082,125.31767200000003,13.29696436044786,0.1,9.851954407542777,3715.122184732618,34.0,25.22415773526117,3731.1834591608726,5.827739021198894,2.498350874781921,5.840100000000012,2.467000000000001,102.48739366443802,48.5852231132988,32.80361107722488,0.4740604807687419,0.675176709608355,13.296449775750371,43.85195440754278,33.99687167449106,5.840494037517374,2.4676709924356097,25.18839148594295,3716.3847106473595
3544,354.4000000000121,43.8125497657507,33.99555348201078,9.813894742426204,3715.0272012808273,25.268965743332547,124.90963507568037,125.31767200000003,13.289900479982876,0.1,9.785048089852943,3715.122184732618,34.0,25.22415773526117,3731.1834591608726,5.827739021198894,2.498350874781921,5.840100000000012,2.467000000000001,102.4753195211531,48.59443701664066,32.78618448411777,0.4742062502826325,0.6746900776500503,13.299518175860348,43.78504808985294,33.98039896969434,5.8402466864777605,2.4669471384474173,25.19518806796278,3715.1060254083386
3545,354.5000000000121,43.81147239858646,33.9964831209385,9.812784079683293,3713.9231069462326,25.269199838850405,124.96635912431574,125.31767200000003,13.283821613385566,0.1,9.862136973882713,3715.122184732618,34.0,25.22415773526117,3731.1834591608726,5.828636729710854,2.4962983423209,5.840100000000012,2.467000000000001,102.4640605810897,48.602056084054524,32.771187920222204,0.4743327153777107,0.6742757521111098,13.296073432034387,43.86213697388271,33.99408077281894,5.839887445182753,2.464988275962991,25.24539178179548,3713.981832820518
3546,354.60000000001213,43.81074258239998,33.997112872189156,9.811765260777847,3712.9725004383536,25.269366280921396,125.01414357650725,125.31767200000003,13.278598657896648,0.1,9.799539844538977,3715.122184732618,34.0,25.22415773526117,3731.1834591608726,5.828636729710854,2.4962983423209,5.840100000000012,2.467000000000001,102.45353666395768,48.60819564858622,32.75830288903104,0.47444136367901674,0.6739255068395822,13.278479293944548,43.79953984453898,33.97927606878078,5.841703078859598,2.466413966680337,25.276163916303947,3713.10863667652
3547,354.70000000001215,43.81022368259946,33.99756062930152,9.810852110079212,3712.1511923831436,25.269507004262273,125.05475222169768,125.31767200000003,13.274101781748879,0.1,9.79493495050864,3715.122184732618,34.0,25.22689454178195,3724.7374114552554,5.828636729710854,2.4962983423209,5.840100000000012,2.467000000000001,102.4440698430597,48.61322955941354,32.7472090955745,0.47453434477844453,0.6736275164675473,13.227942984964164,43.79493495050864,33.92267309832034,5.840383898455931,2.4663321793779707,25.31493326867538,3712.0381599701172
3548,354.8000000000122,43.809784963511945,33.99793920101323,9.81006051221514,3711.4397659891706,25.269643689106264,125.08979582767373,125.31767200000003,13.27021655629246,0.1,9.809676140690094,3715.122184732618,34.0,25.22689454178195,3724.7374114552554,5.828636729710854,2.4962983423209,5.840100000000012,2.467000000000001,102.4359226589836,48.617533015791295,32.737624244373514,0.47461409780670877,0.6733707412455526,13.26652424650442,43.809676140690094,34.079231383833076,5.83764032348837,2.467339305221525,25.50862256774821,3711.517813658379
3549,354.9000000000122,43.809358834842314,33.99830691044267,9.809390769034765,3710.8231629911106,25.26977843472058,125.12038449795749,125.31767200000003,13.26685112974064,0.1,9.846779197693778,3715.122184732618,34.0,25.22689454178195,3724.7374114552554,5.828636729710854,2.4962983423209,5.840100000000012,2.467000000000001,102.42910696477048,48.62134255324912,32.72932173707017,0.4746828708559567,0.673147223387048,13.23277107573372,43.84677919769378,34.061512774628774,5.840474679447933,2.467410587182126,25.257413154790008,3711.013589027155
3550,355.0000000000122,43.808938751915136,33.998669404905236,9.808827720328338,3710.289328917994,25.269903814003346,125.14715215106939,125.31767200000003,13.263934268461405,0.1,9.702013017545823,3715.122184732618,34.0,25.22689454178195,3724.7374114552554,5.831184502695013,2.494583164045772,5.840100000000012,2.467000000000001,102.42342603606704,48.62474827144904,32.7221258402943,0.47474245056327724,0.6729520872297805,13.22403735768376,43.70201301754582,34.01815660669731,5.840839277165621,2.4658571167005148,25.16786805805769,3710.0525857604707
3551,355.10000000001224,43.80854786946317,33.99900670367285,9.808349678481084,3709.8279245991225,25.270012623885414,125.17046506823873,125.31767200000003,13.261408948373262,0.1,9.849579903926589,3715.122184732618,34.0,25.22689454178195,3724.7374114552554,5.831184502695013,2.494583164045772,5.840100000000012,2.467000000000001,102.41861230769253,48.62775828106927,32.71589587563685,0.4747941529902656,0.672782316769332,13.215186653057902,43.84957990392659,34.02018435203633,5.840083390516521,2.4653918794769374,25.243085548336158,3709.7417492421655
3552,355.20000000001227,43.80820864377483,33.999299428343,9.807937167326939,3709.429601972704,25.270102553959035,125.19062421170052,125.31767200000003,13.259226259680503,0.1,9.753186516750652,3715.122184732618,34.0,25.238091081904845,3722.4013604171128,5.831184502695013,2.494583164045772,5.840100000000012,2.467000000000001,102.41444235083816,48.63036797015579,32.71051118263181,0.4748389665938341,0.6726354857669613,13.30769335096723,43.75318651675065,33.94773790997826,5.839949129485128,2.4667663364070047,25.27714539860085,3709.3947734548296
3553,355.3000000000123,43.80792827777732,33.99954136275331,9.807576999209022,3709.0858273412337,25.270175921385576,125.20796683182964,125.31767200000003,13.257341981061522,0.1,9.79436803198206,3715.122184732618,34.0,25.238091081904845,3722.4013604171128,5.831184502695013,2.494583164045772,5.840100000000012,2.467000000000001,102.41078061105537,48.63259723443855,32.70586266727879,0.4748777125246187,0.6725090685495726,13.327906896305786,43.79436803198206,33.96934276572165,5.839884392415677,2.4668846721901847,25.264535800758914,3709.104340251298
3554,355.4000000000123,43.80769954748834,33.999738740134575,9.807261800846529,3708.7889795624337,25.270237051527964,125.22286969495026,125.31767200000003,13.255715743572452,0.1,9.758529423258011,3715.122184732618,34.0,25.238091081904845,3722.4013604171128,5.831184502695013,2.494583164045772,5.840100000000012,2.467000000000001,102.40756358002886,48.634493067024835,32.70185073939325,0.4749111429549658,0.6724003619062242,13.275337738001099,43.75852942325801,34.006031870101324,5.8401815619158866,2.4666409210571416,25.3453950166332,3708.778483398067
3555,355.50000000001234,43.80750896815643,33.99990319648938,9.80698737315015,3708.532456974223,25.27028981055122,125.2357045522988,125.31767200000003,13.254311495142698,0.1,9.777624908198234,3715.122184732618,34.0,25.238091081904845,3722.4013604171128,5.829352411654239,2.49327740460955,5.840100000000012,2.467000000000001,102.40476077561317,48.63611370895004,32.69838645851705,0.47493996705407393,0.6723067277577295,13.277895305729366,43.777624908198234,34.006895003750294,5.838889410386866,2.467679710718685,25.25916060455369,3708.6901927618806
3556,355.60000000001236,43.807344486625524,34.00004513262531,9.806750214768005,3708.310663824549,25.270336485512605,125.24679544873872,125.31767200000003,13.25309800638712,0.1,9.787023752643954,3715.122184732618,34.0,25.238091081904845,3722.4013604171128,5.829352411654239,2.49327740460955,5.840100000000012,2.467000000000001,102.40234298318154,48.63751193425809,32.695392781757036,0.474964834957402,0.6722258495860242,13.2139898226328,43.787023752643954,34.0308627862733,5.839391982769337,2.4671626932584863,25.261708074387887,3708.2837608234145
3557,355.7000000000124,43.8071989727659,34.0001707012255,9.806546323093903,3708.1188811842067,25.27037793298015,125.2564017482996,125.31767200000003,13.252048806411903,0.1,9.777240563774662,3715.122184732618,34.0,25.211021457737413,3718.371473253505,5.829352411654239,2.49327740460955,5.840100000000012,2.467000000000001,102.40026967958809,48.63872680276043,32.69280440541818,0.4749863155141261,0.6721558427710065,13.257552623972144,43.77724056377466,34.021678258702636,5.839883645933379,2.469932319998012,25.301089347427183,3708.1431818400515
3558,355.8000000000124,43.80706975614109,34.000282206610855,9.806371198609053,3707.9530919289955,25.270414309078273,125.26472553363166,125.31767200000003,13.25114157216328,0.1,9.84405697698093,3715.122184732618,34.0,25.211021457737413,3718.371473253505,5.829352411654239,2.49327740460955,5.840100000000012,2.467000000000001,102.39849204004689,48.639784267035445,32.69056625852683,0.47500488823617615,0.6720952148770559,13.252428296311606,43.84405697698093,33.99991310848394,5.839971557801959,2.4686288540345194,25.230001608348733,3708.052352561613
3559,355.9000000000124,43.806956350017586,34.000380068731864,9.806220410320442,3707.8098257438296,25.270445734061738,125.27192993107657,125.31767200000003,13.25035730049973,0.1,9.817057132009467,3715.122184732618,34.0,25.211021457737413,3718.371473253505,5.829352411654239,2.49327740460955,5.840100000000012,2.467000000000001,102.39696184695433,48.640702275622075,32.68863146033284,0.4750209517770847,0.672042752900709,13.336948388595637,43.81705713200947,33.99950622981992,5.838185231964555,2.4660408448869036,25.27853950831637,3707.8236480284463
3560,356.00000000001245,43.80685837948913,34.000464611050006,9.806090116704567,3707.686053712082,25.27047259419013,125.27815564654192,125.31767200000003,13.249679574978689,0.1,9.759053555566432,3715.122184732618,34.0,25.211021457737413,3718.371473253505,5.832669455000887,2.4918935855434152,5.840100000000012,2.467000000000001,102.39563843965718,48.64149582486837,32.68695951147244,0.4750348409960187,0.6719974161395126,13.314779654506996,43.75905355556643,34.03275136601274,5.8416968753566625,2.4667337858973917,25.1549056294051,3707.6438732567167
3561,356.10000000001247,43.806774640352856,34.000536872667624,9.80597726238618,3707.579127648835,25.2704955129595,125.28352988361601,125.31767200000003,13.2490940672079,0.1,9.736542390012623,3715.122184732618,34.0,25.211021457737413,3718.371473253505,5.832669455000887,2.4918935855434152,5.840100000000012,2.467000000000001,102.39449075993608,48.64217963536088,32.6855150638019,0.4750468435787477,0.6719582738443091,13.219874237540148,43.73654239001262,34.050266894192426,5.842378490651394,2.4673422832290677,25.229791269823604,3707.6359216273595
3562,356.2000000000125,43.80670318879747,34.000598530935044,9.80587947814234,3707.486743565376,25.270515175158618,125.28816832276803,125.31767200000003,13.248588249859285,0.1,9.78766471467528,3715.122184732618,34.0,25.21841375542954,3715.16199305876,5.832669455000887,2.4918935855434152,5.840100000000012,2.467000000000001,102.39349553998403,48.64276844811053,32.68426721240287,0.475057211315887,0.6719244865198961,13.263598052405303,43.78766471467528,34.00974609866899,5.839863531104556,2.464882154124351,25.39921433035576,3707.4769382626946
3563,356.3000000000125,43.8066418899255,34.00065142810998,9.805794853541647,3707.4069104891514,25.2705321710835,125.29217383901332,125.31767200000003,13.248151223836533,0.1,9.842397365929138,3715.122184732618,34.0,25.21841375542954,3715.16199305876,5.832669455000887,2.4918935855434152,5.840100000000012,2.467000000000001,102.39263417203377,48.643276123065135,32.683189069204744,0.4750661658077642,0.6718953095699775,13.12781155389486,43.84239736592914,34.05623738397235,5.838875398662068,2.467225524527963,25.44823660184525,3707.452860115257
3564,356.40000000001254,43.8065889034301,34.00069715224584,9.805721736920011,3707.33791581389,25.270546935039718,125.29563531725594,125.31767200000003,13.247773570776829,0.1,9.818841408147279,3715.122184732618,34.0,25.21841375542954,3715.16199305876,5.832669455000887,2.4918935855434152,5.840100000000012,2.467000000000001,102.39189026051899,48.64371472884563,32.68225739910645,0.4750739009220345,0.6718700983526229,13.208867050746768,43.81884140814728,33.97772750697271,5.839871947310695,2.465715516520323,25.19280416020773,3707.2440668032655
3565,356.50000000001256,43.806542875320176,34.00073687174149,9.80565863072812,3707.2782874441987,25.27055976723288,125.29862807602112,125.31767200000003,13.247447189138438,0.1,9.845279053436379,3715.122184732618,34.0,25.21841375542954,3715.16199305876,5.832853030220537,2.49064107005563,5.840100000000012,2.467000000000001,102.39124856045869,48.64409421387782,32.68145221560454,0.47508058450088214,0.6718483043781448,13.2757198872696,43.84527905343638,33.9724463280973,5.837910691967606,2.467295964362283,25.14210799013545,3707.3172139238327
3566,356.6000000000126,43.80650286967479,34.000771394230654,9.805604171119294,3707.226757086723,25.270570890516524,125.30121572059717,125.31767200000003,13.247165115124453,0.1,9.784018723315896,3715.122184732618,34.0,25.21841375542954,3715.16199305876,5.832853030220537,2.49064107005563,5.840100000000012,2.467000000000001,102.39069498306114,48.644422646666825,32.680756339012035,0.4750863606767612,0.6718294628839913,13.224421582989216,43.784018723315896,34.02752411695343,5.840797576851615,2.4673133350526797,25.294087925676646,3707.241413162523
3567,356.7000000000126,43.806468191725685,34.00080131924942,9.805557145643775,3707.1822285556655,25.27058049908492,125.30345249514878,125.31767200000003,13.24692134903039,0.1,9.783641915393986,3715.122184732618,34.0,25.230261514964386,3712.805116023829,5.832853030220537,2.49064107005563,5.840100000000012,2.467000000000001,102.39021698755393,48.6447067148978,32.680154968057984,0.4750913529249657,0.6718131771169553,13.247086455548923,43.783641915393986,33.98563912430791,5.839514746521091,2.4694003487880223,25.112610342961172,3707.094994142175
3568,356.80000000001263,43.806438236052855,34.000827169233716,9.805516508249934,3707.1437524428156,25.270588780954185,125.30538530954558,125.31767200000003,13.246710705312356,0.1,9.74444855264474,3715.122184732618,34.0,25.230261514964386,3712.805116023829,5.832853030220537,2.49064107005563,5.840100000000012,2.467000000000001,102.38980383719496,48.64495218125372,32.679635310005594,0.47509566732447,0.67179910442176,13.238974672167965,43.74444855264474,34.02344994314858,5.838731487134031,2.467957767143373,25.105138233261414,3707.073154351734
3569,356.90000000001265,43.80641241649724,34.00084944999994,9.805481373984241,3707.1105062719103,25.270595917966073,125.30705510322375,125.31767200000003,13.246528692762787,0.1,9.803503614237577,3715.122184732618,34.0,25.230261514964386,3712.805116023829,5.832853030220537,2.49064107005563,5.840100000000012,2.467000000000001,102.38944654104348,48.64516415345626,32.67918628504581,0.47509939546314983,0.6717869464260805,13.232306896149032,43.80350361423758,33.989995024180494,5.839854712987093,2.466585375906817,25.35643818885875,3707.053861467359
3570,357.0000000000127,43.80639016614897,34.000868650754846,9.805450996298731,3707.081778343424,25.270602076336917,125.30849763918468,125.31767200000003,13.246371420629988,0.1,9.771124545117324,3715.122184732618,34.0,25.230261514964386,3712.805116023829,5.836804901282551,2.4893858945672696,5.840100000000012,2.467000000000001,102.3891375662322,48.645347181246834,32.67879829469419,0.4751026167182993,0.6717764429337267,13.276996625012707,43.771124545117324,34.03878357745369,5.839564531848133,2.468978498906569,25.287475550661995,3707.1345869847537
3571,357.1000000000127,43.806370966812025,34.000885218669005,9.805424738624522,3707.056953727817,25.270607398917686,125.30974400288414,125.31767200000003,13.246235522195342,0.1,9.829034388549005,3715.122184732618,34.0,25.230261514964386,3712.805116023829,5.836804901282551,2.4893858945672696,5.840100000000012,2.467000000000001,102.3888704941399,48.64550526681026,32.67846303325592,0.47510539995257034,0.671767367900107,13.304239077299636,43.829034388549005,34.01538935698456,5.840211408824723,2.4661658158165625,25.311719711421855,3707.0665804564806
3572,357.2000000000127,43.806354373134226,34.000899538053716,9.805402050209178,3707.0355016087105,25.270612003742638,125.31082104187232,125.31767200000003,13.246118088513924,0.1,9.841264949329506,3715.122184732618,34.0,25.214291519661774,3708.586872985305,5.836804901282551,2.4893858945672696,5.840100000000012,2.467000000000001,102.38863974891126,48.64564186977353,32.67817332436386,0.4751078048215871,0.671759525999158,13.172949343176011,43.841264949329506,34.04487728999857,5.838159409429157,2.466335357467639,25.24462821794719,3707.1229738046586
3573,357.30000000001274,43.80634001713196,34.000911926456226,9.805382450126801,3707.0169638156713,25.27061598779461,125.31175184956837,125.31767200000003,13.246016608540948,0.1,9.798738753630964,3715.122184732618,34.0,25.214291519661774,3708.586872985305,5.836804901282551,2.4893858945672696,5.840100000000012,2.467000000000001,102.38844043694974,48.6457599448424,32.67792297327053,0.4751098828856389,0.6717527490643131,13.285157807403488,43.798738753630964,34.0033113928412,5.84044278738566,2.46782544207243,25.316078676041478,3707.100522057613
3574,357.40000000001277,43.806327596451524,34.000922644789355,9.805365518147624,3707.0009446660256,25.270619432613447,125.3125562828738,125.31767200000003,13.24592891488573,0.1,9.821410439110053,3715.122184732618,34.0,25.214291519661774,3708.586872985305,5.836804901282551,2.4893858945672696,5.840100000000012,2.467000000000001,102.38826826927958,48.645862009670736,32.677706633023114,0.4751116786322908,0.6717468923981001,13.191136585524164,43.82141043911005,34.008036091174404,5.84016431009814,2.4661394890731527,25.314010655571646,3707.09867518045
3575,357.5000000000128,43.80631685688432,34.000931912419794,9.80535088904821,3706.987102207268,25.27062240894298,125.3132514562071,125.31767200000003,13.245853135758033,0.1,9.831073231347439,3715.122184732618,34.0,25.214291519661774,3708.586872985305,5.83793931374286,2.4881467367581216,5.840100000000012,2.467000000000001,102.38811951783178,48.6459502218945,32.67751968591508,0.47511323043121606,0.6717418312698027,13.231522069236062,43.83107323134744,34.00249159756597,5.839188886229164,2.4668358164305233,25.413833963616007,3707.0238892460434
3576,357.6000000000128,43.806307577879366,34.000939919669804,9.805338247510658,3706.9751407962617,25.270624979348952,125.3138521645205,125.31767200000003,13.245787653539999,0.1,9.84678609469755,3715.122184732618,34.0,25.214291519661774,3708.586872985305,5.83793931374286,2.4881467367581216,5.840100000000012,2.467000000000001,102.3879909699831,48.646026446093025,32.67735814128319,0.47511457139885177,0.6717374578886629,13.246652612561714,43.84678609469755,33.97538625432222,5.83978402496945,2.465974491548322,25.301735362450483,3706.814987298842
3577,357.70000000001284,43.80629956438172,34.00094683486023,9.805327322412031,3706.9648048230674,25.270627199184865,125.31437122117732,125.31767200000003,13.245731069681796,0.1,9.82130182999213,3715.122184732618,34.0,25.244918065791424,3707.9741960800916,5.83793931374286,2.4881467367581216,5.840100000000012,2.467000000000001,102.38787986969731,48.64609230268626,32.677218548905,0.4751157301488723,0.671733678947539,13.252969831786864,43.82130182999213,34.02242625782549,5.840127053771906,2.4674494202617727,25.293659388812255,3706.9353546817015
3578,357.80000000001286,43.806292643821266,34.000952806908884,9.805317880680837,3706.955873349025,25.27062911684123,125.31481972425014,125.31767200000003,13.24568217501199,0.1,9.837548806019136,3715.122184732618,34.0,25.244918065791424,3707.9741960800916,5.83793931374286,2.4881467367581216,5.840100000000012,2.467000000000001,102.3877838510039,48.646149201018076,32.67709792575459,0.4751167314238251,0.6717304136597664,13.204247137671572,43.837548806019136,33.974591001263065,5.840739518061496,2.467223305587156,25.44401846646587,3707.0200199930537
3579,357.9000000000129,43.806286665335776,34.00095796600104,9.805309721442663,3706.9481554654008,25.270630774035148,125.31520727504977,125.31767200000003,13.245639924372785,0.1,9.808632402640626,3715.122184732618,34.0,25.244918065791424,3707.9741960800916,5.83793931374286,2.4881467367581216,5.840100000000012,2.467000000000001,102.3877008748181,48.64619836333302,32.676993693427676,0.47511759662236336,0.6717275921412575,13.271573849126396,43.808632402640626,34.00950520547359,5.8398241212671715,2.467637037446392,25.197971282460884,3706.8609776178605
3580,358.0000000000129,43.80628149886803,34.000962424368495,9.805302671031,3706.941486243348,25.27063220643247,125.31554216844515,125.31767200000003,13.245603414663993,0.1,9.83348731173188,3715.122184732618,34.0,25.244918065791424,3707.9741960800916,5.838313458078746,2.486914826474111,5.840100000000012,2.467000000000001,102.38762917661876,48.64624084554864,32.67690362397608,0.4751183442448289,0.6717251540098431,13.191556853158874,43.83348731173188,34.01652717827224,5.839216525003056,2.4689710736700707,25.268896770051626,3707.014072763489
3581,358.1000000000129,43.80627703322614,34.000966277963386,9.805296579023457,3706.935723198846,25.270633444519625,125.31583156470666,125.31767200000003,13.24557186568413,0.1,9.745183009310495,3715.122184732618,34.0,25.244918065791424,3707.9741960800916,5.838313458078746,2.486914826474111,5.840100000000012,2.467000000000001,102.38756722640939,48.64627755760277,32.67682579264277,0.47511899027770993,0.6717230471324277,13.246269946314714,43.745183009310495,34.035757033721495,5.8386354190601235,2.46618976466353,25.19190645912779,3706.889560169633
3582,358.20000000001295,43.806273173365625,34.00096960880358,9.805291315128743,3706.9307432226246,25.27063451450185,125.31608164463259,125.31767200000003,13.245544603407737,0.1,9.815076951148583,3715.122184732618,34.0,25.260008603511597,3711.0020000251643,5.838313458078746,2.486914826474111,5.840100000000012,2.467000000000001,102.38751369813794,48.64630928340595,32.6767585366069,0.47511954853036586,0.6717212265012152,13.274587792426502,43.81507695114858,33.987003657331464,5.8389730052107796,2.467026355700762,25.225368614445948,3706.9527939322966
3583,358.300000000013,43.80626983758904,34.00097248738928,9.80528676663209,3706.9264399298427,25.27063543905424,125.3162977464762,125.31767200000003,13.245521045462258,0.1,9.812041921669042,3715.122184732618,34.0,25.260008603511597,3711.0020000251643,5.838313458078746,2.486914826474111,5.840100000000012,2.467000000000001,102.38746744465882,48.646336699231355,32.6767004191554,0.47512003093078803,0.6717196532431129,13.282809947995409,43.81204192166904,33.97134276231247,5.8391005216634495,2.4683268644917162,25.282239212981924,3706.814318552081
3584,358.400000000013,43.80626695520451,34.000974974723476,9.805282836164482,3706.9227213802715,25.270636237871827,125.31648448377345,125.31767200000003,13.24550068859061,0.1,9.858789558882862,3715.122184732618,34.0,25.260008603511597,3711.0020000251643,5.838313458078746,2.486914826474111,5.840100000000012,2.467000000000001,102.38742747544016,48.6463603895485,32.676650198753045,0.47512044778366347,0.6717182937651696,13.307099662632048,43.85878955888286,33.98992975576702,5.8402547488159255,2.468036648418279,25.24627680732194,3706.906076073162
3585,358.500000000013,43.806264464810795,34.000977123791934,9.80527943968283,3706.9195081173048,25.270636928058835,125.31664584520364,125.31767200000003,13.245483097866444,0.1,9.797124018308693,3715.122184732618,34.0,25.260008603511597,3711.0020000251643,5.839938472773935,2.4855887435643194,5.840100000000012,2.467000000000001,102.38739293593811,48.64638086006302,32.67660680243653,0.47512080799342316,0.67171711902751,13.307851998925184,43.79712401830869,34.043330562823044,5.84051776171672,2.4659925309916826,25.19990847904396,3706.726012628281
3586,358.60000000001304,43.80626231308378,34.0009789806103,9.805276504644326,3706.9167314771785,25.27063752442921,125.31678527917632,125.31767200000003,13.245467897417601,0.1,9.800458963366971,3715.122184732618,34.0,25.260008603511597,3711.0020000251643,5.839938472773935,2.4855887435643194,5.840100000000012,2.467000000000001,102.38736308874606,48.64639854837097,32.67656930292924,0.4751211192557605,0.6717161039257137,13.243068771813782,43.80045896336697,34.04130209931066,5.839767174017172,2.466967435582126,25.2657470302422,3706.8303558045673
3587,358.70000000001306,43.8062604538395,34.00098058503269,9.805273968395525,3706.914332127072,25.270638039774337,125.31690576621679,125.31767200000003,13.245454762427833,0.1,9.802150145714485,3715.122184732618,34.0,25.214270880055267,3708.7652419595224,5.839938472773935,2.4855887435643194,5.840100000000012,2.467000000000001,102.38733729697154,48.64641383287844,32.676536898909475,0.4751213882218746,0.6717152267619886,13.194899265130323,43.802150145714485,34.033420515196774,5.843040061534579,2.467879643543535,25.215800692964667,3706.707689595954
3588,358.8000000000131,43.80625884719953,34.00098197147193,9.805271776787835,3706.912258799075,25.2706384851206,125.31700988167616,125.31767200000003,13.245443412221228,0.1,9.814330459741605,3715.122184732618,34.0,25.214270880055267,3708.7652419595224,5.839938472773935,2.4855887435643194,5.840100000000012,2.467000000000001,102.38731501006043,48.64642704053433,32.67650889794978,0.4751216206397677,0.6717144687876518,13.316786781638351,43.814330459741605,34.01734282349109,5.840757563624416,2.4650728537126105,25.323642694785878,3706.892589370664
3589,358.9000000000131,43.806257458788025,34.000983169592395,9.805269883005636,3706.910467193839,25.27063886997407,125.31709985044074,125.31767200000003,13.24543360427321,0.1,9.769184384652839,3715.122184732618,34.0,25.214270880055267,3708.7652419595224,5.839938472773935,2.4855887435643194,5.840100000000012,2.467000000000001,102.38729575190662,48.64643845368324,32.67648470174202,0.47512182147634624,0.6717138138047584,13.314804439261605,43.76918438465284,34.07736752036506,5.841456131245231,2.466681000663471,25.27215185552363,3706.8852136808096
3590,359.00000000001313,43.806256258968844,34.00098420496838,9.805268246574336,3706.908919032265,25.27063920254076,125.31717759464773,125.31767200000003,13.245425129024213,0.1,9.811633407235036,3715.122184732618,34.0,25.214270880055267,3708.7652419595224,5.842592783149057,2.4844186938161053,5.840100000000012,2.467000000000001,102.38727911084038,48.646448316145346,32.676463793302744,0.4751219950232552,0.6717132478191158,13.253097698290361,43.811633407235036,33.98118730848178,5.8425554485496765,2.4670562657851773,25.179879340810178,3706.9594130200085
3591,359.10000000001315,43.806255222158924,34.00098509967661,9.805266832511435,3706.907581236306,25.270639489914455,125.317244775092,125.31767200000003,13.245417805393672,0.1,9.81650558968935,3715.122184732618,34.0,25.214270880055267,3708.7652419595224,5.842592783149057,2.4844186938161053,5.840100000000012,2.467000000000001,102.3872647310575,48.64645683854106,32.6764457259062,0.47512214498865263,0.6717127587392485,13.288708457897163,43.81650558968935,33.982655072752756,5.840955219595542,2.466852406818588,25.24656678095174,3706.9328944923363
3592,359.2000000000132,43.806254326242694,34.000985872801586,9.805265610590652,3706.9064252218072,25.2706397382321,125.31730282695797,125.31767200000003,13.245411476904764,0.1,9.80066268125126,3715.122184732618,34.0,25.247258741255493,3709.2278234141627,5.842592783149057,2.4844186938161053,5.840100000000012,2.467000000000001,102.38725230515973,48.64646420288275,32.67643011352406,0.4751222745766686,0.671712336116459,13.2858152954623,43.80066268125126,34.01783744683249,5.841513360120244,2.4682234673755072,25.220806560392994,3707.0061668404996
3593,359.3000000000132,43.80625355208761,34.000986540853596,9.805264554699574,3706.9054262880345,25.270639952802366,125.31735299055897,125.31767200000003,13.245406008339188,0.1,9.773756205689232,3715.122184732618,34.0,25.247258741255493,3709.2278234141627,5.842592783149057,2.4844186938161053,5.840100000000012,2.467000000000001,102.3872415676148,48.646470566496866,32.67641662257279,0.475122386556059,0.6717119709210156,13.298578983413886,43.77375620568923,33.99357026115265,5.840215603693632,2.466420322299708,25.32076253441327,3706.9342387654
3594,359.4000000000132,43.806252883143344,34.00098711811463,9.805263642279295,3706.904563090379,25.2706401382146,125.31739633778707,125.31767200000003,13.245401282849283,0.1,9.818133962935477,3715.122184732618,34.0,25.247258741255493,3709.2278234141627,5.842592783149057,2.4844186938161053,5.840100000000012,2.467000000000001,102.38723228903778,48.64647606537228,32.67640496478919,0.47512248331944296,0.6717116553494619,13.182417586748878,43.81813396293548,34.02364240325911,5.840391108841522,2.4669617685693477,25.322863634661317,3706.7911692393245
3595,359.50000000001324,43.80625230510218,34.00098761693145,9.805262853838169,3706.90381718463,25.270640298433687,125.31743379492633,125.31767200000003,13.24539719946366,0.1,9.786675142436202,3715.122184732618,34.0,25.247258741255493,3709.2278234141627,5.842892428723805,2.483187480672096,5.840100000000012,2.467000000000001,102.38722427123078,48.646480817036,32.67639489107686,0.47512256693440713,0.6717113826584057,13.283698475921568,43.7866751424362,33.986735155154854,5.839243449634802,2.4646228896537097,25.488723881534437,3706.954558762907
3596,359.60000000001327,43.80625180560314,34.000988047970836,9.80526217253234,3706.9031726329813,25.27064043688389,125.31746616238088,125.31767200000003,13.245393670931357,0.1,9.795165234002404,3715.122184732618,34.0,25.247258741255493,3709.2278234141627,5.842892428723805,2.483187480672096,5.840100000000012,2.467000000000001,102.38721734291119,48.646484923041186,32.67638618618767,0.4751226391876275,0.6717111470208333,13.204881722983272,43.795165234002404,33.938768689574474,5.839832192935014,2.466402107818785,25.173589104231553,3706.707340358463
3597,359.7000000000133,43.80625137397078,34.00098842044513,9.805261583804999,3706.902615663414,25.27064055652273,125.31749413175889,125.31767200000003,13.245390621858043,0.1,9.814507937620185,3715.122184732618,34.0,25.255355653997277,3711.5294021043883,5.842892428723805,2.483187480672096,5.840100000000012,2.467000000000001,102.38721135604582,48.64648847112929,32.6763786641238,0.47512270162299697,0.6717109434017334,13.288512224825812,43.814507937620185,34.0124961634533,5.839283457665327,2.4670767598847925,25.117781037561414,3706.9066192369605
3598,359.8000000000133,43.806251000984744,34.00098874231099,9.805261075075991,3706.9021343753107,25.270640659905347,125.31751830066409,125.31767200000003,13.24538798709472,0.1,9.791939350890658,3715.122184732618,34.0,25.255355653997277,3711.5294021043883,5.842892428723805,2.483187480672096,5.840100000000012,2.467000000000001,102.38720618269956,48.646491537108744,32.676372164162686,0.47512275557459815,0.6717107674504408,13.208096391056543,43.79193935089066,34.00595166862685,5.839376556649347,2.467814313873981,25.204418732997954,3707.0966159733844
3599,359.90000000001334,43.80625067867909,34.000989020442525,9.805260635474118,3706.901718485091,25.27064074923994,125.31753918548786,125.31767200000003,13.245385710345111,0.1,9.787794977687028,3715.122184732618,34.0,25.255355653997277,3711.5294021043883,5.842892428723805,2.483187480672096,5.840100000000012,2.467000000000001,102.38720171231738,48.646494186482826,32.6763665474214,0.4751228021952138,0.671710615407534,13.18983715137404,43.78779497768703,34.02000081273219,5.8413115379304665,2.466413050467063,25.431962267391096,3706.8590462048337
3600,360.00000000001336,43.80625040016956,34.00098926078049,9.805260255605617,3706.9013591064618,25.27064082643514,125.31755723245904,125.31767200000003,13.2453837429624,0.1,9.790253063219403,3715.122184732618,34.0,25.255355653997277,3711.5294021043883,5.842318917021222,2.4819496472019225,5.840100000000012,2.467000000000001,102.38719784937118,48.64649647585527,32.67636169388825,0.4751228424809757,0.6717104840244049,13.209313833498847,43.7902530632194,33.99520038200765,5.8389679872204425,2.4688232301647566,25.331171860827173,3706.9387067132793
3601,360.1000000000134,43.80625015950581,34.0009894684597,9.80525992735361,3706.901048560567,25.2706408931406,125.31757282718236,125.31767200000003,13.245382042909675,0.1,9.840336013647587,3715.122184732618,34.0,25.255355653997277,3711.5294021043883,5.842318917021222,2.4819496472019225,5.840100000000012,2.467000000000001,102.38719451131983,48.64649845414164,32.676357499858184,0.47512287729266117,0.671710370493813,13.342029035603893,43.84033601364759,33.95992578290166,5.839187932200525,2.464654675346526,25.21849352222905,3706.981648223185
3602,360.2000000000134,43.80624995154487,34.000989647918225,9.805259643704515,3706.9007802119454,25.27064095078194,125.31758630287383,125.31767200000003,13.245380573861844,0.1,9.79116367037652,3715.122184732618,34.0,25.236839838501503,3711.572694459974,5.842318917021222,2.4819496472019225,5.840100000000012,2.467000000000001,102.38719162684244,48.64650016361345,32.67635387571718,0.4751229073740899,0.6717102723899221,13.252815594540005,43.79116367037652,34.00451567822472,5.839706473251047,2.4655600089627323,25.24999152796174,3706.8221255428466
3603,360.3000000000134,43.80624977184223,34.00098980299143,9.805259398597869,3706.9005483267756,25.270641000590985,125.31759794747424,125.31767200000003,13.24537930442964,0.1,9.770310807792832,3715.122184732618,34.0,25.236839838501503,3711.572694459974,5.842318917021222,2.4819496472019225,5.840100000000012,2.467000000000001,102.3871891343102,48.64650164079931,32.676350744027935,0.47512293336801587,0.6717101876165052,13.282435733166368,43.77031080779283,34.02056214059903,5.840777824930532,2.4660585459499553,25.114418374030176,3706.736906497845
3604,360.40000000001345,43.80624961655755,34.00098993699332,9.805259186796654,3706.9003479503654,25.270641043632054,125.31760800979742,125.31767200000003,13.245378207489022,0.1,9.805793763305616,3715.122184732618,34.0,25.236839838501503,3711.572694459974,5.842318917021222,2.4819496472019225,5.840100000000012,2.467000000000001,102.38718698046728,48.646502917263895,32.67634803787543,0.4751229558298573,0.6717101143621794,13.311945581805164,43.805793763305616,33.98861330017601,5.841070641054416,2.466295102314054,25.337272733717516,3706.7785767255423
3605,360.5000000000135,43.80624948237272,34.00099005278725,9.805259003775337,3706.90017480128,25.27064108082475,125.3176167048456,125.31767200000003,13.245377259601657,0.1,9.816452104866897,3715.122184732618,34.0,25.236839838501503,3711.572694459974,5.8408622952309415,2.4806836140721256,5.840100000000012,2.467000000000001,102.38718511929255,48.64650402028193,32.6763456994373,0.4751229752395605,0.6717100510617109,13.217523296868865,43.8164521048669,33.986514710215104,5.838140553366894,2.468946436855297,25.271751557326624,3706.8616026799896
3606,360.6000000000135,43.80624936642077,34.00099015284722,9.805258845623236,3706.9000251798534,25.270641112963688,125.3176242184045,125.31767200000003,13.245376440514068,0.1,9.83001175659382,3715.122184732618,34.0,25.236839838501503,3711.572694459974,5.8408622952309415,2.4806836140721256,5.840100000000012,2.467000000000001,102.38718351101724,48.64650497342136,32.67634367874822,0.4751229920118548,0.671709996362562,13.252803446736939,43.83001175659382,33.94918884914623,5.839258206863865,2.4668948596648503,25.45938077671901,3706.782714339778
3607,360.7000000000135,43.80624926622441,34.00099023931101,9.805258708961034,3706.8998958891307,25.27064114073553,125.31763071101459,125.31767200000003,13.245375732724863,0.1,9.815674816710363,3715.122184732618,34.0,25.22747890236114,3708.594623838765,5.8408622952309415,2.4806836140721256,5.840100000000012,2.467000000000001,102.3871821212763,48.64650579704741,32.67634193263225,0.47512300650511363,0.6717099490959848,13.194841916867217,43.81567481671036,34.01373870876147,5.839435019712054,2.4664238006918553,25.326577032533407,3706.8849810619795
3608,360.80000000001354,43.80624917964292,34.00099031402595,9.805258590868613,3706.899784166558,25.27064116473367,125.3176363214023,125.31767200000003,13.245375121110737,0.1,9.746285432470252,3715.122184732618,34.0,25.22747890236114,3708.594623838765,5.8408622952309415,2.4806836140721256,5.840100000000012,2.467000000000001,102.38718092037439,48.646506508758144,32.6763404237802,0.47512301902901405,0.6717099082520401,13.309738780637158,43.74628543247025,33.942828045084326,5.839800969726315,2.466912211758383,25.11613782617123,3706.816389114102
3609,360.90000000001356,43.80624910482631,34.00099037858844,9.805258488822677,3706.899687624958,25.270641185470897,125.31764116944457,125.31767200000003,13.24537459260334,0.1,9.784532402407635,3715.122184732618,34.0,25.22747890236114,3708.594623838765,5.8408622952309415,2.4806836140721256,5.840100000000012,2.467000000000001,102.3871798826518,48.64650712376065,32.67633911995245,0.47512302985115407,0.6717098729580153,13.3023273548249,43.784532402407635,34.01097398774343,5.8414589961285905,2.465617132306933,25.31281883180819,3706.9689252466205
3610,361.0000000000136,43.80624904017594,34.00099043437805,9.805258400642824,3706.8996042015237,25.27064120339032,125.31764535872983,125.31767200000003,13.245374135910044,0.1,9.821214705612732,3715.122184732618,34.0,25.22747890236114,3708.594623838765,5.840823168934691,2.4794575651613893,5.840100000000012,2.467000000000001,102.3871789859357,48.6465076551958,32.67633799329009,0.4751230392027704,0.6717098424597808,13.240143388475225,43.82121470561273,34.03424045480231,5.841551855754496,2.4659104674288868,25.221289273372477,3706.9005130614523
3611,361.1000000000136,43.80624898431034,34.0009904825869,9.805258324444935,3706.899532113745,25.27064121887484,125.31764897877089,125.31767200000003,13.245373741272676,0.1,9.835358758418195,3715.122184732618,34.0,25.22747890236114,3708.594623838765,5.840823168934691,2.4794575651613893,5.840100000000012,2.467000000000001,102.38717821106631,48.646508114418914,32.6763370197197,0.4751230472836789,0.671709816105678,13.177921674939196,43.835358758418195,33.99227111373661,5.836440223801717,2.46660795931846,25.272053746138607,3706.9220371951124
3612,361.20000000001363,43.8062489360358,34.0009905242451,9.805258258600897,3706.899469821322,25.27064123225532,125.31765210691748,125.31767200000003,13.245373400259005,0.1,9.807011683989884,3715.122184732618,34.0,25.25044217180501,3708.129978623025,5.840823168934691,2.4794575651613893,5.840100000000012,2.467000000000001,102.38717754148706,48.646508511242374,32.67633617843898,0.4751230542665454,0.6717097933325958,13.22817696476485,43.807011683989884,33.97891200514219,5.840941262514852,2.4665660707455834,25.246066062093366,3706.8044021737514
3613,361.30000000001365,43.80624889432083,34.00099056024277,9.805258201703825,3706.8994159932527,25.27064124381765,125.31765481000873,125.31767200000003,13.245373105582598,0.1,9.833304278849518,3715.122184732618,34.0,25.25044217180501,3708.129978623025,5.840823168934691,2.4794575651613893,5.840100000000012,2.467000000000001,102.38717696289105,48.64650885414513,32.67633545147228,0.4751230603005731,0.6717097736539414,13.25385378867052,43.83330427884952,34.008598569952795,5.8390077532291,2.467774617040452,25.24425000492053,3707.0220040149266
3614,361.4000000000137,43.8062488582741,34.00099059134905,9.805258152537988,3706.8993694793935,25.270641253808883,125.31765714580146,125.31767200000003,13.245372850947103,0.1,9.74487853363712,3715.122184732618,34.0,25.25044217180501,3708.129978623025,5.840823168934691,2.4794575651613893,5.840100000000012,2.467000000000001,102.38717646291529,48.64650915045396,32.67633482328652,0.4751230655146913,0.6717097566492413,13.173712498039382,43.74487853363712,34.03909311289207,5.841515834555301,2.4668897444193125,25.185300645249004,3706.9291279961585
3615,361.5000000000137,43.80624882712543,34.00099061822859,9.805258110052856,3706.8993292858827,25.270641262442492,125.31765916420449,125.31767200000003,13.24537263091172,0.1,9.772119617416386,3715.122184732618,34.0,25.25044217180501,3708.129978623025,5.841366388214471,2.478213819207112,5.840100000000012,2.467000000000001,102.38717603087674,48.646509406500066,32.67633428045923,0.47512307002031007,0.671709741955156,13.189254246622617,43.77211961741639,34.016736481202365,5.841528124296091,2.4672866423628608,25.386872574897847,3706.861844038342
3616,361.6000000000137,43.80624880020929,34.0009906414557,9.805258073340642,3706.8992945539053,25.270641269902956,125.31766090834488,125.31767200000003,13.245372440774965,0.1,9.738809240370315,3715.122184732618,34.0,25.25044217180501,3708.129978623025,5.841366388214471,2.478213819207112,5.840100000000012,2.467000000000001,102.38717565754398,48.646509627754334,32.67633381139185,0.4751230739137008,0.6717097292577183,13.274089360027848,43.738809240370315,34.028196195970345,5.8389642861917865,2.465773194843034,25.318341841786165,3706.8219755099576
3617,361.70000000001374,43.806248776950554,34.00099066152668,9.805258041616918,3706.899264541343,25.270641276349682,125.31766241548975,125.31767200000003,13.245372276474171,0.1,9.767648517318037,3715.122184732618,34.0,25.24981593239815,3712.4778106522704,5.841366388214471,2.478213819207112,5.840100000000012,2.467000000000001,102.38717533494001,48.64650981894435,32.676333406061794,0.47512307727805386,0.6717097182856208,13.34048255770522,43.76764851731804,34.02666126643867,5.839864298021524,2.4664176391942285,25.20831408534285,3706.817956427083
3618,361.80000000001377,43.80624875685224,34.00099067887039,9.805258014203844,3706.899238606917,25.270641281920422,125.31766371784227,125.31767200000003,13.245372134498734,0.1,9.829267010836588,3715.122184732618,34.0,25.24981593239815,3712.4778106522704,5.841366388214471,2.478213819207112,5.840100000000012,2.467000000000001,102.38717505617177,48.64650998415526,32.67633305580839,0.4751230801852552,0.6717097088044232,13.171667168713546,43.82926701083659,34.031574829492804,5.838598472350348,2.466465323028775,25.362819574355065,3706.851852541142
3619,361.9000000000138,43.8062487394849,34.00099069385742,9.805257990515686,3706.8992161964857,25.270641286734204,125.31766484322988,125.31767200000003,13.245372011815057,0.1,9.79985562521096,3715.122184732618,34.0,25.24981593239815,3712.4778106522704,5.841366388214471,2.478213819207112,5.840100000000012,2.467000000000001,102.38717481528285,48.646510126917136,32.67633275314776,0.475123082697423,0.6717097006115401,13.160090171120835,43.79985562521096,33.97074413129805,5.8411014414176865,2.468333599391941,25.351881879385665,3706.9214270450093
3620,362.0000000000138,43.806248724477456,34.000990706808,9.805257970046297,3706.8991968312052,25.270641290893884,125.31766581569875,125.31767200000003,13.245371905801758,0.1,9.816211507498622,3715.122184732618,34.0,25.24981593239815,3712.4778106522704,5.840760291780297,2.4770156848719624,5.840100000000012,2.467000000000001,102.38717460712611,48.64651025028039,32.676332491612946,0.4751230848682352,0.6717096935319138,13.269352007345503,43.81621150749862,33.96967842176502,5.840619338817729,2.4665987830538683,25.220842112751193,3706.988940122877
3621,362.10000000001384,43.80624871150923,34.00099071799883,9.805257952358309,3706.899180097298,25.270641294488346,125.3176666560276,125.31767200000003,13.245371814193643,0.1,9.781890128677013,3715.122184732618,34.0,25.24981593239815,3712.4778106522704,5.840760291780297,2.4770156848719624,5.840100000000012,2.467000000000001,102.38717442725395,48.64651035688093,32.67633226561573,0.4751230867440751,0.6717096874142738,13.266963538362948,43.78189012867701,33.9996783611265,5.839891910599714,2.4677412190081447,25.385861678690993,3706.674984768455
3622,362.20000000001386,43.80624870030314,34.000990727669056,9.805257937073785,3706.8991656372104,25.270641297594388,125.3176673821718,125.31767200000003,13.24537173503333,0.1,9.824127724673083,3715.122184732618,34.0,25.23201543809049,3709.7157042105637,5.840760291780297,2.4770156848719624,5.840100000000012,2.467000000000001,102.38717427182303,48.6465104489965,32.67633207032724,0.47512308836502415,0.6717096821279048,13.16173623813983,43.82412772467308,33.96697958990572,5.8388863264848485,2.4666993185404738,25.33399630893159,3706.997968516974
3623,362.3000000000139,43.80624869061974,34.00099073602528,9.805257923866137,3706.899153141974,25.270641300278378,125.31766800964681,125.31767200000003,13.2453716666294,0.1,9.80650481386352,3715.122184732618,34.0,25.23201543809049,3709.7157042105637,5.840760291780297,2.4770156848719624,5.840100000000012,2.467000000000001,102.38717413751219,48.64651052859531,32.67633190157474,0.47512308976571704,0.6717096775598529,13.204111128306069,43.80650481386352,33.93999766530348,5.838585931462977,2.4678760027444557,25.457224592871267,3706.8701932326962
3624,362.4000000000139,43.80624868225213,34.00099074324605,9.805257912453156,3706.899142344602,25.270641302597664,125.3176685518599,125.31767200000003,13.245371607520262,0.1,9.761632320787037,3715.122184732618,34.0,25.23201543809049,3709.7157042105637,5.840760291780297,2.4770156848719624,5.840100000000012,2.467000000000001,102.38717402145164,48.64651059737815,32.6763317557525,0.47512309097608246,0.6717096736125123,13.228443886361523,43.76163232078704,34.04067567875477,5.838671312321759,2.467789316339675,25.053684373233807,3706.8426926147017
3625,362.5000000000139,43.806248675021536,34.00099074948566,9.805257902590983,3706.8991330143876,25.270641304601803,125.31766902039654,125.31767200000003,13.24537155644293,0.1,9.817358923551929,3715.122184732618,34.0,25.23201543809049,3709.7157042105637,5.840773142327715,2.4757859127573587,5.840100000000012,2.467000000000001,102.38717392116152,48.64651065681472,32.67633162974472,0.47512309202198216,0.6717096702015402,13.230502174842929,43.81735892355193,34.01138773912757,5.836507701253001,2.4687559731214463,25.25217033040466,3707.011098358083
3626,362.60000000001395,43.80624866877342,34.000990754877414,9.805257894068891,3706.8991249519718,25.27064130633362,125.31766942526795,125.31767200000003,13.245371512306036,0.1,9.818786046019284,3715.122184732618,34.0,25.23201543809049,3709.7157042105637,5.840773142327715,2.4757859127573587,5.840100000000012,2.467000000000001,102.38717383449892,48.64651070817497,32.676331520859,0.4751230929257639,0.6717096672540543,13.265114930404428,43.818786046019284,33.991822981552836,5.840951034644464,2.469492094482488,25.37152216347724,3706.715857966268
3627,362.700000000014,43.80624866337432,34.00099075953655,9.80525788670479,3706.899117985085,25.270641307830115,125.31766977512508,125.31767200000003,13.245371474166507,0.1,9.830752406199487,3715.122184732618,34.0,25.231385952921197,3707.597326915593,5.840773142327715,2.4757859127573587,5.840100000000012,2.467000000000001,102.38717375961212,48.64651075255637,32.67633142676878,0.47512309370673905,0.6717096647070756,13.207355294724412,43.83075240619949,34.03316733944915,5.841562623255033,2.4686633677749983,25.243874507965742,3706.9345916810958
3628,362.800000000014,43.80624865870884,34.000990763562584,9.805257880341332,3706.8991119648654,25.270641309123263,125.31767007744327,125.31767200000003,13.245371441209414,0.1,9.790170690387662,3715.122184732618,34.0,25.231385952921197,3707.597326915593,5.840773142327715,2.4757859127573587,5.840100000000012,2.467000000000001,102.38717369490104,48.64651079090716,32.67633134546364,0.47512309438159434,0.671709662506183,13.22418003518893,43.79017069038766,33.96309217437399,5.840901076163227,2.4666995619734844,25.274051818227242,3706.78481616525
3629,362.900000000014,43.80624865467732,34.00099076704156,9.805257874842543,3706.8991067626794,25.2706413102407,125.31767033868216,125.31767200000003,13.24537141273056,0.1,9.76063285872656,3715.122184732618,34.0,25.231385952921197,3707.597326915593,5.840773142327715,2.4757859127573587,5.840100000000012,2.467000000000001,102.38717363898292,48.64651082404682,32.6763312752063,0.4751230949647499,0.6717096606043494,13.247445542212402,43.76063285872656,34.02023906246168,5.840988222043654,2.4692603798329564,25.357234920825682,3707.090162172849
3630,363.00000000001404,43.8062486511936,34.000990770047814,9.805257870090937,3706.8991022673713,25.270641311206294,125.31767056442365,125.31767200000003,13.245371388121445,0.1,9.787878308379526,3715.122184732618,34.0,25.231385952921197,3707.597326915593,5.837584337130933,2.474525113576716,5.840100000000012,2.467000000000001,102.38717359066302,48.64651085268341,32.67633121449562,0.4751230954686655,0.6717096589609395,13.26013942258296,43.787878308379526,33.948386337365235,5.840246485159336,2.4681000085804317,25.059604102759604,3706.9245309003354
3631,363.10000000001406,43.80624864818326,34.00099077264556,9.805257865984983,3706.8990983828903,25.27064131204068,125.31767075949116,125.31767200000003,13.245371366856237,0.1,9.773567028766948,3715.122184732618,34.0,25.231385952921197,3707.597326915593,5.837584337130933,2.474525113576716,5.840100000000012,2.467000000000001,102.38717354890886,48.64651087742885,32.67633116203435,0.4751230959041087,0.6717096575408373,13.27160818762706,43.77356702876695,34.0223041078523,5.83994810844557,2.466770810345016,25.288194588950404,3706.771229887469
3632,363.2000000000141,43.806248645581974,34.000990774890326,9.805257862436946,3706.8990950262364,25.270641312761693,125.31767092805265,125.31767200000003,13.245371348480571,0.1,9.79274105561312,3715.122184732618,34.0,25.262394830612227,3709.6557386436184,5.837584337130933,2.474525113576716,5.840100000000012,2.467000000000001,102.38717351282827,48.646510898811826,32.67633111670158,0.4751230962803834,0.6717096563137006,13.261624840574292,43.79274105561312,33.94857156640181,5.839663426992008,2.4667846086692524,25.31090180957484,3706.7620479202546
3633,363.3000000000141,43.80624864333414,34.00099077683007,9.805257859371025,3706.8990921256877,25.270641313384736,125.31767107370989,125.31767200000003,13.245371332601806,0.1,9.858712434132904,3715.122184732618,34.0,25.262394830612227,3709.6557386436184,5.837584337130933,2.474525113576716,5.840100000000012,2.467000000000001,102.38717348165041,48.64651091728928,32.676331077528666,0.4751230966055293,0.6717096552533081,13.20219479926073,43.858712434132904,33.98381886747129,5.840061169877124,2.4681295876353038,25.377322695614836,3707.0250481332864
3634,363.40000000001413,43.80624864139175,34.00099077850625,9.805257856721704,3706.899089619268,25.270641313923118,125.31767119957512,125.31767200000003,13.245371318880661,0.1,9.751027856771003,3715.122184732618,34.0,25.262394830612227,3709.6557386436184,5.837584337130933,2.474525113576716,5.840100000000012,2.467000000000001,102.38717345470901,48.646510933256,32.6763310436786,0.47512309688649423,0.6717096543370025,13.329420363500555,43.751027856771,33.9743751425947,5.840918111011102,2.4677823825718797,25.19423252380291,3706.95642017811
3635,363.50000000001415,43.80624863971329,34.00099077995467,9.805257854432375,3706.8990874534234,25.270641314388342,125.31767130833765,125.31767200000003,13.245371307023959,0.1,9.835821787631453,3715.122184732618,34.0,25.262394830612227,3709.6557386436184,5.8349555867843,2.4732584121604986,5.840100000000012,2.467000000000001,102.38717343142842,48.64651094705316,32.67633101442812,0.4751230971292815,0.6717096535452055,13.187787269691603,43.83582178763145,33.96584582074536,5.840379592735262,2.467784324267148,25.321205161081508,3706.8289187278856
3636,363.6000000000142,43.806248638262915,34.00099078120626,9.80525785245412,3706.8990855818756,25.270641314790353,125.3176714023214,125.31767200000003,13.245371296778359,0.1,9.857218300106872,3715.122184732618,34.0,25.262394830612227,3709.6557386436184,5.8349555867843,2.4732584121604986,5.840100000000012,2.467000000000001,102.38717341131122,48.64651095897553,32.67633098915223,0.4751230973390785,0.6717096528609987,13.276679292632775,43.85721830010687,33.971065009561926,5.839800330299104,2.4685853919533325,25.24556507231324,3706.859359617299
3637,363.7000000000142,43.8062486370096,34.00099078228781,9.805257850744674,3706.899083964636,25.27064131513774,125.31767148353457,125.31767200000003,13.24537128792494,0.1,9.832654939859964,3715.122184732618,34.0,25.24768587287273,3710.2720159860824,5.8349555867843,2.4732584121604986,5.840100000000012,2.467000000000001,102.38717339392757,48.64651096927789,32.67633096731084,0.47512309752036813,0.6717096522697625,13.231848059509673,43.832654939859964,34.0070233648898,5.841310518996913,2.468103341492197,25.31624336674842,3706.8396322077633
3638,363.8000000000142,43.80624863592658,34.000990783222385,9.805257849267512,3706.899082567148,25.270641315437924,125.31767155371244,125.31767200000003,13.24537128027453,0.1,9.851388153967562,3715.122184732618,34.0,25.24768587287273,3710.2720159860824,5.8349555867843,2.4732584121604986,5.840100000000012,2.467000000000001,102.38717337890607,48.646510978180366,32.676330948437275,0.4751230976770239,0.6717096517588638,13.22229958143304,43.85138815396756,34.03629779935706,5.839809856061424,2.4681521057264137,25.44048699397278,3706.82655348203
3639,363.90000000001424,43.80624863499074,34.00099078402997,9.805257847991069,3706.8990813595524,25.270641315697315,125.31767161435447,125.31767200000003,13.245371273663668,0.1,9.813288264499192,3715.122184732618,34.0,25.24768587287273,3710.2720159860824,5.8349555867843,2.4732584121604986,5.840100000000012,2.467000000000001,102.38717336592569,48.646510985873164,32.67633093212828,0.47512309781239315,0.6717096513173866,13.264006795719814,43.81328826449919,34.02581585873562,5.839979138859935,2.468041141635848,25.245906476628,3706.9201301791027
3640,364.00000000001427,43.806248634182055,34.00099078472781,9.805257846888065,3706.899080316046,25.27064131592146,125.31767166675634,125.31767200000003,13.245371267951096,0.1,9.781784333878527,3715.122184732618,34.0,25.24768587287273,3710.2720159860824,5.839696072968932,2.4720797188680566,5.840100000000012,2.467000000000001,102.38717335470906,48.64651099252063,32.67633091803537,0.4751230979293682,0.6717096509358982,13.20168741484,43.78178433387853,34.041829997177665,5.839099534986515,2.4679784943369207,25.216851183037335,3707.014969003729
3641,364.1000000000143,43.806248633483264,34.000990785330835,9.805257845934939,3706.8990794143324,25.270641316115146,125.3176717120378,125.31767200000003,13.245371263014754,0.1,9.799901003362066,3715.122184732618,34.0,25.24768587287273,3710.2720159860824,5.839696072968932,2.4720797188680566,5.840100000000012,2.467000000000001,102.38717334501654,48.646510998264844,32.67633090585741,0.4751230980304488,0.6717096506062467,13.29201605923366,43.799901003362066,34.0454838785031,5.840461115174683,2.466127464241564,25.24545501496646,3706.903215851774
3642,364.2000000000143,43.80624863287943,34.000990785851904,9.805257845111322,3706.899078635144,25.270641316282514,125.31767175116634,125.31767200000003,13.245371258749167,0.1,9.828683344964169,3715.122184732618,34.0,25.25470391404792,3713.6154821559567,5.839696072968932,2.4720797188680566,5.840100000000012,2.467000000000001,102.38717333664103,48.64651100322851,32.6763308953342,0.47512309811779435,0.6717096503213885,13.314706728753785,43.82868334496417,34.03881724912851,5.839448689836405,2.468235533101613,25.176723020097427,3706.9802134676256
3643,364.30000000001434,43.80624863235764,34.00099078630218,9.805257844399621,3706.899077961833,25.270641316427145,125.31767178497807,125.31767200000003,13.24537125506319,0.1,9.816741031113935,3715.122184732618,34.0,25.25470391404792,3713.6154821559567,5.839696072968932,2.4720797188680566,5.840100000000012,2.467000000000001,102.38717332940364,48.64651100751772,32.676330886240905,0.47512309819327114,0.6717096500752373,13.168685760625282,43.816741031113935,34.004637106968175,5.838249130116697,2.4672921206318716,25.434247471859152,3706.8987066492696
3644,364.40000000001436,43.80624863190674,34.00099078669128,9.80525784378463,3706.899077380012,25.270641316552123,125.3176718141955,125.31767200000003,13.245371251878069,0.1,9.811238714609622,3715.122184732618,34.0,25.25470391404792,3713.6154821559567,5.839696072968932,2.4720797188680566,5.840100000000012,2.467000000000001,102.38717332314971,48.64651101122411,32.67633087838321,0.475123098258492,0.6717096498625331,13.172782475177057,43.81123871460962,33.97441908890735,5.842503203839862,2.4692479483906467,25.391144260873634,3706.8614815239775
3645,364.5000000000144,43.80624863151711,34.00099078702751,9.805257843253205,3706.899076877249,25.270641316660118,125.31767183944284,125.31767200000003,13.245371249125746,0.1,9.772302550067181,3715.122184732618,34.0,25.25470391404792,3713.6154821559567,5.839523760973573,2.4708156752869916,5.840100000000012,2.467000000000001,102.38717331774555,48.6465110144269,32.67633087159323,0.4751230983148509,0.6717096496787311,13.282817751299886,43.77230255006718,33.98636447024596,5.840889894785067,2.467365853364328,25.508946218619688,3706.90747365202
3646,364.6000000000144,43.806248631180424,34.00099078731805,9.80525784279399,3706.8990764428027,25.270641316753437,125.31767186125953,125.31767200000003,13.24537124674741,0.1,9.790463413207767,3715.122184732618,34.0,25.25470391404792,3713.6154821559567,5.839523760973573,2.4708156752869916,5.840100000000012,2.467000000000001,102.3871733130757,48.64651101719448,32.67633086572587,0.47512309836355165,0.6717096495199044,13.272471115322713,43.79046341320777,34.010467299594964,5.838498428669812,2.4664274269087314,25.387473840192705,3706.7749859273695
3647,364.7000000000144,43.806248630889485,34.000990787569116,9.805257842397172,3706.899076067389,25.270641316834077,125.31767188011172,125.31767200000003,13.245371244692244,0.1,9.809286914598246,3715.122184732618,34.0,25.229386113132243,3711.287194186805,5.839523760973573,2.4708156752869916,5.840100000000012,2.467000000000001,102.3871733090404,48.646511019585986,32.67633086065578,0.47512309840563477,0.6717096493826594,13.18798710288443,43.809286914598246,33.97928691259756,5.83870123079565,2.4671250398512705,25.094702762309172,3707.062376675659
3648,364.80000000001445,43.806248630638095,34.00099078778606,9.805257842054274,3706.899075742987,25.270641316903756,125.31767189640226,125.31767200000003,13.245371242916338,0.1,9.849636420675147,3715.122184732618,34.0,25.229386113132243,3711.287194186805,5.839523760973573,2.4708156752869916,5.840100000000012,2.467000000000001,102.3871733055534,48.64651102165253,32.67633085627462,0.4751230984419997,0.6717096492640635,13.272298872820468,43.84963642067515,33.952066890258564,5.840544566055743,2.4657825313817976,25.11546820503326,3706.9175158421085
3649,364.9000000000145,43.80624863042085,34.000990787973514,9.805257841757967,3706.8990754626648,25.270641316963967,125.31767191047919,125.31767200000003,13.245371241381743,0.1,9.765972094220828,3715.122184732618,34.0,25.229386113132243,3711.287194186805,5.839523760973573,2.4708156752869916,5.840100000000012,2.467000000000001,102.3871733025402,48.64651102343826,32.676330852488775,0.4751230984734232,0.6717096491615826,13.277732414790686,43.76597209422083,34.007432072386955,5.839729390179458,2.4678411195868484,25.357646693159698,3706.98055510389
3650,365.0000000000145,43.80624863023314,34.0009907881355,9.805257841501923,3706.899075220433,25.270641317016,125.31767192264334,125.31767200000003,13.245371240055668,0.1,9.77827617852045,3715.122184732618,34.0,25.229386113132243,3711.287194186805,5.836749631359094,2.469564503370167,5.840100000000012,2.467000000000001,102.38717329993645,48.64651102498134,32.676330849217344,0.4751230985005769,0.6717096490730268,13.224688942350665,43.77827617852045,33.97232015412929,5.839792699465382,2.466939620353211,25.187806654602934,3706.840408733951
3651,365.1000000000145,43.806248630070925,34.00099078827549,9.805257841280673,3706.899075011116,25.270641317060964,125.31767193315467,125.31767200000003,13.245371238909783,0.1,9.81457395809285,3715.122184732618,34.0,25.229386113132243,3711.287194186805,5.836749631359094,2.469564503370167,5.840100000000012,2.467000000000001,102.38717329768653,48.64651102631477,32.67633084639045,0.47512309852404094,0.6717096489965039,13.218669573029832,43.81457395809285,34.008571200603505,5.842070899633706,2.467563267590003,25.203045195438424,3706.872047062125
3652,365.20000000001454,43.80624862993075,34.00099078839645,9.805257841089487,3706.8990748302413,25.270641317099816,125.31767194223771,125.31767200000003,13.245371237919603,0.1,9.842999882816592,3715.122184732618,34.0,25.232332088375397,3708.711517362224,5.836749631359094,2.469564503370167,5.840100000000012,2.467000000000001,102.38717329574233,48.646511027467014,32.676330843947675,0.4751230985443167,0.6717096489303789,13.19388253338562,43.84299988281659,34.01709273726336,5.839551941741892,2.4655918559574626,25.182939741630587,3706.9382688289543
3653,365.30000000001456,43.806248629809616,34.00099078850098,9.805257840924279,3706.899074673944,25.27064131713339,125.31767195008652,125.31767200000003,13.24537123706397,0.1,9.798509270860528,3715.122184732618,34.0,25.232332088375397,3708.711517362224,5.836749631359094,2.469564503370167,5.840100000000012,2.467000000000001,102.3871732940623,48.64651102846268,32.67633084183683,0.4751230985618374,0.6717096488732393,13.246414941588037,43.79850927086053,33.94698413443343,5.839895003112146,2.4668901990815693,25.243806207049456,3706.819514925283
3654,365.4000000000146,43.80624862970495,34.000990788591295,9.80525784078152,3706.8990745388846,25.2706413171624,125.31767195686882,125.31767200000003,13.245371236324601,0.1,9.84382302654491,3715.122184732618,34.0,25.232332088375397,3708.711517362224,5.836749631359094,2.469564503370167,5.840100000000012,2.467000000000001,102.38717329261056,48.64651102932306,32.6763308400128,0.47512309857697727,0.6717096488238636,13.183725043865266,43.84382302654491,34.040767123931445,5.8403842576335085,2.4665400684338827,25.12756758845965,3707.0272080026475
3655,365.5000000000146,43.8062486296145,34.00099078866935,9.80525784065816,3706.8990744221774,25.27064131718747,125.31767196272955,125.31767200000003,13.245371235685695,0.1,9.817162306882786,3715.122184732618,34.0,25.232332088375397,3708.711517362224,5.840073318822737,2.468377297794663,5.840100000000012,2.467000000000001,102.38717329135608,48.646511030066534,32.67633083843663,0.47512309859006,0.6717096487811972,13.233083530407086,43.817162306882786,34.034847270009514,5.840849493283665,2.467553772165894,25.196074210718002,3706.9804048181927
3656,365.60000000001463,43.806248629536356,34.00099078873679,9.80525784055156,3706.8990743213285,25.27064131720913,125.31767196779387,125.31767200000003,13.245371235133607,0.1,9.82189684974869,3715.122184732618,34.0,25.232332088375397,3708.711517362224,5.840073318822737,2.468377297794663,5.840100000000012,2.467000000000001,102.38717329027205,48.646511030708965,32.67633083707462,0.4751230986013649,0.6717096487443286,13.300759903057191,43.82189684974869,33.9588536455114,5.841088583462378,2.4659651962681117,24.939533221106753,3706.8501419442505
3657,365.70000000001465,43.806248629468826,34.000990788795065,9.805257840459443,3706.899074234183,25.27064131722785,125.31767197217005,125.31767200000003,13.245371234656542,0.1,9.791452968278278,3715.122184732618,34.0,25.2216189115969,3706.0512218627705,5.840073318822737,2.468377297794663,5.840100000000012,2.467000000000001,102.38717328933531,48.646511031264104,32.6763308358977,0.4751230986111338,0.6717096487124699,13.192984080679203,43.79145296827828,34.01189614659666,5.839805740675871,2.467728778369816,25.09902595278364,3706.766249364496
3658,365.8000000000147,43.80624862941046,34.00099078884543,9.805257840379847,3706.8990741588786,25.270641317244024,125.31767197595161,125.31767200000003,13.245371234244296,0.1,9.771661010933123,3715.122184732618,34.0,25.2216189115969,3706.0512218627705,5.840073318822737,2.468377297794663,5.840100000000012,2.467000000000001,102.38717328852587,48.64651103174381,32.67633083488069,0.4751230986195752,0.6717096486849399,13.291281295864394,43.77166101093312,33.95215707200601,5.839009028428325,2.466063785481983,25.18727725657411,3706.8253357305966
3659,365.9000000000147,43.80624862936004,34.00099078888894,9.805257840311064,3706.8990740938066,25.270641317258,125.31767197921933,125.31767200000003,13.245371233888065,0.1,9.815406123338121,3715.122184732618,34.0,25.2216189115969,3706.0512218627705,5.840073318822737,2.468377297794663,5.840100000000012,2.467000000000001,102.3871732878264,48.64651103215834,32.67633083400187,0.47512309862686963,0.6717096486611507,13.183406328408024,43.81540612333812,34.03106269504935,5.841559111524921,2.4666245370560143,25.356381308101522,3706.8359656974258
3660,366.0000000000147,43.80624862931646,34.00099078892654,9.805257840251627,3706.8990740375766,25.27064131727008,125.31767198204302,125.31767200000003,13.24537123358024,0.1,9.79666178643177,3715.122184732618,34.0,25.2216189115969,3706.0512218627705,5.833772072107693,2.4671217213182857,5.840100000000012,2.467000000000001,102.38717328722198,48.646511032516536,32.67633083324247,0.47512309863317287,0.6717096486405941,13.211555862630217,43.79666178643177,33.935418076838985,5.8416681734259415,2.4657006775211165,25.35261478731954,3706.9349754450614
3661,366.10000000001475,43.8062486292788,34.00099078895904,9.805257840200268,3706.8990739889873,25.270641317280518,125.31767198448306,125.31767200000003,13.245371233314241,0.1,9.811079259596262,3715.122184732618,34.0,25.2216189115969,3706.0512218627705,5.833772072107693,2.4671217213182857,5.840100000000012,2.467000000000001,102.3871732866997,48.64651103282607,32.676330832586245,0.4751230986386197,0.6717096486228304,13.199708630929935,43.81107925959626,34.01502853670547,5.840952340835653,2.466593843521151,25.27090566225048,3706.7123961209786
3662,366.20000000001477,43.80624862924627,34.000990788987124,9.805257840155889,3706.8990739470005,25.270641317289538,125.31767198659153,125.31767200000003,13.245371233084388,0.1,9.820716743265912,3715.122184732618,34.0,25.28079709911746,3710.878327374125,5.833772072107693,2.4671217213182857,5.840100000000012,2.467000000000001,102.38717328624841,48.646511033093546,32.6763308320192,0.4751230986433263,0.6717096486074806,13.344386883005736,43.82071674326591,33.99900193003967,5.840675628857586,2.4667680991596086,25.321318185477125,3706.987868480932
3663,366.3000000000148,43.806248629218146,34.00099078901139,9.805257840117541,3706.899073910719,25.270641317297333,125.31767198841352,125.31767200000003,13.24537123288577,0.1,9.802417018205468,3715.122184732618,34.0,25.28079709911746,3710.878327374125,5.833772072107693,2.4671217213182857,5.840100000000012,2.467000000000001,102.38717328585845,48.64651103332469,32.67633083152921,0.47512309864739344,0.6717096485942166,13.228482934939144,43.80241701820547,33.98334158741317,5.837719129235428,2.467749131363075,25.34584493023904,3706.910702388706
3664,366.4000000000148,43.806248629193846,34.00099078903236,9.805257840084401,3706.8990738793673,25.270641317304065,125.31767198998793,125.31767200000003,13.245371232714138,0.1,9.829111805670792,3715.122184732618,34.0,25.28079709911746,3710.878327374125,5.833772072107693,2.4671217213182857,5.840100000000012,2.467000000000001,102.38717328552144,48.64651103352442,32.676330831105794,0.475123098650908,0.6717096485827548,13.216794421107206,43.82911180567079,34.029492393024604,5.841466763461535,2.466027673480223,25.040696617479718,3706.839457205511
3665,366.50000000001484,43.806248629172856,34.00099078905047,9.805257840055765,3706.8990738522757,25.270641317309884,125.31767199134836,125.31767200000003,13.245371232565827,0.1,9.809582282507279,3715.122184732618,34.0,25.28079709911746,3710.878327374125,5.838597698270865,2.4658175647929017,5.840100000000012,2.467000000000001,102.38717328523022,48.64651103369699,32.67633083073991,0.4751230986539449,0.6717096485728506,13.311625361425207,43.80958228250728,34.03470391754758,5.84068680969721,2.4668866892847223,25.398102143221156,3706.7307608852825
3666,366.60000000001486,43.80624862915471,34.00099078906613,9.805257840031018,3706.8990738288653,25.27064131731491,125.31767199252396,125.31767200000003,13.24537123243767,0.1,9.856690191781126,3715.122184732618,34.0,25.28079709911746,3710.878327374125,5.838597698270865,2.4658175647929017,5.840100000000012,2.467000000000001,102.38717328497857,48.64651103384612,32.676330830423744,0.47512309865656915,0.6717096485642923,13.168644723430397,43.85669019178113,33.999048807296475,5.839679540561273,2.468208691538474,25.319078227562105,3706.9210829426456
3667,366.7000000000149,43.806248629139034,34.00099078907965,9.805257840009634,3706.899073808636,25.270641317319257,125.31767199353979,125.31767200000003,13.245371232326928,0.1,9.871352523446525,3715.122184732618,34.0,25.282926003579814,3715.607527786859,5.838597698270865,2.4658175647929017,5.840100000000012,2.467000000000001,102.3871732847611,48.646511033974974,32.67633083015055,0.47512309865883684,0.6717096485568971,13.26805328683712,43.871352523446525,33.954094121804104,5.83986390330219,2.467727164158818,25.325947960005088,3706.8912109782964
3668,366.8000000000149,43.80624862912549,34.00099078909135,9.805257839991157,3706.8990737911554,25.27064131732301,125.31767199441762,125.31767200000003,13.245371232231232,0.1,9.850931490101878,3715.122184732618,34.0,25.282926003579814,3715.607527786859,5.838597698270865,2.4658175647929017,5.840100000000012,2.467000000000001,102.3871732845732,48.64651103408633,32.67633082991446,0.47512309866079644,0.6717096485505064,13.249440577468166,43.85093149010188,34.02066925910798,5.841009028015686,2.46687514394256,25.455238540333568,3706.8542031145225
3669,366.9000000000149,43.80624862911378,34.000990789101444,9.80525783997519,3706.89907377605,25.270641317326255,125.31767199517617,125.31767200000003,13.245371232148539,0.1,9.772621943862823,3715.122184732618,34.0,25.282926003579814,3715.607527786859,5.838597698270865,2.4658175647929017,5.840100000000012,2.467000000000001,102.38717328441085,48.64651103418256,32.67633082971046,0.47512309866248964,0.6717096485449842,13.225649278444429,43.77262194386282,33.95114343820977,5.8401752705353465,2.4676253361846183,25.33663816356133,3707.030170961724
3670,367.00000000001495,43.80624862910368,34.00099078911017,9.805257839961392,3706.8990737629974,25.27064131732906,125.31767199583163,125.31767200000003,13.245371232077083,0.1,9.806863084205709,3715.122184732618,34.0,25.282926003579814,3715.607527786859,5.835999747670105,2.4645958669397747,5.840100000000012,2.467000000000001,102.38717328427053,48.64651103426571,32.67633082953418,0.47512309866395286,0.6717096485402123,13.249365872023153,43.80686308420571,34.01157496888528,5.839838905152027,2.4676338352939506,25.20702585136103,3706.7726002498016
3671,367.100000000015,43.80624862909494,34.00099078911771,9.805257839949471,3706.8990737517183,25.27064131733148,125.31767199639802,125.31767200000003,13.245371232015337,0.1,9.803381317888693,3715.122184732618,34.0,25.282926003579814,3715.607527786859,5.835999747670105,2.4645958669397747,5.840100000000012,2.467000000000001,102.3871732841493,48.64651103433756,32.67633082938185,0.4751230986652172,0.6717096485360888,13.23071567476447,43.80338131788869,33.98421517696933,5.837243048835822,2.4656343318372276,25.313553302490046,3706.9439162825847
3672,367.200000000015,43.80624862908738,34.00099078912423,9.805257839939168,3706.8990737419717,25.270641317333578,125.31767199688746,125.31767200000003,13.245371231961979,0.1,9.78414941075065,3715.122184732618,34.0,25.22310995806089,3712.9228742410237,5.835999747670105,2.4645958669397747,5.840100000000012,2.467000000000001,102.38717328404454,48.64651103439964,32.67633082925021,0.47512309866630964,0.6717096485325257,13.2050165239076,43.78414941075065,33.9944683604899,5.8405153852863645,2.4684271667767037,25.13106080676182,3706.7919205882877
3673,367.300000000015,43.80624862908084,34.000990789129865,9.805257839930269,3706.8990737335494,25.270641317335386,125.31767199731044,125.31767200000003,13.245371231915872,0.1,9.767783226817727,3715.122184732618,34.0,25.22310995806089,3712.9228742410237,5.835999747670105,2.4645958669397747,5.840100000000012,2.467000000000001,102.38717328395404,48.64651103445331,32.67633082913647,0.47512309866725383,0.6717096485294464,13.24861122888535,43.76778322681773,33.97610763600961,5.840565833717167,2.466994152725955,25.279307971346938,3706.898133975317
3674,367.40000000001504,43.80624862907521,34.00099078913473,9.805257839922575,3706.8990737262716,25.27064131733695,125.3176719976759,125.31767200000003,13.245371231876032,0.1,9.764763019045432,3715.122184732618,34.0,25.22310995806089,3712.9228742410237,5.835999747670105,2.4645958669397747,5.840100000000012,2.467000000000001,102.38717328387581,48.64651103449967,32.676330829038186,0.4751230986680696,0.6717096485267859,13.36080258027225,43.76476301904543,33.95147538386683,5.840157363846253,2.4682530996369842,25.35294785353205,3706.759894269645
3675,367.50000000001506,43.80624862907034,34.00099078913894,9.805257839915928,3706.899073719983,25.2706413173383,125.31767199799171,125.31767200000003,13.245371231841602,0.1,9.77078550112794,3715.122184732618,34.0,25.22310995806089,3712.9228742410237,5.835048675963055,2.4634138326203825,5.840100000000012,2.467000000000001,102.3871732838082,48.646511034539735,32.67633082895325,0.4751230986687747,0.6717096485244867,13.307396435116495,43.77078550112794,34.03680301065732,5.842278811500664,2.4684187553385195,25.360851990273236,3706.9583560968676
3676,367.6000000000151,43.80624862906612,34.00099078914257,9.805257839910182,3706.8990737145486,25.270641317339468,125.31767199826459,125.31767200000003,13.245371231811855,0.1,9.817269222768672,3715.122184732618,34.0,25.22310995806089,3712.9228742410237,5.835048675963055,2.4634138326203825,5.840100000000012,2.467000000000001,102.38717328374976,48.64651103457434,32.67633082887986,0.47512309866938385,0.6717096485225004,13.26862930697327,43.81726922276867,33.99231211272798,5.8408040944239925,2.4657955297491614,25.266593169651586,3707.018775107768
3677,367.7000000000151,43.80624862906248,34.00099078914572,9.80525783990522,3706.899073709853,25.270641317340477,125.31767199850042,125.31767200000003,13.245371231786148,0.1,9.758351652535914,3715.122184732618,34.0,25.23253642245328,3711.170247912463,5.835048675963055,2.4634138326203825,5.840100000000012,2.467000000000001,102.38717328369931,48.646511034604266,32.67633082881644,0.47512309866991026,0.6717096485207833,13.252350658246657,43.758351652535914,33.9755128278657,5.8381978942979496,2.4666110044123024,25.342135388942463,3706.9307804111786
3678,367.80000000001513,43.80624862905934,34.00099078914843,9.805257839900932,3706.899073705795,25.270641317341347,125.3176719987042,125.31767200000003,13.245371231763933,0.1,9.800460001726364,3715.122184732618,34.0,25.23253642245328,3711.170247912463,5.835048675963055,2.4634138326203825,5.840100000000012,2.467000000000001,102.3871732836557,48.64651103463012,32.676330828761635,0.4751230986703652,0.6717096485192997,13.249466087307592,43.800460001726364,34.006339871272935,5.840279693051016,2.466079527409167,25.175271139750702,3706.956899409528
3679,367.90000000001515,43.806248629056626,34.00099078915077,9.805257839897225,3706.8990737022887,25.2706413173421,125.31767199888026,125.31767200000003,13.245371231744738,0.1,9.761766606086184,3715.122184732618,34.0,25.23253642245328,3711.170247912463,5.835048675963055,2.4634138326203825,5.840100000000012,2.467000000000001,102.387173283618,48.64651103465245,32.67633082871428,0.4751230986707582,0.671709648518018,13.337160917484576,43.761766606086184,33.97523397506404,5.841534593429337,2.4687539341570424,25.32333680253443,3707.1341650135996
3680,368.0000000000152,43.80624862905427,34.000990789152794,9.805257839894022,3706.8990736992587,25.27064131734275,125.31767199903241,125.31767200000003,13.24537123172815,0.1,9.790041860330362,3715.122184732618,34.0,25.23253642245328,3711.170247912463,5.828347260274713,2.4622287056745584,5.840100000000012,2.467000000000001,102.38717328358544,48.64651103467175,32.67633082867336,0.47512309867109775,0.6717096485169103,13.257152014621736,43.79004186033036,33.93201185039094,5.8420810244451475,2.4664382604218273,25.146172337706886,3707.0590575602014
3681,368.1000000000152,43.80624862905225,34.00099078915455,9.805257839891253,3706.8990736966402,25.270641317343312,125.31767199916389,125.31767200000003,13.245371231713818,0.1,9.790590158570424,3715.122184732618,34.0,25.23253642245328,3711.170247912463,5.828347260274713,2.4622287056745584,5.840100000000012,2.467000000000001,102.38717328355726,48.64651103468842,32.676330828638,0.47512309867139135,0.6717096485159533,13.23762133420515,43.790590158570424,34.01520026971689,5.840006042902536,2.46646159851781,25.254232568234386,3707.025901210583
3682,368.2000000000152,43.8062486290505,34.00099078915606,9.80525783988886,3706.899073694378,25.2706413173438,125.3176719992775,125.31767200000003,13.24537123170143,0.1,9.82708376503897,3715.122184732618,34.0,25.244962429972464,3710.4726036885986,5.828347260274713,2.4622287056745584,5.840100000000012,2.467000000000001,102.38717328353292,48.64651103470283,32.67633082860744,0.4751230986716451,0.671709648515126,13.225999336326113,43.82708376503897,33.99147906615866,5.840375257638944,2.4661998180632416,25.238364830282002,3706.8896354110725
3683,368.30000000001525,43.80624862904898,34.00099078915736,9.805257839886794,3706.899073692423,25.270641317344218,125.31767199937568,125.31767200000003,13.24537123169073,0.1,9.800782693710033,3715.122184732618,34.0,25.244962429972464,3710.4726036885986,5.828347260274713,2.4622287056745584,5.840100000000012,2.467000000000001,102.38717328351191,48.646511034715296,32.676330828581044,0.47512309867186425,0.6717096485144113,13.17904689196214,43.80078269371003,33.94118355480841,5.840389838675756,2.465214585714736,25.420868602224065,3706.8265435876697
3684,368.40000000001527,43.80624862904767,34.0009907891585,9.805257839885009,3706.8990736907335,25.27064131734458,125.31767199946049,125.31767200000003,13.245371231681482,0.1,9.81214993448311,3715.122184732618,34.0,25.244962429972464,3710.4726036885986,5.828347260274713,2.4622287056745584,5.840100000000012,2.467000000000001,102.38717328349377,48.64651103472604,32.67633082855823,0.47512309867205343,0.671709648513794,13.253133690523441,43.81214993448311,34.02035844023992,5.839114130936418,2.468024308325483,25.269914657151997,3706.878875334257
3685,368.5000000000153,43.806248629046536,34.000990789159474,9.805257839883465,3706.899073689274,25.270641317344893,125.3176719995338,125.31767200000003,13.245371231673488,0.1,9.820708549248252,3715.122184732618,34.0,25.244962429972464,3710.4726036885986,5.830023408162541,2.4609451071903763,5.840100000000012,2.467000000000001,102.38717328347806,48.64651103473535,32.67633082853851,0.4751230986722172,0.6717096485132601,13.249730313583306,43.82070854924825,34.009831057864,5.838963000137251,2.467286497605546,25.256109581194025,3706.8903570529205
3686,368.6000000000153,43.80624862904557,34.00099078916031,9.805257839882131,3706.8990736880123,25.270641317345163,125.31767199959712,125.31767200000003,13.245371231666585,0.1,9.801623516474315,3715.122184732618,34.0,25.244962429972464,3710.4726036885986,5.830023408162541,2.4609451071903763,5.840100000000012,2.467000000000001,102.38717328346448,48.64651103474337,32.67633082852148,0.4751230986723586,0.6717096485127992,13.224124180147268,43.801623516474315,33.989304566131366,5.841375740105724,2.465524717837336,25.337123055279054,3706.9092110672364
3687,368.70000000001534,43.80624862904473,34.00099078916104,9.805257839880978,3706.8990736869223,25.270641317345397,125.31767199965185,125.31767200000003,13.245371231660616,0.1,9.776452807294888,3715.122184732618,34.0,25.24933360157838,3711.7334614553743,5.830023408162541,2.4609451071903763,5.840100000000012,2.467000000000001,102.38717328345278,48.64651103475031,32.67633082850676,0.47512309867248065,0.6717096485124008,13.261455178005216,43.77645280729489,33.957205786934,5.840922183947152,2.466929513023489,25.211936719859597,3707.030385958462
3688,368.80000000001536,43.80624862904399,34.00099078916167,9.805257839879982,3706.89907368598,25.270641317345603,125.31767199969916,125.31767200000003,13.245371231655461,0.1,9.775681363716757,3715.122184732618,34.0,25.24933360157838,3711.7334614553743,5.830023408162541,2.4609451071903763,5.840100000000012,2.467000000000001,102.38717328344265,48.64651103475631,32.67633082849404,0.47512309867258623,0.6717096485120565,13.20720532001744,43.77568136371676,34.06628771285494,5.841550020066932,2.4679638667169757,25.195162472243723,3706.970431117934
3689,368.9000000000154,43.80624862904335,34.00099078916222,9.805257839879125,3706.899073685166,25.27064131734578,125.3176719997401,125.31767200000003,13.245371231651003,0.1,9.75087513821579,3715.122184732618,34.0,25.24933360157838,3711.7334614553743,5.830023408162541,2.4609451071903763,5.840100000000012,2.467000000000001,102.38717328343395,48.64651103476152,32.67633082848304,0.4751230986726775,0.6717096485117585,13.194456335294838,43.75087513821579,33.996215412523355,5.84094476927278,2.468395246146701,25.240594887167394,3706.7178055564746
3690,369.0000000000154,43.8062486290428,34.00099078916271,9.805257839878385,3706.8990736844626,25.270641317345934,125.31767199977547,125.31767200000003,13.245371231647152,0.1,9.829265269148372,3715.122184732618,34.0,25.24933360157838,3711.7334614553743,5.834770729634862,2.45977491980157,5.840100000000012,2.467000000000001,102.38717328342643,48.646511034766014,32.67633082847354,0.47512309867275626,0.6717096485115011,13.218948882816107,43.82926526914837,34.07953081424883,5.8397765693384285,2.4665360424659513,25.237230955845014,3707.080037654421
3691,369.1000000000154,43.806248629042315,34.00099078916311,9.805257839877743,3706.899073683855,25.270641317346062,125.31767199980602,125.31767200000003,13.245371231643823,0.1,9.83297331947793,3715.122184732618,34.0,25.24933360157838,3711.7334614553743,5.834770729634862,2.45977491980157,5.840100000000012,2.467000000000001,102.38717328341991,48.64651103476991,32.676330828465325,0.4751230986728246,0.6717096485112785,13.230108243552497,43.83297331947793,34.003619710262775,5.840885924605791,2.464219466344716,25.17815178215447,3707.0049920414563
3692,369.20000000001545,43.80624862904192,34.00099078916345,9.805257839877186,3706.8990736833302,25.270641317346172,125.31767199983234,125.31767200000003,13.245371231640949,0.1,9.799328587485562,3715.122184732618,34.0,25.239613399588393,3711.306343270471,5.834770729634862,2.45977491980157,5.840100000000012,2.467000000000001,102.38717328341421,48.64651103477323,32.676330828458234,0.4751230986728835,0.6717096485110868,13.221881140089897,43.79932858748556,33.9690870232336,5.839629806934358,2.4678580956114424,25.081179213924973,3706.8625974537154
3693,369.3000000000155,43.806248629041576,34.00099078916375,9.805257839876704,3706.8990736828764,25.270641317346268,125.31767199985508,125.31767200000003,13.245371231638469,0.1,9.807705307983973,3715.122184732618,34.0,25.239613399588393,3711.306343270471,5.834770729634862,2.45977491980157,5.840100000000012,2.467000000000001,102.38717328340931,48.646511034776104,32.676330828452116,0.4751230986729343,0.6717096485109214,13.247244572421199,43.80770530798397,34.05972267542449,5.838802678240697,2.46586788718483,25.256825237288844,3706.8856557070185
3694,369.4000000000155,43.80624862904128,34.000990789164014,9.805257839876289,3706.8990736824844,25.270641317346353,125.31767199987475,125.31767200000003,13.24537123163632,0.1,9.826922359112487,3715.122184732618,34.0,25.239613399588393,3711.306343270471,5.834770729634862,2.45977491980157,5.840100000000012,2.467000000000001,102.3871732834051,48.646511034778605,32.676330828446815,0.47512309867297825,0.6717096485107779,13.185292065717674,43.82692235911249,34.005368444563935,5.83945706382947,2.4667243674247703,25.220234471914992,3706.911074396569
3695,369.5000000000155,43.80624862904101,34.00099078916424,9.805257839875932,3706.8990736821456,25.270641317346428,125.31767199989177,125.31767200000003,13.245371231634465,0.1,9.833163684447733,3715.122184732618,34.0,25.239613399588393,3711.306343270471,5.8297302263212805,2.458469042435026,5.840100000000012,2.467000000000001,102.38717328340147,48.64651103478076,32.67633082844224,0.47512309867301616,0.6717096485106541,13.247936881392254,43.83316368444773,33.93685809182232,5.840371301311675,2.466648507186986,25.30918012185648,3706.8379759142817
3696,369.60000000001554,43.80624862904078,34.00099078916444,9.805257839875624,3706.8990736818528,25.27064131734649,125.3176719999065,125.31767200000003,13.245371231632863,0.1,9.80177893148565,3715.122184732618,34.0,25.239613399588393,3711.306343270471,5.8297302263212805,2.458469042435026,5.840100000000012,2.467000000000001,102.38717328339835,48.64651103478263,32.67633082843828,0.47512309867304886,0.6717096485105469,13.263886333083528,43.80177893148565,33.91714908627908,5.839838193626461,2.4670965570593286,25.30863776163045,3706.972486595824
3697,369.70000000001556,43.80624862904058,34.00099078916461,9.805257839875358,3706.8990736815995,25.270641317346545,125.31767199991923,125.31767200000003,13.245371231631477,0.1,9.813086381009903,3715.122184732618,34.0,25.247666182119524,3711.1024605959155,5.8297302263212805,2.458469042435026,5.840100000000012,2.467000000000001,102.38717328339563,48.64651103478425,32.676330828434864,0.47512309867307734,0.6717096485104543,13.247831821891403,43.8130863810099,33.99427172523764,5.840330330441508,2.4668198265335133,25.237145041325935,3706.8460380395245
3698,369.8000000000156,43.80624862904041,34.00099078916475,9.805257839875125,3706.8990736813807,25.27064131734659,125.3176719999302,125.31767200000003,13.24537123163028,0.1,9.799679875563598,3715.122184732618,34.0,25.247666182119524,3711.1024605959155,5.8297302263212805,2.458469042435026,5.840100000000012,2.467000000000001,102.38717328339327,48.64651103478564,32.676330828431915,0.4751230986731019,0.6717096485103745,13.17424558451502,43.7996798755636,33.97766597649754,5.839224656771673,2.4669508687354154,25.280525243741167,3706.873011374948
3699,369.9000000000156,43.80624862904027,34.00099078916488,9.805257839874924,3706.8990736811916,25.27064131734663,125.31767199993968,125.31767200000003,13.245371231629246,0.1,9.82556055263069,3715.122184732618,34.0,25.247666182119524,3711.1024605959155,5.8297302263212805,2.458469042435026,5.840100000000012,2.467000000000001,102.38717328339122,48.64651103478683,32.676330828429364,0.475123098673123,0.6717096485103056,13.170318454040595,43.82556055263069,33.98147080648529,5.840022213560929,2.467521660412244,25.291145119488075,3706.6179740409275
3700,370.00000000001563,43.806248629040155,34.00099078916499,9.80525783987475,3706.8990736810283,25.270641317346666,125.31767199994786,125.31767200000003,13.24537123162835,0.1,9.80509771014971,3715.122184732618,34.0,25.247666182119524,3711.1024605959155,5.826489504466774,2.4572601443969813,5.840100000000012,2.467000000000001,102.38717328338946,48.64651103478787,32.676330828427155,0.47512309867314134,0.6717096485102458,13.334804660231224,43.80509771014971,33.979138217752954,5.840542937356955,2.46561673102721,25.378793186112286,3706.9440519533196
3701,370.10000000001565,43.80624862904004,34.00099078916508,9.805257839874601,3706.8990736808873,25.270641317346698,125.31767199995495,125.31767200000003,13.24537123162758,0.1,9.809773024095243,3715.122184732618,34.0,25.247666182119524,3711.1024605959155,5.826489504466774,2.4572601443969813,5.840100000000012,2.467000000000001,102.38717328338794,48.64651103478877,32.67633082842525,0.4751230986731572,0.6717096485101942,13.227151723802017,43.80977302409524,34.00744678569645,5.839314173325536,2.4683756411846476,25.156026168902315,3706.802518728125
3702,370.2000000000157,43.80624862903994,34.000990789165165,9.805257839874475,3706.8990736807655,25.270641317346726,125.31767199996109,125.31767200000003,13.245371231626912,0.1,9.78708505767014,3715.122184732618,34.0,25.201724932920204,3706.5147795512157,5.826489504466774,2.4572601443969813,5.840100000000012,2.467000000000001,102.38717328338666,48.64651103478956,32.6763308284236,0.4751230986731709,0.6717096485101495,13.163103241608109,43.78708505767014,34.0357745993125,5.838663127576698,2.4669444490894055,25.244292949668733,3706.9313634432483
3703,370.3000000000157,43.80624862903986,34.00099078916524,9.805257839874365,3706.89907368066,25.270641317346747,125.31767199996642,125.31767200000003,13.245371231626336,0.1,9.81472432103589,3715.122184732618,34.0,25.201724932920204,3706.5147795512157,5.826489504466774,2.4572601443969813,5.840100000000012,2.467000000000001,102.38717328338554,48.646511034790244,32.67633082842219,0.4751230986731827,0.671709648510111,13.284209856912517,43.81472432103589,34.00381598957863,5.840969674694294,2.465677902877963,25.28909507693082,3706.8388593459613
3704,370.4000000000157,43.806248629039786,34.0009907891653,9.805257839874267,3706.899073680569,25.270641317346765,125.31767199997097,125.31767200000003,13.245371231625835,0.1,9.842509893840628,3715.122184732618,34.0,25.201724932920204,3706.5147795512157,5.826489504466774,2.4572601443969813,5.840100000000012,2.467000000000001,102.38717328338454,48.64651103479081,32.67633082842095,0.4751230986731929,0.6717096485100776,13.235723390770259,43.84250989384063,33.987448824219086,5.838678734659264,2.467675083052559,25.405430305216818,3707.092629026876
3705,370.50000000001575,43.80624862903973,34.00099078916535,9.805257839874182,3706.8990736804903,25.270641317346783,125.31767199997489,125.31767200000003,13.245371231625406,0.1,9.842615587704998,3715.122184732618,34.0,25.201724932920204,3706.5147795512157,5.824740733471866,2.456016342697523,5.840100000000012,2.467000000000001,102.38717328338367,48.6465110347913,32.676330828419886,0.4751230986732017,0.671709648510049,13.207233791289546,43.842615587705,33.94317982622465,5.840048562645523,2.4669764350024703,25.23973682932255,3706.902365091224
3706,370.60000000001577,43.80624862903967,34.0009907891654,9.80525783987411,3706.899073680422,25.270641317346797,125.31767199997833,125.31767200000003,13.245371231625032,0.1,9.851100609490011,3715.122184732618,34.0,25.201724932920204,3706.5147795512157,5.824740733471866,2.456016342697523,5.840100000000012,2.467000000000001,102.38717328338295,48.64651103479174,32.67633082841897,0.47512309867320934,0.671709648510024,13.358260113808495,43.85110060949001,34.01541159631303,5.839088084729865,2.466947737666915,25.28612197810552,3706.8403675009736
3707,370.7000000000158,43.80624862903963,34.000990789165435,9.805257839874049,3706.8990736803635,25.270641317346808,125.31767199998127,125.31767200000003,13.24537123162471,0.1,9.79924963528395,3715.122184732618,34.0,25.262162367726848,3707.710666712239,5.824740733471866,2.456016342697523,5.840100000000012,2.467000000000001,102.38717328338231,48.64651103479211,32.67633082841817,0.47512309867321595,0.6717096485100026,13.27837940805796,43.79924963528395,33.96877587305841,5.8399072935740035,2.466928280076427,25.359390954757508,3707.090130167856
3708,370.8000000000158,43.8062486290396,34.00099078916546,9.805257839873994,3706.8990736803125,25.27064131734682,125.31767199998379,125.31767200000003,13.245371231624432,0.1,9.801002602938347,3715.122184732618,34.0,25.262162367726848,3707.710666712239,5.824740733471866,2.456016342697523,5.840100000000012,2.467000000000001,102.38717328338174,48.646511034792425,32.676330828417484,0.4751230986732216,0.6717096485099842,13.26070654880267,43.80100260293835,34.09231291496878,5.838612567094888,2.4665933506725897,25.18348606772514,3706.705240499669
3709,370.90000000001584,43.80624862903956,34.00099078916549,9.805257839873946,3706.8990736802684,25.27064131734683,125.31767199998599,125.31767200000003,13.245371231624194,0.1,9.812033671231347,3715.122184732618,34.0,25.262162367726848,3707.710666712239,5.824740733471866,2.456016342697523,5.840100000000012,2.467000000000001,102.38717328338126,48.646511034792695,32.6763308284169,0.4751230986732265,0.6717096485099684,13.284273293443611,43.81203367123135,34.00854351592705,5.840055435174641,2.4667560930333154,25.247539988247656,3706.9055287336073
3710,371.00000000001586,43.80624862903953,34.00099078916552,9.805257839873907,3706.8990736802302,25.27064131734684,125.31767199998794,125.31767200000003,13.245371231623984,0.1,9.869269556443925,3715.122184732618,34.0,25.262162367726848,3707.710666712239,5.832029661698625,2.454795166670739,5.840100000000012,2.467000000000001,102.38717328338087,48.64651103479296,32.67633082841638,0.4751230986732309,0.6717096485099541,13.247284542839832,43.869269556443925,34.05055010009136,5.839894952127885,2.4672537191352073,25.436847489148008,3706.944312737613
3711,371.1000000000159,43.8062486290395,34.00099078916555,9.805257839873875,3706.8990736801975,25.270641317346847,125.31767199998963,125.31767200000003,13.245371231623803,0.1,9.819660546862025,3715.122184732618,34.0,25.262162367726848,3707.710666712239,5.832029661698625,2.454795166670739,5.840100000000012,2.467000000000001,102.38717328338055,48.646511034793186,32.676330828415935,0.4751230986732346,0.6717096485099417,13.285607535846768,43.819660546862025,34.01100296797989,5.838474755295082,2.4675625820388927,25.493590512302564,3706.7627621322395
3712,371.2000000000159,43.80624862903947,34.00099078916557,9.805257839873844,3706.8990736801693,25.270641317346854,125.31767199999105,125.31767200000003,13.245371231623647,0.1,9.7881312080343,3715.122184732618,34.0,25.248399942832595,3709.075580792109,5.832029661698625,2.454795166670739,5.840100000000012,2.467000000000001,102.38717328338025,48.64651103479336,32.67633082841555,0.4751230986732377,0.6717096485099314,13.226710272818982,43.7881312080343,33.96118822369148,5.838931097574158,2.466652773088533,25.392149540449,3706.8196246923035
3713,371.3000000000159,43.80624862903946,34.00099078916559,9.80525783987382,3706.899073680145,25.270641317346858,125.31767199999229,125.31767200000003,13.245371231623515,0.1,9.78963174985762,3715.122184732618,34.0,25.248399942832595,3709.075580792109,5.832029661698625,2.454795166670739,5.840100000000012,2.467000000000001,102.38717328337998,48.64651103479353,32.676330828415225,0.47512309867324054,0.6717096485099224,13.22173847657148,43.78963174985762,33.97480601612057,5.840133043142536,2.467412337953778,25.05421222063378,3706.815712496183
3714,371.40000000001595,43.806248629039445,34.0009907891656,9.805257839873796,3706.8990736801243,25.27064131734686,125.31767199999331,125.31767200000003,13.245371231623402,0.1,9.789346658469888,3715.122184732618,34.0,25.248399942832595,3709.075580792109,5.832029661698625,2.454795166670739,5.840100000000012,2.467000000000001,102.38717328337974,48.64651103479365,32.67633082841495,0.47512309867324287,0.6717096485099151,13.240826175285491,43.78934665846989,33.95183575812286,5.840797283912899,2.466477511909273,25.30279548700653,3706.87128874161
3715,371.500000000016,43.80624862903943,34.000990789165606,9.805257839873777,3706.899073680106,25.270641317346865,125.3176719999942,125.31767200000003,13.245371231623302,0.1,9.817005142329599,3715.122184732618,34.0,25.248399942832595,3709.075580792109,5.8278935787990465,2.4535523951845026,5.840100000000012,2.467000000000001,102.38717328337957,48.64651103479376,32.6763308284147,0.47512309867324476,0.6717096485099084,13.29274933464123,43.8170051423296,34.006923852095284,5.840648096263216,2.4653896173935674,25.172583720098388,3706.9417224335466
3716,371.600000000016,43.806248629039416,34.00099078916561,9.805257839873759,3706.89907368009,25.27064131734687,125.31767199999499,125.31767200000003,13.245371231623217,0.1,9.843796041726257,3715.122184732618,34.0,25.248399942832595,3709.075580792109,5.8278935787990465,2.4535523951845026,5.840100000000012,2.467000000000001,102.38717328337937,48.64651103479385,32.67633082841449,0.4751230986732466,0.6717096485099029,13.205735806384403,43.84379604172626,34.035745183580836,5.839902298431535,2.465673963648779,25.287326205699788,3706.868178266437
3717,371.700000000016,43.8062486290394,34.00099078916563,9.805257839873745,3706.8990736800765,25.270641317346872,125.31767199999568,125.31767200000003,13.245371231623139,0.1,9.746088776508287,3715.122184732618,34.0,25.229135167158983,3710.173433676316,5.8278935787990465,2.4535523951845026,5.840100000000012,2.467000000000001,102.38717328337923,48.64651103479394,32.676330828414294,0.4751230986732481,0.6717096485098977,13.29027895080246,43.74608877650829,34.02346663606489,5.841259761821798,2.4658925211469933,25.139788597407026,3706.8242415921854
3718,371.80000000001604,43.8062486290394,34.000990789165634,9.805257839873734,3706.8990736800647,25.270641317346875,125.31767199999628,125.31767200000003,13.245371231623075,0.1,9.842788761672075,3715.122184732618,34.0,25.229135167158983,3710.173433676316,5.8278935787990465,2.4535523951845026,5.840100000000012,2.467000000000001,102.38717328337914,48.646511034794024,32.67633082841414,0.4751230986732493,0.6717096485098932,13.325999270623736,43.842788761672075,33.96032392598953,5.840976815372345,2.4665022400336274,25.11670653141376,3706.913695556701
3719,371.90000000001606,43.80624862903939,34.00099078916565,9.805257839873724,3706.8990736800547,25.27064131734688,125.3176719999968,125.31767200000003,13.245371231623022,0.1,9.808464913281604,3715.122184732618,34.0,25.229135167158983,3710.173433676316,5.8278935787990465,2.4535523951845026,5.840100000000012,2.467000000000001,102.38717328337903,48.646511034794095,32.67633082841401,0.47512309867325053,0.6717096485098897,13.238198767105812,43.808464913281604,33.958830725797306,5.83861360062946,2.4677889299932634,25.183981997545274,3706.9674292172
3720,372.0000000000161,43.806248629039374,34.000990789165655,9.805257839873716,3706.899073680046,25.27064131734688,125.31767199999726,125.31767200000003,13.245371231622972,0.1,9.806037425050803,3715.122184732618,34.0,25.229135167158983,3710.173433676316,5.827978617583915,2.4523097314725772,5.840100000000012,2.467000000000001,102.38717328337896,48.64651103479416,32.67633082841388,0.4751230986732515,0.6717096485098861,13.28165435018282,43.8060374250508,34.01569600341253,5.84038771880392,2.4658866686024803,25.146557499218034,3706.9120436031994
3721,372.1000000000161,43.806248629039374,34.000990789165655,9.805257839873706,3706.899073680039,25.27064131734688,125.31767199999761,125.31767200000003,13.245371231622933,0.1,9.803270901117386,3715.122184732618,34.0,25.229135167158983,3710.173433676316,5.827978617583915,2.4523097314725772,5.840100000000012,2.467000000000001,102.38717328337883,48.646511034794194,32.67633082841379,0.4751230986732524,0.6717096485098838,13.278250097817411,43.803270901117386,33.971883040145066,5.839593751211168,2.4676442546896755,25.30872024212678,3706.9516890613486
3722,372.20000000001613,43.806248629039374,34.000990789165655,9.805257839873697,3706.8990736800324,25.27064131734688,125.3176719999979,125.31767200000003,13.245371231622897,0.1,9.790055928403461,3715.122184732618,34.0,25.206411435960206,3704.587800590504,5.827978617583915,2.4523097314725772,5.840100000000012,2.467000000000001,102.38717328337874,48.64651103479422,32.676330828413704,0.4751230986732531,0.6717096485098816,13.135800475811951,43.79005592840346,34.00549964798001,5.838251773834725,2.4678010201636797,25.241672777152463,3706.9020125116326
3723,372.30000000001615,43.806248629039374,34.000990789165655,9.80525783987369,3706.8990736800265,25.27064131734688,125.31767199999815,125.31767200000003,13.245371231622869,0.1,9.82288352548445,3715.122184732618,34.0,25.206411435960206,3704.587800590504,5.827978617583915,2.4523097314725772,5.840100000000012,2.467000000000001,102.38717328337866,48.646511034794244,32.67633082841363,0.4751230986732537,0.6717096485098798,13.23769020734792,43.82288352548445,33.95167651102444,5.839991724783913,2.466335469118172,25.299036553595553,3707.106831452504
3724,372.4000000000162,43.806248629039374,34.000990789165655,9.805257839873684,3706.8990736800215,25.270641317346882,125.3176719999984,125.31767200000003,13.24537123162284,0.1,9.787945118963542,3715.122184732618,34.0,25.206411435960206,3704.587800590504,5.827978617583915,2.4523097314725772,5.840100000000012,2.467000000000001,102.3871732833786,48.646511034794266,32.67633082841356,0.4751230986732542,0.6717096485098781,13.280381198895364,43.78794511896354,34.00416557837459,5.840718334973831,2.46717872227746,25.2031212702295,3706.7613607356416
3725,372.5000000000162,43.80624862903936,34.00099078916566,9.805257839873683,3706.899073680017,25.270641317346886,125.31767199999865,125.31767200000003,13.245371231622816,0.1,9.804326820008612,3715.122184732618,34.0,25.206411435960206,3704.587800590504,5.827227392524184,2.4511567854935024,5.840100000000012,2.467000000000001,102.3871732833786,48.646511034794315,32.6763308284135,0.47512309867325464,0.6717096485098761,13.17159192036121,43.80432682000861,34.02871519528202,5.841047408383307,2.466388981733626,25.380078943041674,3707.1434484816473
3726,372.6000000000162,43.80624862903936,34.00099078916568,9.805257839873681,3706.8990736800133,25.270641317346886,125.31767199999888,125.31767200000003,13.245371231622794,0.1,9.718914720404278,3715.122184732618,34.0,25.206411435960206,3704.587800590504,5.827227392524184,2.4511567854935024,5.840100000000012,2.467000000000001,102.38717328337859,48.64651103479436,32.67633082841345,0.47512309867325514,0.6717096485098745,13.248413150217619,43.71891472040428,33.99239216289304,5.840004835999982,2.4662166876287563,25.194157419154294,3707.0955380204773
3727,372.70000000001625,43.80624862903936,34.00099078916568,9.805257839873676,3706.89907368001,25.270641317346886,125.31767199999904,125.31767200000003,13.245371231622777,0.1,9.821535515395098,3715.122184732618,34.0,25.276020876748632,3709.384070270424,5.827227392524184,2.4511567854935024,5.840100000000012,2.467000000000001,102.38717328337853,48.64651103479438,32.676330828413406,0.47512309867325564,0.6717096485098734,13.351183742638714,43.8215355153951,34.009240406569965,5.839959811492931,2.4664117634971707,25.313168312384327,3706.953954815438
3728,372.80000000001627,43.80624862903936,34.00099078916568,9.805257839873672,3706.8990736800074,25.270641317346886,125.31767199999916,125.31767200000003,13.245371231622762,0.1,9.806034755138356,3715.122184732618,34.0,25.276020876748632,3709.384070270424,5.827227392524184,2.4511567854935024,5.840100000000012,2.467000000000001,102.38717328337849,48.646511034794386,32.67633082841337,0.4751230986732559,0.6717096485098725,13.218603783948966,43.806034755138356,33.984223519586365,5.840998474267926,2.467811658795819,25.18587442751347,3706.8806370142083
3729,372.9000000000163,43.80624862903936,34.00099078916568,9.80525783987367,3706.899073680005,25.270641317346886,125.31767199999926,125.31767200000003,13.245371231622748,0.1,9.827270948167701,3715.122184732618,34.0,25.276020876748632,3709.384070270424,5.827227392524184,2.4511567854935024,5.840100000000012,2.467000000000001,102.38717328337847,48.64651103479439,32.676330828413334,0.47512309867325603,0.6717096485098717,13.258595175022153,43.8272709481677,33.97504323170182,5.8390348975256074,2.4664608223893274,25.421714525578853,3706.9310520579597
3730,373.0000000000163,43.80624862903936,34.00099078916568,9.805257839873667,3706.899073680003,25.270641317346886,125.31767199999936,125.31767200000003,13.245371231622737,0.1,9.805348975331,3715.122184732618,34.0,25.276020876748632,3709.384070270424,5.8242897163334035,2.449848558913074,5.840100000000012,2.467000000000001,102.38717328337843,48.64651103479441,32.676330828413306,0.47512309867325636,0.6717096485098709,13.270158257421155,43.805348975331,33.98494666741905,5.838192638952291,2.4672083837857546,25.33426455355159,3706.8706067173216
3731,373.10000000001634,43.80624862903936,34.00099078916568,9.805257839873665,3706.899073680001,25.270641317346886,125.31767199999945,125.31767200000003,13.245371231622727,0.1,9.830142034180128,3715.122184732618,34.0,25.276020876748632,3709.384070270424,5.8242897163334035,2.449848558913074,5.840100000000012,2.467000000000001,102.38717328337842,48.646511034794415,32.67633082841328,0.47512309867325647,0.6717096485098701,13.202782418666063,43.83014203418013,34.03117924266972,5.839856908337593,2.465385457517412,25.444575502083623,3707.007028686734
3732,373.20000000001636,43.80624862903936,34.00099078916568,9.805257839873661,3706.8990736799997,25.270641317346886,125.31767199999952,125.31767200000003,13.24537123162272,0.1,9.76853458765654,3715.122184732618,34.0,25.231568897250284,3710.5243285368942,5.8242897163334035,2.449848558913074,5.840100000000012,2.467000000000001,102.38717328337837,48.64651103479442,32.67633082841326,0.47512309867325675,0.6717096485098698,13.256518546694535,43.76853458765654,34.009428135371586,5.840331756862399,2.4665503963145876,25.269525432916048,3706.9327870214574
3733,373.3000000000164,43.80624862903936,34.00099078916568,9.805257839873661,3706.8990736799983,25.270641317346886,125.31767199999958,125.31767200000003,13.245371231622713,0.1,9.784155878166978,3715.122184732618,34.0,25.231568897250284,3710.5243285368942,5.8242897163334035,2.449848558913074,5.840100000000012,2.467000000000001,102.38717328337837,48.64651103479443,32.67633082841324,0.47512309867325686,0.6717096485098693,13.262875205295389,43.78415587816698,34.03395697490621,5.838747211518017,2.4666129990052124,25.400689292415226,3706.8823905320105
3734,373.4000000000164,43.80624862903936,34.00099078916568,9.80525783987366,3706.899073679997,25.270641317346886,125.31767199999963,125.31767200000003,13.245371231622705,0.1,9.804982623638026,3715.122184732618,34.0,25.231568897250284,3710.5243285368942,5.8242897163334035,2.449848558913074,5.840100000000012,2.467000000000001,102.38717328337836,48.64651103479443,32.67633082841323,0.4751230986732569,0.6717096485098689,13.321257489799828,43.804982623638026,33.972352567179904,5.839900113306829,2.466597959173316,25.521203899709047,3706.84456831559
3735,373.5000000000164,43.80624862903936,34.00099078916568,9.805257839873658,3706.899073679996,25.270641317346886,125.31767199999969,125.31767200000003,13.245371231622698,0.1,9.746468239915004,3715.122184732618,34.0,25.231568897250284,3710.5243285368942,5.825982743611388,2.448671422421738,5.840100000000012,2.467000000000001,102.38717328337833,48.64651103479444,32.67633082841321,0.4751230986732572,0.6717096485098684,13.2598970518113,43.746468239915,33.99723199494556,5.839927456683421,2.467377304129759,25.296423360742168,3707.0374848396345
3736,373.60000000001645,43.80624862903936,34.00099078916568,9.805257839873658,3706.899073679995,25.270641317346886,125.31767199999972,125.31767200000003,13.245371231622695,0.1,9.821478947311185,3715.122184732618,34.0,25.231568897250284,3710.5243285368942,5.825982743611388,2.448671422421738,5.840100000000012,2.467000000000001,102.38717328337833,48.64651103479444,32.6763308284132,0.4751230986732572,0.6717096485098681,13.297684717291578,43.821478947311185,34.02165915287303,5.841401230842499,2.4668957436680086,25.243951465997455,3706.838341386728
3737,373.7000000000165,43.80624862903936,34.00099078916568,9.805257839873656,3706.899073679994,25.270641317346886,125.31767199999976,125.31767200000003,13.245371231622691,0.1,9.808183008845418,3715.122184732618,34.0,25.228117534468623,3709.476046483983,5.825982743611388,2.448671422421738,5.840100000000012,2.467000000000001,102.38717328337832,48.64651103479445,32.67633082841319,0.4751230986732573,0.6717096485098679,13.251155812750694,43.80818300884542,34.04805615733889,5.841155880374448,2.4669662455373604,25.317286242980106,3706.61808408618
3738,373.8000000000165,43.80624862903936,34.00099078916568,9.805257839873654,3706.8990736799933,25.27064131734689,125.3176719999998,125.31767200000003,13.245371231622688,0.1,9.809085241675454,3715.122184732618,34.0,25.228117534468623,3709.476046483983,5.825982743611388,2.448671422421738,5.840100000000012,2.467000000000001,102.3871732833783,48.64651103479445,32.676330828413185,0.47512309867325736,0.6717096485098678,13.256728799121605,43.809085241675454,34.02504465659278,5.841572374977766,2.4648659261582027,25.17103515738998,3706.8877862067798
3739,373.9000000000165,43.806248629039345,34.000990789165684,9.805257839873658,3706.899073679993,25.270641317346893,125.31767199999989,125.31767200000003,13.24537123162268,0.1,9.797763409515525,3715.122184732618,34.0,25.228117534468623,3709.476046483983,5.825982743611388,2.448671422421738,5.840100000000012,2.467000000000001,102.38717328337836,48.64651103479448,32.676330828413164,0.47512309867325736,0.6717096485098669,13.33846873834709,43.797763409515525,33.98622618560698,5.839659793554045,2.4658593823010437,25.290066021677344,3706.7694599984407
3740,374.00000000001654,43.80624862903933,34.00099078916569,9.805257839873661,3706.8990736799924,25.270641317346893,125.31767199999996,125.31767200000003,13.24537123162268,0.1,9.84336371254755,3715.122184732618,34.0,25.228117534468623,3709.476046483983,5.830257283206441,2.4473329735948113,5.840100000000012,2.467000000000001,102.3871732833784,48.64651103479449,32.676330828413164,0.4751230986732573,0.6717096485098668,13.2772107671595,43.84336371254755,34.02936524785112,5.840298159154775,2.465365242479382,25.251732875087306,3706.750649043978
3741,374.10000000001656,43.80624862903933,34.00099078916569,9.80525783987366,3706.8990736799924,25.270641317346893,125.31767199999997,125.31767200000003,13.245371231622677,0.1,9.83198605449288,3715.122184732618,34.0,25.228117534468623,3709.476046483983,5.830257283206441,2.4473329735948113,5.840100000000012,2.467000000000001,102.38717328337837,48.6465110347945,32.67633082841316,0.4751230986732575,0.6717096485098665,13.168360391963319,43.83198605449288,33.940429374109016,5.840676397275197,2.464257448887484,25.144758112468914,3706.941655474091
3742,374.2000000000166,43.80624862903933,34.00099078916569,9.80525783987366,3706.8990736799924,25.270641317346893,125.31767199999997,125.31767200000003,13.245371231622677,0.1,9.814032109241857,3715.122184732618,34.0,25.22819458035755,3706.0157259091143,5.830257283206441,2.4473329735948113,5.840100000000012,2.467000000000001,102.38717328337837,48.6465110347945,32.67633082841316,0.4751230986732575,0.6717096485098665,13.158694583626362,43.81403210924186,33.9813224251903,5.840761707308808,2.466251356841548,25.243878891003934,3706.734668000007
3743,374.3000000000166,43.80624862903933,34.00099078916569,9.80525783987366,3706.8990736799924,25.270641317346893,125.31767199999997,125.31767200000003,13.245371231622677,0.1,9.800728752095395,3715.122184732618,34.0,25.22819458035755,3706.0157259091143,5.830257283206441,2.4473329735948113,5.840100000000012,2.467000000000001,102.38717328337837,48.6465110347945,32.67633082841316,0.4751230986732575,0.6717096485098665,13.171243235264672,43.800728752095395,33.98201962067241,5.840936724951709,2.466666746249246,25.34103105420432,3706.8177968526843
3744,374.40000000001663,43.80624862903933,34.00099078916569,9.80525783987366,3706.8990736799924,25.270641317346893,125.31767199999997,125.31767200000003,13.245371231622677,0.1,9.871353006649443,3715.122184732618,34.0,25.22819458035755,3706.0157259091143,5.830257283206441,2.4473329735948113,5.840100000000012,2.467000000000001,102.38717328337837,48.6465110347945,32.67633082841316,0.4751230986732575,0.6717096485098665,13.274473794888214,43.87135300664944,33.97555069593596,5.840185634020351,2.465069020230481,25.310605478283463,3706.8339932134195
3745,374.50000000001666,43.80624862903933,34.00099078916569,9.80525783987366,3706.8990736799924,25.270641317346893,125.31767199999997,125.31767200000003,13.245371231622677,0.1,9.804046204250895,3715.122184732618,34.0,25.22819458035755,3706.0157259091143,5.824786288144552,2.446145421058483,5.840100000000012,2.467000000000001,102.38717328337837,48.6465110347945,32.67633082841316,0.4751230986732575,0.6717096485098665,13.338624102501107,43.804046204250895,33.98383831494023,5.839631196145124,2.4663925815882477,25.21047918163673,3706.927656001671
3746,374.6000000000167,43.80624862903933,34.00099078916569,9.80525783987366,3706.8990736799924,25.270641317346893,125.31767199999997,125.31767200000003,13.245371231622677,0.1,9.813564587433639,3715.122184732618,34.0,25.22819458035755,3706.0157259091143,5.824786288144552,2.446145421058483,5.840100000000012,2.467000000000001,102.38717328337837,48.6465110347945,32.67633082841316,0.4751230986732575,0.6717096485098665,13.25824017551528,43.81356458743364,34.009824742149,5.840210539969436,2.467375801720041,25.280037630686234,3706.8737606094764
3747,374.7000000000167,43.80624862903933,34.00099078916569,9.80525783987366,3706.8990736799924,25.270641317346893,125.31767199999997,125.31767200000003,13.245371231622677,0.1,9.853083966318472,3715.122184732618,34.0,25.26240678779871,3707.172464664984,5.824786288144552,2.446145421058483,5.840100000000012,2.467000000000001,102.38717328337837,48.6465110347945,32.67633082841316,0.4751230986732575,0.6717096485098665,13.227609846259455,43.85308396631847,33.990333355764854,5.8393346349091795,2.467478466993551,25.169448034952364,3706.8742595407193
3748,374.8000000000167,43.80624862903933,34.00099078916569,9.80525783987366,3706.8990736799924,25.270641317346893,125.31767199999997,125.31767200000003,13.245371231622677,0.1,9.83711251625752,3715.122184732618,34.0,25.26240678779871,3707.172464664984,5.824786288144552,2.446145421058483,5.840100000000012,2.467000000000001,102.38717328337837,48.6465110347945,32.67633082841316,0.4751230986732575,0.6717096485098665,13.211540541063398,43.83711251625752,34.04943012844678,5.839440214172005,2.4667192862378484,25.326244180566768,3706.769312526319
3749,374.90000000001675,43.80624862903933,34.00099078916569,9.80525783987366,3706.8990736799924,25.270641317346893,125.31767199999997,125.31767200000003,13.245371231622677,0.1,9.75609415951348,3715.122184732618,34.0,25.26240678779871,3707.172464664984,5.824786288144552,2.446145421058483,5.840100000000012,2.467000000000001,102.38717328337837,48.6465110347945,32.67633082841316,0.4751230986732575,0.6717096485098665,13.294570357611702,43.75609415951348,33.9917793563268,5.840293491390144,2.467276964799374,25.365135031151212,3706.8345797017664
3750,375.00000000001677,43.80624862903933,34.00099078916569,9.80525783987366,3706.8990736799924,25.270641317346893,125.31767199999997,125.31767200000003,13.245371231622677,0.1,9.816785176341817,3715.122184732618,34.0,25.26240678779871,3707.172464664984,5.825422075940709,2.4448816176837105,5.840100000000012,2.467000000000001,102.38717328337837,48.6465110347945,32.67633082841316,0.4751230986732575,0.6717096485098665,13.198245585458594,43.81678517634182,33.98183182939569,5.839216864183231,2.4674874798864064,25.17059558742198,3706.855344740221
3751,375.1000000000168,43.80624862903933,34.00099078916569,9.80525783987366,3706.8990736799924,25.270641317346893,125.31767199999997,125.31767200000003,13.245371231622677,0.1,9.825691180349658,3715.122184732618,34.0,25.26240678779871,3707.172464664984,5.825422075940709,2.4448816176837105,5.840100000000012,2.467000000000001,102.38717328337837,48.6465110347945,32.67633082841316,0.4751230986732575,0.6717096485098665,13.324801203361071,43.82569118034966,34.03530223317095,5.841849262100863,2.4681899019923823,25.249438560596044,3706.835013215514
3752,375.2000000000168,43.80624862903933,34.00099078916569,9.80525783987366,3706.8990736799924,25.270641317346893,125.31767199999997,125.31767200000003,13.245371231622677,0.1,9.818602349784847,3715.122184732618,34.0,25.259122965572196,3711.1859033560704,5.825422075940709,2.4448816176837105,5.840100000000012,2.467000000000001,102.38717328337837,48.6465110347945,32.67633082841316,0.4751230986732575,0.6717096485098665,13.286731218441899,43.81860234978485,34.004510317668924,5.840496446872598,2.4648585713966127,25.282203537552107,3707.009092692258
3753,375.30000000001684,43.80624862903933,34.00099078916569,9.80525783987366,3706.8990736799924,25.270641317346893,125.31767199999997,125.31767200000003,13.245371231622677,0.1,9.78336127345235,3715.122184732618,34.0,25.259122965572196,3711.1859033560704,5.825422075940709,2.4448816176837105,5.840100000000012,2.467000000000001,102.38717328337837,48.6465110347945,32.67633082841316,0.4751230986732575,0.6717096485098665,13.311660748417667,43.78336127345235,34.003331941976874,5.839782226697627,2.4671185191151745,25.327489266739207,3706.9724519491015
3754,375.40000000001686,43.80624862903933,34.00099078916569,9.80525783987366,3706.8990736799924,25.270641317346893,125.31767199999997,125.31767200000003,13.245371231622677,0.1,9.793822806694763,3715.122184732618,34.0,25.259122965572196,3711.1859033560704,5.825422075940709,2.4448816176837105,5.840100000000012,2.467000000000001,102.38717328337837,48.6465110347945,32.67633082841316,0.4751230986732575,0.6717096485098665,13.218554563925151,43.79382280669476,33.997962811636526,5.839907953470276,2.4670204253929455,25.242324390893895,3706.9247561321827
3755,375.5000000000169,43.80624862903933,34.00099078916569,9.80525783987366,3706.8990736799924,25.270641317346893,125.31767199999997,125.31767200000003,13.245371231622677,0.1,9.828837600679073,3715.122184732618,34.0,25.259122965572196,3711.1859033560704,5.828210223070122,2.4436238264919434,5.840100000000012,2.467000000000001,102.38717328337837,48.6465110347945,32.67633082841316,0.4751230986732575,0.6717096485098665,13.303291151595095,43.82883760067907,34.016831381294715,5.839883457342997,2.4670674221480757,25.303585722624966,3706.7724258197586
3756,375.6000000000169,43.80624862903933,34.00099078916569,9.80525783987366,3706.8990736799924,25.270641317346893,125.31767199999997,125.31767200000003,13.245371231622677,0.1,9.79669795742722,3715.122184732618,34.0,25.259122965572196,3711.1859033560704,5.828210223070122,2.4436238264919434,5.840100000000012,2.467000000000001,102.38717328337837,48.6465110347945,32.67633082841316,0.4751230986732575,0.6717096485098665,13.175538906394493,43.79669795742722,34.03343969299575,5.839755238392517,2.470183530548622,25.14427895451714,3706.9147511191186
3757,375.7000000000169,43.80624862903933,34.00099078916569,9.80525783987366,3706.8990736799924,25.270641317346893,125.31767199999997,125.31767200000003,13.245371231622677,0.1,9.824102296769837,3715.122184732618,34.0,25.24521174084334,3712.3218838457633,5.828210223070122,2.4436238264919434,5.840100000000012,2.467000000000001,102.38717328337837,48.6465110347945,32.67633082841316,0.4751230986732575,0.6717096485098665,13.256732370569834,43.82410229676984,34.016588683843146,5.83935406870859,2.467676765311444,25.143674420320874,3706.9597761761775
3758,375.80000000001695,43.80624862903933,34.00099078916569,9.80525783987366,3706.8990736799924,25.270641317346893,125.31767199999997,125.31767200000003,13.245371231622677,0.1,9.82317947692276,3715.122184732618,34.0,25.24521174084334,3712.3218838457633,5.828210223070122,2.4436238264919434,5.840100000000012,2.467000000000001,102.38717328337837,48.6465110347945,32.67633082841316,0.4751230986732575,0.6717096485098665,13.28363490544992,43.82317947692276,33.95701483790946,5.8383864781218495,2.4682383155047765,25.254535917544676,3706.810584734093
3759,375.900000000017,43.80624862903933,34.00099078916569,9.80525783987366,3706.8990736799924,25.270641317346893,125.31767199999997,125.31767200000003,13.245371231622677,0.1,9.757519348883726,3715.122184732618,34.0,25.24521174084334,3712.3218838457633,5.828210223070122,2.4436238264919434,5.840100000000012,2.467000000000001,102.38717328337837,48.6465110347945,32.67633082841316,0.4751230986732575,0.6717096485098665,13.273298868889295,43.757519348883726,34.033037948807596,5.839550380821523,2.4680631159805784,25.17549558195034,3706.8818849400127
3760,376.000000000017,43.80624862903933,34.00099078916569,9.80525783987366,3706.8990736799924,25.270641317346893,125.31767199999997,125.31767200000003,13.245371231622677,0.1,9.763444940318287,3715.122184732618,34.0,25.24521174084334,3712.3218838457633,5.827232752012087,2.4424352611717524,5.840100000000012,2.467000000000001,102.38717328337837,48.6465110347945,32.67633082841316,0.4751230986732575,0.6717096485098665,13.232916264355735,43.76344494031829,33.972083924568814,5.842241670958747,2.466223495701362,25.284658444439593,3706.922667353172
3761,376.100000000017,43.80624862903933,34.00099078916569,9.80525783987366,3706.8990736799924,25.270641317346893,125.31767199999997,125.31767200000003,13.245371231622677,0.1,9.763865957636348,3715.122184732618,34.0,25.24521174084334,3712.3218838457633,5.827232752012087,2.4424352611717524,5.840100000000012,2.467000000000001,102.38717328337837,48.6465110347945,32.67633082841316,0.4751230986732575,0.6717096485098665,13.242374758675554,43.76386595763635,33.97821093899669,5.839170045236437,2.4670097356227494,25.225015171197473,3706.7196623690415
3762,376.20000000001704,43.80624862903933,34.00099078916569,9.80525783987366,3706.8990736799924,25.270641317346893,125.31767199999997,125.31767200000003,13.245371231622677,0.1,9.77245278332807,3715.122184732618,34.0,25.239900606498885,3712.122964109589,5.827232752012087,2.4424352611717524,5.840100000000012,2.467000000000001,102.38717328337837,48.6465110347945,32.67633082841316,0.4751230986732575,0.6717096485098665,13.2495830847554,43.77245278332807,33.9698517729547,5.840812871063863,2.468542620632694,25.48130472553616,3706.821169928787
3763,376.30000000001706,43.80624862903933,34.00099078916569,9.80525783987366,3706.8990736799924,25.270641317346893,125.31767199999997,125.31767200000003,13.245371231622677,0.1,9.764740410631582,3715.122184732618,34.0,25.239900606498885,3712.122964109589,5.827232752012087,2.4424352611717524,5.840100000000012,2.467000000000001,102.38717328337837,48.6465110347945,32.67633082841316,0.4751230986732575,0.6717096485098665,13.304395969891724,43.76474041063158,33.955096837140495,5.8386019851012065,2.4679673671450284,25.271340753642658,3706.94681016062
3764,376.4000000000171,43.80624862903933,34.00099078916569,9.80525783987366,3706.8990736799924,25.270641317346893,125.31767199999997,125.31767200000003,13.245371231622677,0.1,9.788529557801958,3715.122184732618,34.0,25.239900606498885,3712.122964109589,5.827232752012087,2.4424352611717524,5.840100000000012,2.467000000000001,102.38717328337837,48.6465110347945,32.67633082841316,0.4751230986732575,0.6717096485098665,13.366843855956162,43.78852955780196,34.00995114777821,5.839095798617189,2.468008441247969,25.04493662817719,3706.8696917143234
3765,376.5000000000171,43.80624862903933,34.00099078916569,9.80525783987366,3706.8990736799924,25.270641317346893,125.31767199999997,125.31767200000003,13.245371231622677,0.1,9.799804512433198,3715.122184732618,34.0,25.239900606498885,3712.122964109589,5.825580612556592,2.441171527474889,5.840100000000012,2.467000000000001,102.38717328337837,48.6465110347945,32.67633082841316,0.4751230986732575,0.6717096485098665,13.246850708782095,43.7998045124332,34.00195095625775,5.841395382130685,2.466271988410086,25.39322574588008,3706.850527859994
3766,376.60000000001713,43.80624862903933,34.00099078916569,9.80525783987366,3706.8990736799924,25.270641317346893,125.31767199999997,125.31767200000003,13.245371231622677,0.1,9.809665145300926,3715.122184732618,34.0,25.239900606498885,3712.122964109589,5.825580612556592,2.441171527474889,5.840100000000012,2.467000000000001,102.38717328337837,48.6465110347945,32.67633082841316,0.4751230986732575,0.6717096485098665,13.24767402472176,43.809665145300926,34.049543001270784,5.841493501992318,2.4684015792114296,25.23525910145982,3706.9152856684323
3767,376.70000000001716,43.80624862903933,34.00099078916569,9.80525783987366,3706.8990736799924,25.270641317346893,125.31767199999997,125.31767200000003,13.245371231622677,0.1,9.848240960478726,3715.122184732618,34.0,25.246909301247687,3711.6987996445896,5.825580612556592,2.441171527474889,5.840100000000012,2.467000000000001,102.38717328337837,48.6465110347945,32.67633082841316,0.4751230986732575,0.6717096485098665,13.226642609431945,43.848240960478726,34.001431030355825,5.839113022910955,2.4681972841002033,25.30395685712827,3706.9883952952764
3768,376.8000000000172,43.80624862903933,34.00099078916569,9.80525783987366,3706.8990736799924,25.270641317346893,125.31767199999997,125.31767200000003,13.245371231622677,0.1,9.813070981028275,3715.122184732618,34.0,25.246909301247687,3711.6987996445896,5.825580612556592,2.441171527474889,5.840100000000012,2.467000000000001,102.38717328337837,48.6465110347945,32.67633082841316,0.4751230986732575,0.6717096485098665,13.262912141273336,43.813070981028275,34.01322161435521,5.839315341219802,2.4675338274584777,25.46984069479164,3706.927310947201
3769,376.9000000000172,43.80624862903933,34.00099078916569,9.80525783987366,3706.8990736799924,25.270641317346893,125.31767199999997,125.31767200000003,13.245371231622677,0.1,9.787912343167804,3715.122184732618,34.0,25.246909301247687,3711.6987996445896,5.825580612556592,2.441171527474889,5.840100000000012,2.467000000000001,102.38717328337837,48.6465110347945,32.67633082841316,0.4751230986732575,0.6717096485098665,13.246607673500396,43.787912343167804,34.0339762470872,5.841317815731543,2.4664346493810854,25.353852905864844,3706.9183476999215
3770,377.0000000000172,43.80624862903933,34.00099078916569,9.80525783987366,3706.8990736799924,25.270641317346893,125.31767199999997,125.31767200000003,13.245371231622677,0.1,9.814654617497553,3715.122184732618,34.0,25.246909301247687,3711.6987996445896,5.826341012683671,2.439975560956582,5.840100000000012,2.467000000000001,102.38717328337837,48.6465110347945,32.67633082841316,0.4751230986732575,0.6717096485098665,13.250859343137204,43.81465461749755,33.96456286704568,5.840175714008649,2.466672992853511,25.1230394265551,3706.9546647310885
3771,377.10000000001725,43.80624862903933,34.00099078916569,9.80525783987366,3706.8990736799924,25.270641317346893,125.31767199999997,125.31767200000003,13.245371231622677,0.1,9.800802309369736,3715.122184732618,34.0,25.246909301247687,3711.6987996445896,5.826341012683671,2.439975560956582,5.840100000000012,2.467000000000001,102.38717328337837,48.6465110347945,32.67633082841316,0.4751230986732575,0.6717096485098665,13.32317914321926,43.800802309369736,34.065264538900095,5.839372065295823,2.4668430449579195,25.262872016211784,3706.9755960433768
3772,377.20000000001727,43.80624862903933,34.00099078916569,9.80525783987366,3706.8990736799924,25.270641317346893,125.31767199999997,125.31767200000003,13.245371231622677,0.1,9.812424257300144,3715.122184732618,34.0,25.24105823812643,3713.060697028262,5.826341012683671,2.439975560956582,5.840100000000012,2.467000000000001,102.38717328337837,48.6465110347945,32.67633082841316,0.4751230986732575,0.6717096485098665,13.28732480699459,43.812424257300144,34.03770837892507,5.839994669162418,2.4676830493845436,25.30559326292222,3707.0703253108186
3773,377.3000000000173,43.80624862903933,34.00099078916569,9.80525783987366,3706.8990736799924,25.270641317346893,125.31767199999997,125.31767200000003,13.245371231622677,0.1,9.767042327176107,3715.122184732618,34.0,25.24105823812643,3713.060697028262,5.826341012683671,2.439975560956582,5.840100000000012,2.467000000000001,102.38717328337837,48.6465110347945,32.67633082841316,0.4751230986732575,0.6717096485098665,13.24058707104946,43.76704232717611,33.99695965752231,5.84134463861694,2.4679553326033683,25.50720877388012,3706.996512782741
3774,377.4000000000173,43.80624862903933,34.00099078916569,9.80525783987366,3706.8990736799924,25.270641317346893,125.31767199999997,125.31767200000003,13.245371231622677,0.1,9.788388283584048,3715.122184732618,34.0,25.24105823812643,3713.060697028262,5.826341012683671,2.439975560956582,5.840100000000012,2.467000000000001,102.38717328337837,48.6465110347945,32.67633082841316,0.4751230986732575,0.6717096485098665,13.27056754982198,43.78838828358405,33.994570851519875,5.839334778685774,2.467403192988545,25.4304259015245,3706.853855087916
3775,377.50000000001734,43.80624862903933,34.00099078916569,9.80525783987366,3706.8990736799924,25.270641317346893,125.31767199999997,125.31767200000003,13.245371231622677,0.1,9.804747308856868,3715.122184732618,34.0,25.24105823812643,3713.060697028262,5.828266664059024,2.438742427894317,5.840100000000012,2.467000000000001,102.38717328337837,48.6465110347945,32.67633082841316,0.4751230986732575,0.6717096485098665,13.279338012275433,43.80474730885687,33.967123909678364,5.839817035748599,2.4654877639642483,25.25698846712823,3706.9233496672978
3776,377.60000000001736,43.80624862903933,34.00099078916569,9.80525783987366,3706.8990736799924,25.270641317346893,125.31767199999997,125.31767200000003,13.245371231622677,0.1,9.820264853780166,3715.122184732618,34.0,25.24105823812643,3713.060697028262,5.828266664059024,2.438742427894317,5.840100000000012,2.467000000000001,102.38717328337837,48.6465110347945,32.67633082841316,0.4751230986732575,0.6717096485098665,13.321355206003584,43.82026485378017,34.04853061107094,5.84076211767055,2.4679136253029363,25.219383764219668,3706.8918874255596
3777,377.7000000000174,43.80624862903933,34.00099078916569,9.80525783987366,3706.8990736799924,25.270641317346893,125.31767199999997,125.31767200000003,13.245371231622677,0.1,9.789218780140303,3715.122184732618,34.0,25.239408188723967,3712.110798032395,5.828266664059024,2.438742427894317,5.840100000000012,2.467000000000001,102.38717328337837,48.6465110347945,32.67633082841316,0.4751230986732575,0.6717096485098665,13.231170173483894,43.7892187801403,33.96608203671581,5.840895142191415,2.4684817757133457,25.261607808454592,3706.856763401781
3778,377.8000000000174,43.80624862903933,34.00099078916569,9.80525783987366,3706.8990736799924,25.270641317346893,125.31767199999997,125.31767200000003,13.245371231622677,0.1,9.82740805571514,3715.122184732618,34.0,25.239408188723967,3712.110798032395,5.828266664059024,2.438742427894317,5.840100000000012,2.467000000000001,102.38717328337837,48.6465110347945,32.67633082841316,0.4751230986732575,0.6717096485098665,13.214043372725035,43.82740805571514,34.00496482450373,5.8405722611246995,2.4670152892056563,25.208993061811604,3706.9238818902795
3779,377.9000000000174,43.80624862903933,34.00099078916569,9.80525783987366,3706.8990736799924,25.270641317346893,125.31767199999997,125.31767200000003,13.245371231622677,0.1,9.84480710678725,3715.122184732618,34.0,25.239408188723967,3712.110798032395,5.828266664059024,2.438742427894317,5.840100000000012,2.467000000000001,102.38717328337837,48.6465110347945,32.67633082841316,0.4751230986732575,0.6717096485098665,13.23322699189587,43.84480710678725,33.94457037430927,5.839166164996063,2.4662095576090195,25.33810124958782,3706.76448659879
3780,378.00000000001745,43.80624862903933,34.00099078916569,9.80525783987366,3706.8990736799924,25.270641317346893,125.31767199999997,125.31767200000003,13.245371231622677,0.1,9.77244338735779,3715.122184732618,34.0,25.239408188723967,3712.110798032395,5.824110911737182,2.437454723657875,5.840100000000012,2.467000000000001,102.38717328337837,48.6465110347945,32.67633082841316,0.4751230986732575,0.6717096485098665,13.17132967442615,43.77244338735779,33.932225492841944,5.838408453501488,2.4683877916063683,25.244219442417005,3706.771266042873
3781,378.1000000000175,43.80624862903933,34.00099078916569,9.80525783987366,3706.8990736799924,25.270641317346893,125.31767199999997,125.31767200000003,13.245371231622677,0.1,9.812062626683542,3715.122184732618,34.0,25.239408188723967,3712.110798032395,5.824110911737182,2.437454723657875,5.840100000000012,2.467000000000001,102.38717328337837,48.6465110347945,32.67633082841316,0.4751230986732575,0.6717096485098665,13.2552370880935,43.81206262668354,33.9712365070433,5.839908428882958,2.4663116937895406,25.071684789204713,3706.8401885422036
3782,378.2000000000175,43.80624862903933,34.00099078916569,9.80525783987366,3706.8990736799924,25.270641317346893,125.31767199999997,125.31767200000003,13.245371231622677,0.1,9.832350463821903,3715.122184732618,34.0,25.2540131524991,3711.6228442159,5.824110911737182,2.437454723657875,5.840100000000012,2.467000000000001,102.38717328337837,48.6465110347945,32.67633082841316,0.4751230986732575,0.6717096485098665,13.21664439500159,43.8323504638219,33.95893411086387,5.839172314134294,2.4678886000207436,25.35626676138335,3706.8875599817356
3783,378.3000000000175,43.80624862903933,34.00099078916569,9.80525783987366,3706.8990736799924,25.270641317346893,125.31767199999997,125.31767200000003,13.245371231622677,0.1,9.791804731339163,3715.122184732618,34.0,25.2540131524991,3711.6228442159,5.824110911737182,2.437454723657875,5.840100000000012,2.467000000000001,102.38717328337837,48.6465110347945,32.67633082841316,0.4751230986732575,0.6717096485098665,13.202419266385954,43.79180473133916,33.98410674144531,5.838214746170463,2.4667125025543637,25.36765423137269,3706.949176716761
3784,378.40000000001754,43.80624862903933,34.00099078916569,9.80525783987366,3706.8990736799924,25.270641317346893,125.31767199999997,125.31767200000003,13.245371231622677,0.1,9.803406558450028,3715.122184732618,34.0,25.2540131524991,3711.6228442159,5.824110911737182,2.437454723657875,5.840100000000012,2.467000000000001,102.38717328337837,48.6465110347945,32.67633082841316,0.4751230986732575,0.6717096485098665,13.284353687087961,43.80340655845003,33.98198104250798,5.840393384511415,2.467719372345823,25.227843072688735,3707.100870419523
3785,378.50000000001756,43.80624862903933,34.00099078916569,9.80525783987366,3706.8990736799924,25.270641317346893,125.31767199999997,125.31767200000003,13.245371231622677,0.1,9.829785080119798,3715.122184732618,34.0,25.2540131524991,3711.6228442159,5.8239943768780265,2.43626602627553,5.840100000000012,2.467000000000001,102.38717328337837,48.6465110347945,32.67633082841316,0.4751230986732575,0.6717096485098665,13.252985977522394,43.8297850801198,34.01604129783814,5.840850188451095,2.466030834447854,25.144937862115395,3706.9020493048565
3786,378.6000000000176,43.80624862903933,34.00099078916569,9.80525783987366,3706.8990736799924,25.270641317346893,125.31767199999997,125.31767200000003,13.245371231622677,0.1,9.818844737161491,3715.122184732618,34.0,25.2540131524991,3711.6228442159,5.8239943768780265,2.43626602627553,5.840100000000012,2.467000000000001,102.38717328337837,48.6465110347945,32.67633082841316,0.4751230986732575,0.6717096485098665,13.169554146703401,43.81884473716149,34.05478679264259,5.839314705620785,2.466323648976065,25.351813253256562,3706.914995083544
3787,378.7000000000176,43.80624862903933,34.00099078916569,9.80525783987366,3706.8990736799924,25.270641317346893,125.31767199999997,125.31767200000003,13.245371231622677,0.1,9.818939006691764,3715.122184732618,34.0,25.235943373541595,3710.7998475657328,5.8239943768780265,2.43626602627553,5.840100000000012,2.467000000000001,102.38717328337837,48.6465110347945,32.67633082841316,0.4751230986732575,0.6717096485098665,13.205839093939938,43.818939006691764,33.98925843237138,5.839420346312995,2.4654391854370794,25.397420684382407,3706.9457261600814
3788,378.80000000001763,43.80624862903933,34.00099078916569,9.80525783987366,3706.8990736799924,25.270641317346893,125.31767199999997,125.31767200000003,13.245371231622677,0.1,9.808079959142553,3715.122184732618,34.0,25.235943373541595,3710.7998475657328,5.8239943768780265,2.43626602627553,5.840100000000012,2.467000000000001,102.38717328337837,48.6465110347945,32.67633082841316,0.4751230986732575,0.6717096485098665,13.257152470668272,43.80807995914255,34.03108546280843,5.839398807413726,2.4666925498965986,25.25545394001103,3706.8821985815866
3789,378.90000000001766,43.80624862903933,34.00099078916569,9.80525783987366,3706.8990736799924,25.270641317346893,125.31767199999997,125.31767200000003,13.245371231622677,0.1,9.783453887808996,3715.122184732618,34.0,25.235943373541595,3710.7998475657328,5.8239943768780265,2.43626602627553,5.840100000000012,2.467000000000001,102.38717328337837,48.6465110347945,32.67633082841316,0.4751230986732575,0.6717096485098665,13.198203938837521,43.783453887808996,33.98813518901991,5.839692791375294,2.4665548137602387,25.440075725964302,3706.8380442279827
3790,379.0000000000177,43.80624862903933,34.00099078916569,9.80525783987366,3706.8990736799924,25.270641317346893,125.31767199999997,125.31767200000003,13.245371231622677,0.1,9.796524321563666,3715.122184732618,34.0,25.235943373541595,3710.7998475657328,5.824929313970107,2.4350292825879207,5.840100000000012,2.467000000000001,102.38717328337837,48.6465110347945,32.67633082841316,0.4751230986732575,0.6717096485098665,13.209007188378353,43.796524321563666,33.99196999536593,5.840258356396822,2.466636872663301,25.382477946825446,3706.893242097407
3791,379.1000000000177,43.80624862903933,34.00099078916569,9.80525783987366,3706.8990736799924,25.270641317346893,125.31767199999997,125.31767200000003,13.245371231622677,0.1,9.815754290401586,3715.122184732618,34.0,25.235943373541595,3710.7998475657328,5.824929313970107,2.4350292825879207,5.840100000000012,2.467000000000001,102.38717328337837,48.6465110347945,32.67633082841316,0.4751230986732575,0.6717096485098665,13.240691707824803,43.815754290401586,33.98303311885061,5.841500560068067,2.4667139116090855,25.282555861150374,3706.936013863668
3792,379.2000000000177,43.80624862903933,34.00099078916569,9.80525783987366,3706.8990736799924,25.270641317346893,125.31767199999997,125.31767200000003,13.245371231622677,0.1,9.817668564495655,3715.122184732618,34.0,25.259753880650834,3712.7393980350203,5.824929313970107,2.4350292825879207,5.840100000000012,2.467000000000001,102.38717328337837,48.6465110347945,32.67633082841316,0.4751230986732575,0.6717096485098665,13.291932806296838,43.817668564495655,33.99550764828579,5.839951536791291,2.4657183677534396,25.312548638035477,3706.858287083906
3793,379.30000000001775,43.80624862903933,34.00099078916569,9.80525783987366,3706.8990736799924,25.270641317346893,125.31767199999997,125.31767200000003,13.245371231622677,0.1,9.763211376397962,3715.122184732618,34.0,25.259753880650834,3712.7393980350203,5.824929313970107,2.4350292825879207,5.840100000000012,2.467000000000001,102.38717328337837,48.6465110347945,32.67633082841316,0.4751230986732575,0.6717096485098665,13.181230959288879,43.76321137639796,34.02758481082743,5.839728431174399,2.4680625008407886,25.429932042168282,3706.855516754346
3794,379.40000000001777,43.80624862903933,34.00099078916569,9.80525783987366,3706.8990736799924,25.270641317346893,125.31767199999997,125.31767200000003,13.245371231622677,0.1,9.821360126620675,3715.122184732618,34.0,25.259753880650834,3712.7393980350203,5.824929313970107,2.4350292825879207,5.840100000000012,2.467000000000001,102.38717328337837,48.6465110347945,32.67633082841316,0.4751230986732575,0.6717096485098665,13.26557780665675,43.821360126620675,33.99475180070207,5.83997402902514,2.4672519662853625,25.185814558297608,3707.097365200761
3795,379.5000000000178,43.80624862903933,34.00099078916569,9.80525783987366,3706.8990736799924,25.270641317346893,125.31767199999997,125.31767200000003,13.245371231622677,0.1,9.87093334991782,3715.122184732618,34.0,25.259753880650834,3712.7393980350203,5.8252929408234255,2.4338552247931533,5.840100000000012,2.467000000000001,102.38717328337837,48.6465110347945,32.67633082841316,0.4751230986732575,0.6717096485098665,13.256470741383495,43.87093334991782,34.00160675590533,5.840951697029332,2.4664993064327883,25.168732316064055,3707.0600819917177
3796,379.6000000000178,43.80624862903933,34.00099078916569,9.80525783987366,3706.8990736799924,25.270641317346893,125.31767199999997,125.31767200000003,13.245371231622677,0.1,9.792931606270173,3715.122184732618,34.0,25.259753880650834,3712.7393980350203,5.8252929408234255,2.4338552247931533,5.840100000000012,2.467000000000001,102.38717328337837,48.6465110347945,32.67633082841316,0.4751230986732575,0.6717096485098665,13.31401316138455,43.79293160627017,34.022752053315514,5.84065341742583,2.4671406117799086,25.37077213223274,3706.7502559958375
3797,379.70000000001784,43.80624862903933,34.00099078916569,9.80525783987366,3706.8990736799924,25.270641317346893,125.31767199999997,125.31767200000003,13.245371231622677,0.1,9.828948111317622,3715.122184732618,34.0,25.240298200010553,3712.30177526775,5.8252929408234255,2.4338552247931533,5.840100000000012,2.467000000000001,102.38717328337837,48.6465110347945,32.67633082841316,0.4751230986732575,0.6717096485098665,13.210692382706831,43.82894811131762,33.982866217059346,5.841707680243525,2.4666349646626444,25.19088214808453,3706.81062018499
3798,379.80000000001786,43.80624862903933,34.00099078916569,9.80525783987366,3706.8990736799924,25.270641317346893,125.31767199999997,125.31767200000003,13.245371231622677,0.1,9.780203107723644,3715.122184732618,34.0,25.240298200010553,3712.30177526775,5.8252929408234255,2.4338552247931533,5.840100000000012,2.467000000000001,102.38717328337837,48.6465110347945,32.67633082841316,0.4751230986732575,0.6717096485098665,13.259657503075168,43.78020310772364,33.97174294749394,5.839240105311867,2.467619248500897,25.257232479732934,3706.701261324459
3799,379.9000000000179,43.80624862903933,34.00099078916569,9.80525783987366,3706.8990736799924,25.270641317346893,125.31767199999997,125.31767200000003,13.245371231622677,0.1,9.846467975787313,3715.122184732618,34.0,25.240298200010553,3712.30177526775,5.8252929408234255,2.4338552247931533,5.840100000000012,2.467000000000001,102.38717328337837,48.6465110347945,32.67633082841316,0.4751230986732575,0.6717096485098665,13.196894333278445,43.84646797578731,34.035701542805704,5.839094858271349,2.4671672358406616,25.302034088614814,3706.972536549895
3800,380.0000000000179,43.80624862903933,34.00099078916569,9.80525783987366,3706.8990736799924,25.270641317346893,125.31767199999997,125.31767200000003,13.245371231622677,0.1,9.845118614343868,3715.122184732618,34.0,25.240298200010553,3712.30177526775,5.825900610114293,2.4325654900086797,5.840100000000012,2.467000000000001,102.38717328337837,48.6465110347945,32.67633082841316,0.4751230986732575,0.6717096485098665,13.251085977834194,43.84511861434387,34.00439981912989,5.842306583685424,2.4665495904711228,25.281043993974933,3706.9078100038755
3801,380.1000000000179,43.80624862903933,34.00099078916569,9.80525783987366,3706.8990736799924,25.270641317346893,125.31767199999997,125.31767200000003,13.245371231622677,0.1,9.779246675596234,3715.122184732618,34.0,25.240298200010553,3712.30177526775,5.825900610114293,2.4325654900086797,5.840100000000012,2.467000000000001,102.38717328337837,48.6465110347945,32.67633082841316,0.4751230986732575,0.6717096485098665,13.248757053213003,43.779246675596234,33.97516471345883,5.840202702183594,2.4687912495640765,25.091811239459762,3706.910010947003
3802,380.20000000001795,43.80624862903933,34.00099078916569,9.80525783987366,3706.8990736799924,25.270641317346893,125.31767199999997,125.31767200000003,13.245371231622677,0.1,9.818120468882661,3715.122184732618,34.0,25.246642967603933,3712.281111223728,5.825900610114293,2.4325654900086797,5.840100000000012,2.467000000000001,102.38717328337837,48.6465110347945,32.67633082841316,0.4751230986732575,0.6717096485098665,13.255293171735568,43.81812046888266,34.00203188402471,5.8404652636153465,2.466341788386822,25.214006844402785,3706.8821716945845
3803,380.300000000018,43.80624862903933,34.00099078916569,9.80525783987366,3706.8990736799924,25.270641317346893,125.31767199999997,125.31767200000003,13.245371231622677,0.1,9.795392674173911,3715.122184732618,34.0,25.246642967603933,3712.281111223728,5.825900610114293,2.4325654900086797,5.840100000000012,2.467000000000001,102.38717328337837,48.6465110347945,32.67633082841316,0.4751230986732575,0.6717096485098665,13.227192252207956,43.79539267417391,33.982368560156296,5.839557356037483,2.467307311355124,25.417627510940704,3706.902607395011
3804,380.400000000018,43.80624862903933,34.00099078916569,9.80525783987366,3706.8990736799924,25.270641317346893,125.31767199999997,125.31767200000003,13.245371231622677,0.1,9.771705135369203,3715.122184732618,34.0,25.246642967603933,3712.281111223728,5.825900610114293,2.4325654900086797,5.840100000000012,2.467000000000001,102.38717328337837,48.6465110347945,32.67633082841316,0.4751230986732575,0.6717096485098665,13.228408109184748,43.7717051353692,34.015770661701566,5.840671333141852,2.4663119229084156,25.27259002681372,3706.870120132286
3805,380.500000000018,43.80624862903933,34.00099078916569,9.80525783987366,3706.8990736799924,25.270641317346893,125.31767199999997,125.31767200000003,13.245371231622677,0.1,9.871082026622851,3715.122184732618,34.0,25.246642967603933,3712.281111223728,5.828282255240913,2.4313327861384515,5.840100000000012,2.467000000000001,102.38717328337837,48.6465110347945,32.67633082841316,0.4751230986732575,0.6717096485098665,13.203129413691945,43.87108202662285,34.05422608533791,5.840890581625841,2.4660898400205427,25.370410168554915,3706.9121804113965
3806,380.60000000001804,43.80624862903933,34.00099078916569,9.80525783987366,3706.8990736799924,25.270641317346893,125.31767199999997,125.31767200000003,13.245371231622677,0.1,9.742489492269854,3715.122184732618,34.0,25.246642967603933,3712.281111223728,5.828282255240913,2.4313327861384515,5.840100000000012,2.467000000000001,102.38717328337837,48.6465110347945,32.67633082841316,0.4751230986732575,0.6717096485098665,13.30658697920843,43.742489492269854,34.00297208348485,5.839869967991594,2.4664002130988334,25.267800485295748,3706.7573304098023
3807,380.70000000001806,43.80624862903933,34.00099078916569,9.80525783987366,3706.8990736799924,25.270641317346893,125.31767199999997,125.31767200000003,13.245371231622677,0.1,9.854123244461036,3715.122184732618,34.0,25.265955337929313,3714.178070877776,5.828282255240913,2.4313327861384515,5.840100000000012,2.467000000000001,102.38717328337837,48.6465110347945,32.67633082841316,0.4751230986732575,0.6717096485098665,13.251323644355972,43.854123244461036,33.96678070150393,5.840441458021304,2.467893298019304,25.380385067003672,3706.879363764095
3808,380.8000000000181,43.80624862903933,34.00099078916569,9.80525783987366,3706.8990736799924,25.270641317346893,125.31767199999997,125.31767200000003,13.245371231622677,0.1,9.809358228335512,3715.122184732618,34.0,25.265955337929313,3714.178070877776,5.828282255240913,2.4313327861384515,5.840100000000012,2.467000000000001,102.38717328337837,48.6465110347945,32.67633082841316,0.4751230986732575,0.6717096485098665,13.261809691123231,43.80935822833551,33.99702425188359,5.838997329557612,2.466924055450686,25.12331594541619,3706.995524436367
3809,380.9000000000181,43.80624862903933,34.00099078916569,9.80525783987366,3706.8990736799924,25.270641317346893,125.31767199999997,125.31767200000003,13.245371231622677,0.1,9.841666474431257,3715.122184732618,34.0,25.265955337929313,3714.178070877776,5.828282255240913,2.4313327861384515,5.840100000000012,2.467000000000001,102.38717328337837,48.6465110347945,32.67633082841316,0.4751230986732575,0.6717096485098665,13.240351979806464,43.84166647443126,34.03385349435874,5.839614145739266,2.465492214557811,25.26737224755105,3706.836497993574
3810,381.00000000001813,43.80624862903933,34.00099078916569,9.80525783987366,3706.8990736799924,25.270641317346893,125.31767199999997,125.31767200000003,13.245371231622677,0.1,9.786664185186012,3715.122184732618,34.0,25.265955337929313,3714.178070877776,5.824721325537273,2.430123986006112,5.840100000000012,2.467000000000001,102.38717328337837,48.6465110347945,32.67633082841316,0.4751230986732575,0.6717096485098665,13.190756455008634,43.78666418518601,33.96744894865941,5.841410193030991,2.464863818737175,25.290996442371398,3706.997333948052
3811,381.10000000001816,43.80624862903933,34.00099078916569,9.80525783987366,3706.8990736799924,25.270641317346893,125.31767199999997,125.31767200000003,13.245371231622677,0.1,9.772115986061408,3715.122184732618,34.0,25.265955337929313,3714.178070877776,5.824721325537273,2.430123986006112,5.840100000000012,2.467000000000001,102.38717328337837,48.6465110347945,32.67633082841316,0.4751230986732575,0.6717096485098665,13.293478928069673,43.77211598606141,33.961311275493266,5.840111382084216,2.4666126569574383,25.27774466797102,3706.8715446100728
3812,381.2000000000182,43.80624862903933,34.00099078916569,9.80525783987366,3706.8990736799924,25.270641317346893,125.31767199999997,125.31767200000003,13.245371231622677,0.1,9.770913872056134,3715.122184732618,34.0,25.22895169831525,3713.9576614084385,5.824721325537273,2.430123986006112,5.840100000000012,2.467000000000001,102.38717328337837,48.6465110347945,32.67633082841316,0.4751230986732575,0.6717096485098665,13.263159302896115,43.770913872056134,34.003274971606736,5.840935323245338,2.4669868194926976,25.284250304065687,3706.7309769337826
3813,381.3000000000182,43.80624862903933,34.00099078916569,9.80525783987366,3706.8990736799924,25.270641317346893,125.31767199999997,125.31767200000003,13.245371231622677,0.1,9.7742072031917,3715.122184732618,34.0,25.22895169831525,3713.9576614084385,5.824721325537273,2.430123986006112,5.840100000000012,2.467000000000001,102.38717328337837,48.6465110347945,32.67633082841316,0.4751230986732575,0.6717096485098665,13.2545980317611,43.7742072031917,34.05938684180847,5.839617568138492,2.4680118391314334,25.43758940689818,3706.8741589701276
3814,381.4000000000182,43.80624862903933,34.00099078916569,9.80525783987366,3706.8990736799924,25.270641317346893,125.31767199999997,125.31767200000003,13.245371231622677,0.1,9.80544078014944,3715.122184732618,34.0,25.22895169831525,3713.9576614084385,5.824721325537273,2.430123986006112,5.840100000000012,2.467000000000001,102.38717328337837,48.6465110347945,32.67633082841316,0.4751230986732575,0.6717096485098665,13.165808717189286,43.80544078014944,33.967963000149645,5.839583842824919,2.4663628399056594,25.325555429130304,3706.6847284323057
3815,381.50000000001825,43.80624862903933,34.00099078916569,9.80525783987366,3706.8990736799924,25.270641317346893,125.31767199999997,125.31767200000003,13.245371231622677,0.1,9.824136923464671,3715.122184732618,34.0,25.22895169831525,3713.9576614084385,5.823726508313314,2.4288289730650945,5.840100000000012,2.467000000000001,102.38717328337837,48.6465110347945,32.67633082841316,0.4751230986732575,0.6717096485098665,13.219615556997987,43.82413692346467,33.97117614273467,5.841334735637822,2.4678074152586564,25.265967985290487,3706.841432378491
3816,381.60000000001827,43.80624862903933,34.00099078916569,9.80525783987366,3706.8990736799924,25.270641317346893,125.31767199999997,125.31767200000003,13.245371231622677,0.1,9.821670690107538,3715.122184732618,34.0,25.22895169831525,3713.9576614084385,5.823726508313314,2.4288289730650945,5.840100000000012,2.467000000000001,102.38717328337837,48.6465110347945,32.67633082841316,0.4751230986732575,0.6717096485098665,13.242418672988807,43.82167069010754,33.98431026039511,5.838471464121335,2.467981114753844,25.323392027092485,3706.955100060162
3817,381.7000000000183,43.80624862903933,34.00099078916569,9.80525783987366,3706.8990736799924,25.270641317346893,125.31767199999997,125.31767200000003,13.245371231622677,0.1,9.830539680213917,3715.122184732618,34.0,25.278036829139335,3717.1244510694683,5.823726508313314,2.4288289730650945,5.840100000000012,2.467000000000001,102.38717328337837,48.6465110347945,32.67633082841316,0.4751230986732575,0.6717096485098665,13.34720389974772,43.83053968021392,33.993142589038705,5.838651238127907,2.4654639706142962,25.30118396847355,3706.9411678344236
3818,381.8000000000183,43.80624862903933,34.00099078916569,9.80525783987366,3706.8990736799924,25.270641317346893,125.31767199999997,125.31767200000003,13.245371231622677,0.1,9.742532651201607,3715.122184732618,34.0,25.278036829139335,3717.1244510694683,5.823726508313314,2.4288289730650945,5.840100000000012,2.467000000000001,102.38717328337837,48.6465110347945,32.67633082841316,0.4751230986732575,0.6717096485098665,13.294714978866535,43.74253265120161,34.02805586295549,5.839823955665137,2.466037966284963,25.09555242178932,3706.833094592345
3819,381.90000000001834,43.80624862903933,34.00099078916569,9.80525783987366,3706.8990736799924,25.270641317346893,125.31767199999997,125.31767200000003,13.245371231622677,0.1,9.831304698977178,3715.122184732618,34.0,25.278036829139335,3717.1244510694683,5.823726508313314,2.4288289730650945,5.840100000000012,2.467000000000001,102.38717328337837,48.6465110347945,32.67633082841316,0.4751230986732575,0.6717096485098665,13.245397457789553,43.83130469897718,33.92626420294118,5.84141342881765,2.468552416157313,25.29769325562747,3706.910526408751
3820,382.00000000001836,43.80624862903933,34.00099078916569,9.80525783987366,3706.8990736799924,25.270641317346893,125.31767199999997,125.31767200000003,13.245371231622677,0.1,9.806876607751924,3715.122184732618,34.0,25.278036829139335,3717.1244510694683,5.8224376597916905,2.4276303327514586,5.840100000000012,2.467000000000001,102.38717328337837,48.6465110347945,32.67633082841316,0.4751230986732575,0.6717096485098665,13.272039761289841,43.806876607751924,33.998220805008366,5.83986461848652,2.4655199072031264,25.13770454603032,3706.948243766465
3821,382.1000000000184,43.80624862903933,34.00099078916569,9.80525783987366,3706.8990736799924,25.270641317346893,125.31767199999997,125.31767200000003,13.245371231622677,0.1,9.793052951232283,3715.122184732618,34.0,25.278036829139335,3717.1244510694683,5.8224376597916905,2.4276303327514586,5.840100000000012,2.467000000000001,102.38717328337837,48.6465110347945,32.67633082841316,0.4751230986732575,0.6717096485098665,13.249550328099946,43.79305295123228,33.97853591401793,5.839615268236337,2.467379567216412,25.207103780717635,3706.778272002461
3822,382.2000000000184,43.80624862903933,34.00099078916569,9.80525783987366,3706.8990736799924,25.270641317346893,125.31767199999997,125.31767200000003,13.245371231622677,0.1,9.78774432394426,3715.122184732618,34.0,25.20566605996655,3713.7187369515996,5.8224376597916905,2.4276303327514586,5.840100000000012,2.467000000000001,102.38717328337837,48.6465110347945,32.67633082841316,0.4751230986732575,0.6717096485098665,13.233511089428427,43.78774432394426,34.06478150507007,5.8402419021214875,2.4667379283783752,25.206032524268043,3706.897193163887
3823,382.30000000001843,43.80624862903933,34.00099078916569,9.80525783987366,3706.8990736799924,25.270641317346893,125.31767199999997,125.31767200000003,13.245371231622677,0.1,9.80524024532373,3715.122184732618,34.0,25.20566605996655,3713.7187369515996,5.8224376597916905,2.4276303327514586,5.840100000000012,2.467000000000001,102.38717328337837,48.6465110347945,32.67633082841316,0.4751230986732575,0.6717096485098665,13.241245193640776,43.80524024532373,34.01999856343294,5.839529880647611,2.466094740916774,25.27935459981849,3706.7653469468487
3824,382.40000000001845,43.80624862903933,34.00099078916569,9.80525783987366,3706.8990736799924,25.270641317346893,125.31767199999997,125.31767200000003,13.245371231622677,0.1,9.838872007220694,3715.122184732618,34.0,25.20566605996655,3713.7187369515996,5.8224376597916905,2.4276303327514586,5.840100000000012,2.467000000000001,102.38717328337837,48.6465110347945,32.67633082841316,0.4751230986732575,0.6717096485098665,13.199958426470715,43.838872007220694,33.97984530020092,5.841012031287158,2.4676560425920475,25.243832768779516,3706.923555732896
3825,382.5000000000185,43.80624862903933,34.00099078916569,9.80525783987366,3706.8990736799924,25.270641317346893,125.31767199999997,125.31767200000003,13.245371231622677,0.1,9.789921475972754,3715.122184732618,34.0,25.20566605996655,3713.7187369515996,5.821946279267146,2.426370618994007,5.840100000000012,2.467000000000001,102.38717328337837,48.6465110347945,32.67633082841316,0.4751230986732575,0.6717096485098665,13.262073815294043,43.789921475972754,33.969340085734196,5.840859495322503,2.465802303119523,25.231477968637734,3706.8853213545394
3826,382.6000000000185,43.80624862903933,34.00099078916569,9.80525783987366,3706.8990736799924,25.270641317346893,125.31767199999997,125.31767200000003,13.245371231622677,0.1,9.84834288504156,3715.122184732618,34.0,25.20566605996655,3713.7187369515996,5.821946279267146,2.426370618994007,5.840100000000012,2.467000000000001,102.38717328337837,48.6465110347945,32.67633082841316,0.4751230986732575,0.6717096485098665,13.266651570210445,43.84834288504156,33.9552535631235,5.841004206921583,2.466045437286311,25.329088396408043,3706.914509476716
3827,382.7000000000185,43.80624862903933,34.00099078916569,9.80525783987366,3706.8990736799924,25.270641317346893,125.31767199999997,125.31767200000003,13.245371231622677,0.1,9.785100627678872,3715.122184732618,34.0,25.220108536605103,3710.1896171709054,5.821946279267146,2.426370618994007,5.840100000000012,2.467000000000001,102.38717328337837,48.6465110347945,32.67633082841316,0.4751230986732575,0.6717096485098665,13.252483479774583,43.78510062767887,34.03450595424246,5.839004279822603,2.466565408307685,25.34747771557074,3706.848972527848
3828,382.80000000001854,43.80624862903933,34.00099078916569,9.80525783987366,3706.8990736799924,25.270641317346893,125.31767199999997,125.31767200000003,13.245371231622677,0.1,9.74816288579008,3715.122184732618,34.0,25.220108536605103,3710.1896171709054,5.821946279267146,2.426370618994007,5.840100000000012,2.467000000000001,102.38717328337837,48.6465110347945,32.67633082841316,0.4751230986732575,0.6717096485098665,13.149558566030901,43.74816288579008,34.00286387647094,5.841031997808137,2.467000609858154,25.310244179450386,3706.8157778559175
3829,382.90000000001857,43.80624862903933,34.00099078916569,9.80525783987366,3706.8990736799924,25.270641317346893,125.31767199999997,125.31767200000003,13.245371231622677,0.1,9.80255361376193,3715.122184732618,34.0,25.220108536605103,3710.1896171709054,5.821946279267146,2.426370618994007,5.840100000000012,2.467000000000001,102.38717328337837,48.6465110347945,32.67633082841316,0.4751230986732575,0.6717096485098665,13.273131507414002,43.80255361376193,34.04860507758017,5.840828096189419,2.4685705146094508,25.22536116577234,3706.8773894590063
3830,383.0000000000186,43.80624862903933,34.00099078916569,9.80525783987366,3706.8990736799924,25.270641317346893,125.31767199999997,125.31767200000003,13.245371231622677,0.1,9.781559109206235,3715.122184732618,34.0,25.220108536605103,3710.1896171709054,5.822252843927271,2.4250772501701636,5.840100000000012,2.467000000000001,102.38717328337837,48.6465110347945,32.67633082841316,0.4751230986732575,0.6717096485098665,13.349155265035192,43.781559109206235,33.96916521816063,5.840014728385583,2.467411518190235,25.20727629554346,3706.7177448873526
3831,383.1000000000186,43.80624862903933,34.00099078916569,9.80525783987366,3706.8990736799924,25.270641317346893,125.31767199999997,125.31767200000003,13.245371231622677,0.1,9.837400041533947,3715.122184732618,34.0,25.220108536605103,3710.1896171709054,5.822252843927271,2.4250772501701636,5.840100000000012,2.467000000000001,102.38717328337837,48.6465110347945,32.67633082841316,0.4751230986732575,0.6717096485098665,13.262387993294857,43.83740004153395,34.046536227655764,5.839518047440973,2.4662696963271724,25.25665771807099,3706.7067903534557
3832,383.20000000001863,43.80624862903933,34.00099078916569,9.80525783987366,3706.8990736799924,25.270641317346893,125.31767199999997,125.31767200000003,13.245371231622677,0.1,9.827666109982935,3715.122184732618,34.0,25.25881714213328,3710.648814432328,5.822252843927271,2.4250772501701636,5.840100000000012,2.467000000000001,102.38717328337837,48.6465110347945,32.67633082841316,0.4751230986732575,0.6717096485098665,13.256017399118592,43.827666109982935,33.97846190451937,5.840914348173771,2.4671576921430884,25.284472783978284,3706.877696827011
3833,383.30000000001866,43.80624862903933,34.00099078916569,9.80525783987366,3706.8990736799924,25.270641317346893,125.31767199999997,125.31767200000003,13.245371231622677,0.1,9.811086620979495,3715.122184732618,34.0,25.25881714213328,3710.648814432328,5.822252843927271,2.4250772501701636,5.840100000000012,2.467000000000001,102.38717328337837,48.6465110347945,32.67633082841316,0.4751230986732575,0.6717096485098665,13.329652256099184,43.811086620979495,34.0079171317207,5.839661952238014,2.4684454700625564,25.16971783050818,3706.866634518162
3834,383.4000000000187,43.80624862903933,34.00099078916569,9.80525783987366,3706.8990736799924,25.270641317346893,125.31767199999997,125.31767200000003,13.245371231622677,0.1,9.767771116930327,3715.122184732618,34.0,25.25881714213328,3710.648814432328,5.822252843927271,2.4250772501701636,5.840100000000012,2.467000000000001,102.38717328337837,48.6465110347945,32.67633082841316,0.4751230986732575,0.6717096485098665,13.241357424650714,43.76777111693033,33.97820632210061,5.838363477497447,2.4667177168366745,25.465377755779492,3706.77996061603
3835,383.5000000000187,43.80624862903933,34.00099078916569,9.80525783987366,3706.8990736799924,25.270641317346893,125.31767199999997,125.31767200000003,13.245371231622677,0.1,9.784305933017173,3715.122184732618,34.0,25.25881714213328,3710.648814432328,5.824639795221006,2.423876035299128,5.840100000000012,2.467000000000001,102.38717328337837,48.6465110347945,32.67633082841316,0.4751230986732575,0.6717096485098665,13.1652590243042,43.78430593301717,34.01880433764433,5.8410033205290235,2.467357899534203,25.272994860105232,3706.8651631382527
3836,383.6000000000187,43.80624862903933,34.00099078916569,9.80525783987366,3706.8990736799924,25.270641317346893,125.31767199999997,125.31767200000003,13.245371231622677,0.1,9.77397839048134,3715.122184732618,34.0,25.25881714213328,3710.648814432328,5.824639795221006,2.423876035299128,5.840100000000012,2.467000000000001,102.38717328337837,48.6465110347945,32.67633082841316,0.4751230986732575,0.6717096485098665,13.218241184125842,43.77397839048134,33.98413940463754,5.839803505728863,2.4679157879093796,25.388958403383256,3706.8481655505634
3837,383.70000000001875,43.80624862903933,34.00099078916569,9.80525783987366,3706.8990736799924,25.270641317346893,125.31767199999997,125.31767200000003,13.245371231622677,0.1,9.820748198181981,3715.122184732618,34.0,25.262316534538495,3714.596217303194,5.824639795221006,2.423876035299128,5.840100000000012,2.467000000000001,102.38717328337837,48.6465110347945,32.67633082841316,0.4751230986732575,0.6717096485098665,13.315557870342815,43.82074819818198,34.010246644432094,5.841584238309289,2.467592881211985,25.36123032753559,3707.04801101086
3838,383.80000000001877,43.80624862903933,34.00099078916569,9.80525783987366,3706.8990736799924,25.270641317346893,125.31767199999997,125.31767200000003,13.245371231622677,0.1,9.843656922703083,3715.122184732618,34.0,25.262316534538495,3714.596217303194,5.824639795221006,2.423876035299128,5.840100000000012,2.467000000000001,102.38717328337837,48.6465110347945,32.67633082841316,0.4751230986732575,0.6717096485098665,13.175994181496417,43.84365692270308,34.03732032486326,5.8397857732729745,2.4661809526463454,25.364397480905712,3707.021138972425
3839,383.9000000000188,43.80624862903933,34.00099078916569,9.80525783987366,3706.8990736799924,25.270641317346893,125.31767199999997,125.31767200000003,13.245371231622677,0.1,9.783336053373368,3715.122184732618,34.0,25.262316534538495,3714.596217303194,5.824639795221006,2.423876035299128,5.840100000000012,2.467000000000001,102.38717328337837,48.6465110347945,32.67633082841316,0.4751230986732575,0.6717096485098665,13.265109608076319,43.78333605337337,34.05088481091416,5.841149006111045,2.4674000165959984,25.467435578172545,3707.190309680395
3840,384.0000000000188,43.80624862903933,34.00099078916569,9.80525783987366,3706.8990736799924,25.270641317346893,125.31767199999997,125.31767200000003,13.245371231622677,0.1,9.80095066705534,3715.122184732618,34.0,25.262316534538495,3714.596217303194,5.8231840211191965,2.422677468573089,5.840100000000012,2.467000000000001,102.38717328337837,48.6465110347945,32.67633082841316,0.4751230986732575,0.6717096485098665,13.207797225712373,43.80095066705534,33.94384367470181,5.840075664656702,2.468285485937965,25.304383014563037,3706.927518693643
3841,384.10000000001884,43.80624862903933,34.00099078916569,9.80525783987366,3706.8990736799924,25.270641317346893,125.31767199999997,125.31767200000003,13.245371231622677,0.1,9.830768133165023,3715.122184732618,34.0,25.262316534538495,3714.596217303194,5.8231840211191965,2.422677468573089,5.840100000000012,2.467000000000001,102.38717328337837,48.6465110347945,32.67633082841316,0.4751230986732575,0.6717096485098665,13.098088756527321,43.83076813316502,34.00776145733723,5.839449347946248,2.4674885696872866,25.26078207857658,3706.7914260009434
3842,384.20000000001886,43.80624862903933,34.00099078916569,9.80525783987366,3706.8990736799924,25.270641317346893,125.31767199999997,125.31767200000003,13.245371231622677,0.1,9.830711352219495,3715.122184732618,34.0,25.255214797532485,3716.079825834466,5.8231840211191965,2.422677468573089,5.840100000000012,2.467000000000001,102.38717328337837,48.6465110347945,32.67633082841316,0.4751230986732575,0.6717096485098665,13.271096793781277,43.830711352219495,33.98727372518763,5.840314946893757,2.468773691544691,25.205939447026317,3706.795376074936
3843,384.3000000000189,43.80624862903933,34.00099078916569,9.80525783987366,3706.8990736799924,25.270641317346893,125.31767199999997,125.31767200000003,13.245371231622677,0.1,9.81913751298454,3715.122184732618,34.0,25.255214797532485,3716.079825834466,5.8231840211191965,2.422677468573089,5.840100000000012,2.467000000000001,102.38717328337837,48.6465110347945,32.67633082841316,0.4751230986732575,0.6717096485098665,13.263635703726868,43.81913751298454,34.01760372206156,5.839805609172242,2.466178361522688,25.325731238651198,3706.9600650396137
3844,384.4000000000189,43.80624862903933,34.00099078916569,9.80525783987366,3706.8990736799924,25.270641317346893,125.31767199999997,125.31767200000003,13.245371231622677,0.1,9.806425474413729,3715.122184732618,34.0,25.255214797532485,3716.079825834466,5.8231840211191965,2.422677468573089,5.840100000000012,2.467000000000001,102.38717328337837,48.6465110347945,32.67633082841316,0.4751230986732575,0.6717096485098665,13.296076464341498,43.80642547441373,33.99855168078726,5.8391298121849164,2.468188555851541,25.51064679467804,3706.988793991771
3845,384.50000000001893,43.80624862903933,34.00099078916569,9.80525783987366,3706.8990736799924,25.270641317346893,125.31767199999997,125.31767200000003,13.245371231622677,0.1,9.805531498156192,3715.122184732618,34.0,25.255214797532485,3716.079825834466,5.82729125460874,2.421457771396348,5.840100000000012,2.467000000000001,102.38717328337837,48.6465110347945,32.67633082841316,0.4751230986732575,0.6717096485098665,13.171281568183591,43.80553149815619,34.03478043615646,5.841792566468779,2.466784293709284,25.336427530564844,3706.972170630382
3846,384.60000000001895,43.80624862903933,34.00099078916569,9.80525783987366,3706.8990736799924,25.270641317346893,125.31767199999997,125.31767200000003,13.245371231622677,0.1,9.840513357447222,3715.122184732618,34.0,25.255214797532485,3716.079825834466,5.82729125460874,2.421457771396348,5.840100000000012,2.467000000000001,102.38717328337837,48.6465110347945,32.67633082841316,0.4751230986732575,0.6717096485098665,13.136139737290112,43.84051335744722,34.02427504760193,5.84091958517604,2.465615773728979,25.268587099660888,3707.016187635604
3847,384.700000000019,43.80624862903933,34.00099078916569,9.80525783987366,3706.8990736799924,25.270641317346893,125.31767199999997,125.31767200000003,13.245371231622677,0.1,9.767651938955154,3715.122184732618,34.0,25.20847259360837,3712.2597251934353,5.82729125460874,2.421457771396348,5.840100000000012,2.467000000000001,102.38717328337837,48.6465110347945,32.67633082841316,0.4751230986732575,0.6717096485098665,13.203910106478462,43.767651938955154,34.00241516899204,5.838436787853529,2.467140087423023,25.345784094695496,3706.803190870868
3848,384.800000000019,43.80624862903933,34.00099078916569,9.80525783987366,3706.8990736799924,25.270641317346893,125.31767199999997,125.31767200000003,13.245371231622677,0.1,9.871957148184158,3715.122184732618,34.0,25.20847259360837,3712.2597251934353,5.82729125460874,2.421457771396348,5.840100000000012,2.467000000000001,102.38717328337837,48.6465110347945,32.67633082841316,0.4751230986732575,0.6717096485098665,13.2003596258597,43.87195714818416,34.043276996142765,5.839048246017002,2.4693171775651743,25.31242639783569,3706.966705757478
3849,384.900000000019,43.80624862903933,34.00099078916569,9.80525783987366,3706.8990736799924,25.270641317346893,125.31767199999997,125.31767200000003,13.245371231622677,0.1,9.793660087836635,3715.122184732618,34.0,25.20847259360837,3712.2597251934353,5.82729125460874,2.421457771396348,5.840100000000012,2.467000000000001,102.38717328337837,48.6465110347945,32.67633082841316,0.4751230986732575,0.6717096485098665,13.274795908094537,43.793660087836635,34.02549670961567,5.839264908009548,2.4658582111578666,25.0710373983488,3706.7790195226694
3850,385.00000000001904,43.80624862903933,34.00099078916569,9.80525783987366,3706.8990736799924,25.270641317346893,125.31767199999997,125.31767200000003,13.245371231622677,0.1,9.80433908155473,3715.122184732618,34.0,25.20847259360837,3712.2597251934353,5.829749430030561,2.420229908321304,5.840100000000012,2.467000000000001,102.38717328337837,48.6465110347945,32.67633082841316,0.4751230986732575,0.6717096485098665,13.246687175870903,43.80433908155473,34.01062784726572,5.840717718534324,2.4643708360140852,25.234977547822773,3706.98534154656
3851,385.10000000001907,43.80624862903933,34.00099078916569,9.80525783987366,3706.8990736799924,25.270641317346893,125.31767199999997,125.31767200000003,13.245371231622677,0.1,9.807808242922917,3715.122184732618,34.0,25.20847259360837,3712.2597251934353,5.829749430030561,2.420229908321304,5.840100000000012,2.467000000000001,102.38717328337837,48.6465110347945,32.67633082841316,0.4751230986732575,0.6717096485098665,13.127814700467688,43.80780824292292,34.01537585962569,5.840962846944452,2.4663017712054947,25.21291112215503,3707.0507213551477
3852,385.2000000000191,43.80624862903933,34.00099078916569,9.80525783987366,3706.8990736799924,25.270641317346893,125.31767199999997,125.31767200000003,13.245371231622677,0.1,9.834703363988638,3715.122184732618,34.0,25.218758141356822,3706.8735888190686,5.829749430030561,2.420229908321304,5.840100000000012,2.467000000000001,102.38717328337837,48.6465110347945,32.67633082841316,0.4751230986732575,0.6717096485098665,13.149624086960053,43.83470336398864,33.999796693090005,5.839753015126193,2.46524908960688,25.312544706753773,3706.8378320717925
3853,385.3000000000191,43.80624862903933,34.00099078916569,9.80525783987366,3706.8990736799924,25.270641317346893,125.31767199999997,125.31767200000003,13.245371231622677,0.1,9.764128648624926,3715.122184732618,34.0,25.218758141356822,3706.8735888190686,5.829749430030561,2.420229908321304,5.840100000000012,2.467000000000001,102.38717328337837,48.6465110347945,32.67633082841316,0.4751230986732575,0.6717096485098665,13.171725102297888,43.764128648624926,33.983295867547405,5.841801129125391,2.4681464431022717,25.41577932432066,3706.72328309977
3854,385.40000000001913,43.80624862903933,34.00099078916569,9.80525783987366,3706.8990736799924,25.270641317346893,125.31767199999997,125.31767200000003,13.245371231622677,0.1,9.814439955537075,3715.122184732618,34.0,25.218758141356822,3706.8735888190686,5.829749430030561,2.420229908321304,5.840100000000012,2.467000000000001,102.38717328337837,48.6465110347945,32.67633082841316,0.4751230986732575,0.6717096485098665,13.23877667340347,43.814439955537075,33.9957165180544,5.840468778663971,2.4680881580907648,25.22700128120915,3706.9392098130843
3855,385.50000000001916,43.80624862903933,34.00099078916569,9.80525783987366,3706.8990736799924,25.270641317346893,125.31767199999997,125.31767200000003,13.245371231622677,0.1,9.79223624478577,3715.122184732618,34.0,25.218758141356822,3706.8735888190686,5.829553355808782,2.418984712977728,5.840100000000012,2.467000000000001,102.38717328337837,48.6465110347945,32.67633082841316,0.4751230986732575,0.6717096485098665,13.290765436656255,43.79223624478577,34.00495355077781,5.840177389737919,2.467753819934142,25.29491287840045,3706.946071030579
3856,385.6000000000192,43.80624862903933,34.00099078916569,9.80525783987366,3706.8990736799924,25.270641317346893,125.31767199999997,125.31767200000003,13.245371231622677,0.1,9.832380381412491,3715.122184732618,34.0,25.218758141356822,3706.8735888190686,5.829553355808782,2.418984712977728,5.840100000000012,2.467000000000001,102.38717328337837,48.6465110347945,32.67633082841316,0.4751230986732575,0.6717096485098665,13.274614055915016,43.83238038141249,34.05779621264707,5.839810929767357,2.467208955305348,25.356296292951544,3707.0207057485954
3857,385.7000000000192,43.80624862903933,34.00099078916569,9.80525783987366,3706.8990736799924,25.270641317346893,125.31767199999997,125.31767200000003,13.245371231622677,0.1,9.823314752174255,3715.122184732618,34.0,25.271221993060127,3710.44689921325,5.829553355808782,2.418984712977728,5.840100000000012,2.467000000000001,102.38717328337837,48.6465110347945,32.67633082841316,0.4751230986732575,0.6717096485098665,13.328854227226994,43.823314752174255,34.01300664952393,5.839103098741834,2.4661111106406746,25.244433170960825,3706.9269907101334
3858,385.8000000000192,43.80624862903933,34.00099078916569,9.80525783987366,3706.8990736799924,25.270641317346893,125.31767199999997,125.31767200000003,13.245371231622677,0.1,9.834860364766186,3715.122184732618,34.0,25.271221993060127,3710.44689921325,5.829553355808782,2.418984712977728,5.840100000000012,2.467000000000001,102.38717328337837,48.6465110347945,32.67633082841316,0.4751230986732575,0.6717096485098665,13.307897703908965,43.834860364766186,34.01714355200548,5.842441046554961,2.4665776186730493,25.455072591512188,3706.992658024282
3859,385.90000000001925,43.80624862903933,34.00099078916569,9.80525783987366,3706.8990736799924,25.270641317346893,125.31767199999997,125.31767200000003,13.245371231622677,0.1,9.836021908486892,3715.122184732618,34.0,25.271221993060127,3710.44689921325,5.829553355808782,2.418984712977728,5.840100000000012,2.467000000000001,102.38717328337837,48.6465110347945,32.67633082841316,0.4751230986732575,0.6717096485098665,13.353706548352013,43.83602190848689,34.00596110661337,5.841546755771736,2.4671804734690457,25.4230666203944,3706.7800220080185
3860,386.00000000001927,43.80624862903933,34.00099078916569,9.80525783987366,3706.8990736799924,25.270641317346893,125.31767199999997,125.31767200000003,13.245371231622677,0.1,9.820424941613268,3715.122184732618,34.0,25.271221993060127,3710.44689921325,5.832385284972014,2.41769659987604,5.840100000000012,2.467000000000001,102.38717328337837,48.6465110347945,32.67633082841316,0.4751230986732575,0.6717096485098665,13.196453504946144,43.82042494161327,34.00272183438118,5.840121528152569,2.4661421063396562,25.264644483376372,3706.764923098931
3861,386.1000000000193,43.80624862903933,34.00099078916569,9.80525783987366,3706.8990736799924,25.270641317346893,125.31767199999997,125.31767200000003,13.245371231622677,0.1,9.804903385433661,3715.122184732618,34.0,25.271221993060127,3710.44689921325,5.832385284972014,2.41769659987604,5.840100000000012,2.467000000000001,102.38717328337837,48.6465110347945,32.67633082841316,0.4751230986732575,0.6717096485098665,13.237771944123457,43.80490338543366,34.02782235408693,5.840514943927196,2.467443547702648,25.090418302327024,3706.7676287056465
3862,386.2000000000193,43.80624862903933,34.00099078916569,9.80525783987366,3706.8990736799924,25.270641317346893,125.31767199999997,125.31767200000003,13.245371231622677,0.1,9.77853251646063,3715.122184732618,34.0,25.244564501975944,3713.70337560151,5.832385284972014,2.41769659987604,5.840100000000012,2.467000000000001,102.38717328337837,48.6465110347945,32.67633082841316,0.4751230986732575,0.6717096485098665,13.311744928750914,43.77853251646063,34.018530105488225,5.837648494160399,2.4671242503551745,25.336966368361526,3706.8308605895936
3863,386.30000000001934,43.80624862903933,34.00099078916569,9.80525783987366,3706.8990736799924,25.270641317346893,125.31767199999997,125.31767200000003,13.245371231622677,0.1,9.85312739051357,3715.122184732618,34.0,25.244564501975944,3713.70337560151,5.832385284972014,2.41769659987604,5.840100000000012,2.467000000000001,102.38717328337837,48.6465110347945,32.67633082841316,0.4751230986732575,0.6717096485098665,13.259832641700354,43.85312739051357,33.96900859701473,5.840906180841895,2.4692487414017523,25.125457555566282,3706.96049877711
3864,386.40000000001936,43.80624862903933,34.00099078916569,9.80525783987366,3706.8990736799924,25.270641317346893,125.31767199999997,125.31767200000003,13.245371231622677,0.1,9.736676085613894,3715.122184732618,34.0,25.244564501975944,3713.70337560151,5.832385284972014,2.41769659987604,5.840100000000012,2.467000000000001,102.38717328337837,48.6465110347945,32.67633082841316,0.4751230986732575,0.6717096485098665,13.26138804355412,43.736676085613894,33.99303121562293,5.83984454172188,2.466605953233409,25.317045663669383,3706.7494369493656
3865,386.5000000000194,43.80624862903933,34.00099078916569,9.80525783987366,3706.8990736799924,25.270641317346893,125.31767199999997,125.31767200000003,13.245371231622677,0.1,9.85275150354282,3715.122184732618,34.0,25.244564501975944,3713.70337560151,5.83164273534416,2.4164558424943645,5.840100000000012,2.467000000000001,102.38717328337837,48.6465110347945,32.67633082841316,0.4751230986732575,0.6717096485098665,13.125357626738623,43.85275150354282,33.984788953953284,5.8400197215806005,2.4674420150912257,25.207698585551466,3706.7811954765
3866,386.6000000000194,43.80624862903933,34.00099078916569,9.80525783987366,3706.8990736799924,25.270641317346893,125.31767199999997,125.31767200000003,13.245371231622677,0.1,9.751274739806924,3715.122184732618,34.0,25.244564501975944,3713.70337560151,5.83164273534416,2.4164558424943645,5.840100000000012,2.447000000000001,102.38717328337837,48.6465110347945,32.4114234037807,0.4751230986732575,0.6662640899487813,13.15286049778539,43.751274739806924,34.00855407635625,5.840209438866384,2.4466444639663156,25.25566727677361,3706.827173050089
3867,386.70000000001943,43.80624862903933,34.00099078916569,9.80525783987366,3706.8990736799924,25.270641317346893,125.31767199999997,124.38535200000003,13.269343923775569,0.1,9.863722922137356,3715.122184732618,34.0,25.260916750287773,3718.1789576776996,5.83164273534416,2.4164558424943645,5.840100000000012,2.447000000000001,102.38717328337837,48.6465110347945,32.47008458147883,0.4751230986732575,0.6674699560314725,13.318951876929875,43.863722922137356,34.01096125790029,5.839113336526714,2.4465069083251887,25.392674876458628,3706.902686005125
3868,386.80000000001945,43.80624862903933,34.00099078916569,9.80525783987366,3709.4218091695457,25.270641317346893,125.31767199999997,124.38535200000003,13.269343923775569,0.1,9.778077471371795,3715.122184732618,34.0,25.260916750287773,3718.1789576776996,5.83164273534416,2.4164558424943645,5.840100000000012,2.447000000000001,102.38717328337837,48.67961748775994,32.47008458147883,0.47544644438057393,0.6670160173227151,13.160393174634228,43.778077471371795,34.02431462378297,5.83887696095531,2.445033042067443,25.186295628622673,3709.4619710720376
3869,386.9000000000195,43.80624862903933,34.00099078916569,9.808134820489126,3711.944544659099,25.270641317346893,125.21666398006867,124.38535200000003,13.281277809096238,0.1,9.823346440583897,3715.122184732618,34.0,25.260916750287773,3718.1789576776996,5.83164273534416,2.4164558424943645,5.840100000000012,2.447000000000001,102.41879855270984,48.67346071701411,32.499286798858506,0.47523952052575885,0.6677003508710483,13.281606616846402,43.8233464405839,33.99450643364147,5.839633241815205,2.445893275589779,25.316875258612765,3711.8894741884124
3870,387.0000000000195,43.80624862903933,34.00099078916569,9.811015625784602,3714.1939657108946,25.27042417103191,125.11567291147527,124.38535200000003,13.293211694416904,0.1,9.84086957000531,3715.122184732618,34.0,25.260916750287773,3718.1789576776996,5.832369613099768,2.4178943016682624,5.840100000000012,2.447000000000001,102.44958552551928,48.66367618297807,32.528489016238176,0.4750012011601197,0.6684346840943394,13.360071114057348,43.84086957000531,33.98534091039629,5.841492381122974,2.4480582892808647,25.14846722794202,3714.208201203851
3871,387.1000000000195,43.806925604390926,34.00040660023559,9.81335940575763,3716.170118193027,25.26998958972597,125.0222663774322,124.38535200000003,13.303852656571355,0.1,9.795881714753442,3715.122184732618,34.0,25.260916750287773,3718.1789576776996,5.832369613099768,2.4178943016682624,5.840100000000012,2.447000000000001,102.47358706210844,48.65321814326083,32.55452745063012,0.4747878896224497,0.6691135487640788,13.324711482137483,43.79588171475344,34.006022803570495,5.840874351761688,2.4481221532602526,25.314303113904014,3716.2125159235197
3872,387.20000000001954,43.80828045507032,33.99923746082644,9.815165595804206,3717.8935248600033,25.269473295666508,124.93645445562517,124.38535200000003,13.313200912540154,0.1,9.796278617104392,3715.122184732618,34.0,25.254886486361503,3722.7098268778946,5.832369613099768,2.4178943016682624,5.840100000000012,2.447000000000001,102.49134707649648,48.642371754733574,32.577402632985766,0.47459978956495086,0.669733022009058,13.350626783328938,43.79627861710439,33.96858122569213,5.840822090070513,2.4455937707669313,25.360741682850996,3717.9395977780705
3873,387.30000000001957,43.809890053430095,33.99784851848864,9.81659982801867,3719.384735735224,25.269011179112855,124.8595334760823,124.38535200000003,13.321353545905698,0.1,9.859803845043729,3715.122184732618,34.0,25.254886486361503,3722.7098268778946,5.832369613099768,2.4178943016682624,5.840100000000012,2.447000000000001,102.50523757216192,48.63192154863032,32.597352126831254,0.4744335284759892,0.6702871506780783,13.346385323967041,43.85980384504373,34.0291860690008,5.841203047194226,2.4458328467778574,25.30879991360816,3719.5294130702837
3874,387.4000000000196,43.81133074799777,33.996605349390045,9.81782721567997,3720.6678085409144,25.268667132114757,124.79277691163371,124.38535200000003,13.328407769246791,0.1,9.82074259478145,3715.122184732618,34.0,25.254886486361503,3722.7098268778946,5.832369613099768,2.4178943016682624,5.840100000000012,2.447000000000001,102.51733295558046,48.622687870785256,32.61461381134691,0.4742874835795122,0.6707694543341622,13.388930110752378,43.82074259478145,34.03097675792918,5.840231256377983,2.447251444417697,25.36090965571094,3720.5830466514135
3875,387.5000000000196,43.812403348919034,33.99567982146741,9.81894107263673,3721.7702468495495,25.26843301578343,124.73618980300677,124.38535200000003,13.33447738842985,0.1,9.811986820728258,3715.122184732618,34.0,25.254886486361503,3722.7098268778946,5.833710707770205,2.4207862959597093,5.840100000000012,2.447000000000001,102.52862614967874,48.61504040915316,32.629466169487856,0.4741606538078584,0.6711804802561562,13.297863921790608,43.81198682072826,33.99763860494245,5.839384131690907,2.4462549028887945,25.2508265287318,3721.802561090291
3876,387.60000000001963,43.81313322999358,33.99505002750292,9.819963515976312,3722.7195678731487,25.268265641779355,124.68853064947594,124.38535200000003,13.339692510032112,0.1,9.820815166076983,3715.122184732618,34.0,25.254886486361503,3722.7098268778946,5.833710707770205,2.4207862959597093,5.840100000000012,2.447000000000001,102.5391851897914,48.60886121307751,32.64222757204859,0.4740515650003128,0.6715283336707067,13.271933547958069,43.82081516607698,34.01112005502211,5.8380224098357,2.446884752729642,25.329308374560178,3722.653688067717
3877,387.70000000001966,43.81365503518869,33.99459977997194,9.82088046289125,3723.5399294858007,25.2681237210649,124.64802639951404,124.38535200000003,13.344183305153141,0.1,9.764441269725786,3715.122184732618,34.0,25.254036401212907,3726.958543238767,5.833710707770205,2.4207862959597093,5.840100000000012,2.447000000000001,102.54868782624814,48.60377921489324,32.65321654770975,0.47395808025593006,0.6718246415230218,13.395894803676173,43.764441269725786,33.96384299219945,5.840450933083249,2.4468954237389906,25.37042290464716,3723.4381877625215
3878,387.8000000000197,43.81409748720807,33.99421800586936,9.821676260459085,3724.250691916995,25.26798595958035,124.6130735799831,124.38535200000003,13.348064053431113,0.1,9.887402536301636,3715.122184732618,34.0,25.254036401212907,3726.958543238767,5.833710707770205,2.4207862959597093,5.840100000000012,2.447000000000001,102.55687563426983,48.59942518445597,32.662712738745945,0.4738777861931692,0.6720802275906914,13.39726429383826,43.887402536301636,33.987422427559615,5.839916649025835,2.4474056195754446,25.195016530555428,3724.1769679536114
3879,387.9000000000197,43.81452697241231,33.99384742236245,9.822350761878086,3724.8668766084747,25.267850343802223,124.5825699463213,124.38535200000003,13.351426339084618,0.1,9.818012851260484,3715.122184732618,34.0,25.254036401212907,3726.958543238767,5.833710707770205,2.4207862959597093,5.840100000000012,2.447000000000001,102.56373885339833,48.59556759076068,32.67094025174007,0.473808464219716,0.6723028842233688,13.355553076431617,43.818012851260484,33.9568406100882,5.841383938280427,2.4475974107273837,25.30830631855895,3724.973008194188
3880,388.0000000000197,43.814949768162194,33.99348261285893,9.822919002802411,3725.4005224729435,25.267724205486203,124.55588285462704,124.38535200000003,13.354341221550467,0.1,9.792924169752013,3715.122184732618,34.0,25.254036401212907,3726.958543238767,5.831222463306874,2.4232238061538274,5.840100000000012,2.447000000000001,102.56947252945702,48.592118422356315,32.67807296913401,0.4737483504987422,0.6724973932006933,13.37767955940499,43.79292416975201,33.997735518981024,5.842492594645337,2.4481649445998417,25.311143160901903,3725.4222747629005
3881,388.10000000001975,43.815343016976215,33.993143299699845,9.823402354116226,3725.8619565717845,25.26761462416589,124.53264189553805,124.38535200000003,13.356865651311253,0.1,9.804638406857883,3715.122184732618,34.0,25.254036401212907,3726.958543238767,5.831222463306874,2.4232238061538274,5.840100000000012,2.447000000000001,102.57434031814708,48.58906916386387,32.68425024875865,0.47369614089799483,0.6726667295998793,13.368687369223702,43.80463840685788,34.076892619476745,5.840610845018703,2.4462987818828874,25.545087175755715,3725.9892242263472
3882,388.20000000001977,43.81568464770042,33.99284852637712,9.823819972293023,3726.2605036872883,25.267523852557407,124.51254116701617,124.38535200000003,13.359048480879164,0.1,9.81752311657933,3715.122184732618,34.0,25.261932029831232,3731.681085284605,5.831222463306874,2.4232238061538274,5.840100000000012,2.447000000000001,102.57856193934006,48.586423060528645,32.68959163271133,0.47365085006027163,0.6728132999621489,13.408731107617534,43.81752311657933,33.974028880396595,5.841015088449999,2.444953729723364,25.146334369605164,3726.268343596714
3883,388.3000000000198,43.815967637267036,33.99260435207364,9.824184857129058,3726.6046608710003,25.267449594284194,124.49524127819747,124.38535200000003,13.36093382145133,0.1,9.819697190531407,3715.122184732618,34.0,25.261932029831232,3731.681085284605,5.831222463306874,2.4232238061538274,5.840100000000012,2.447000000000001,102.58227097060482,48.584159232970116,32.69420506109142,0.473611656022823,0.6729396078321865,13.32856545945419,43.81969719053141,33.99572123098679,5.840404925739685,2.447632775711087,25.167155726153496,3726.494323715685
3884,388.4000000000198,43.816199144859596,33.99240459905363,9.824504346188267,3726.9020068273567,25.267387584370965,124.4803668451037,124.38535200000003,13.362561868616684,0.1,9.853025245995084,3715.122184732618,34.0,25.261932029831232,3731.681085284605,5.831222463306874,2.4232238061538274,5.840100000000012,2.447000000000001,102.58553075707827,48.58223056756718,32.69818889250504,0.4735778058468062,0.6730483246756046,13.37472946509172,43.853025245995084,33.99627848574697,5.840877642639681,2.447307475507926,25.246470559767673,3726.8464898093175
3885,388.50000000001984,43.816392466965084,33.9922377942856,9.824782693203485,3727.159104521043,25.267334010656718,124.46754951101744,124.38535200000003,13.363968473692172,0.1,9.797682663527809,3715.122184732618,34.0,25.261932029831232,3731.681085284605,5.833378689753984,2.4254229176073387,5.840100000000012,2.447000000000001,102.58837258284905,48.58057928068433,32.701630855124755,0.47354859091317864,0.6731420526335087,13.35841671357756,43.79768266352781,34.013344258638796,5.8419121522727115,2.447349971214201,25.284155866309998,3727.049000460098
3886,388.60000000001986,43.816559488376626,33.99209368296415,9.825023468292283,3727.381520191839,25.2672866094536,124.45646865762984,124.38535200000003,13.365184683003598,0.1,9.819775117368941,3715.122184732618,34.0,25.261932029831232,3731.681085284605,5.833378689753984,2.4254229176073387,5.840100000000012,2.447000000000001,102.59082650216503,48.57915309871474,32.70460691930982,0.4735233622246873,0.6732230768381815,13.404965457594638,43.81977511736894,34.026858008498834,5.840086511682777,2.447984823616579,25.128678175743083,3727.247098801799
3887,388.7000000000199,43.81670726636746,33.99196617572545,9.825230713020087,3727.5739525284844,25.267244518645374,124.44686722516913,124.38535200000003,13.36623682783598,0.1,9.767253884856252,3715.122184732618,34.0,25.23250428677039,3732.1591595926216,5.833378689753984,2.4254229176073387,5.840100000000012,2.447000000000001,102.59293343984955,48.57791315393415,32.70718151771466,0.4735015514729919,0.6732932601298008,13.367926012932674,43.76725388485625,33.96537904982541,5.840724789710707,2.4473935963902758,25.326640669187412,3727.538129521216
3888,388.8000000000199,43.816838488671195,33.99185295342573,9.825408932293765,3727.740404649732,25.26720756334072,124.43854423450007,124.38535200000003,13.367147135494879,0.1,9.809703857616618,3715.122184732618,34.0,25.23250428677039,3732.1591595926216,5.833378689753984,2.4254229176073387,5.840100000000012,2.447000000000001,102.59474220260745,48.57683333580637,32.70940904055598,0.47348267847757003,0.673354082478769,13.403238897838724,43.80970385761662,33.98752843660725,5.83975116169936,2.4442083991177626,25.076238820477318,3727.825079874547
3889,388.90000000001993,43.816953700528984,33.9917535455452,9.825562547776755,3727.8843358511886,25.267175606535616,124.43133700161093,124.38535200000003,13.367934542868571,0.1,9.820499346478897,3715.122184732618,34.0,25.23250428677039,3732.1591595926216,5.833378689753984,2.4254229176073387,5.840100000000012,2.447000000000001,102.59630083529566,48.57589534615209,32.711335826399406,0.47346634284733174,0.6734067502677666,13.436194503035367,43.8204993464789,34.02919008729369,5.842234134967284,2.4465388052925854,25.314321243462725,3727.947558219427
3890,389.00000000001995,43.817053329064564,33.9916675834902,9.825695396896013,3728.0087652268867,25.267148254158215,124.42510517949839,124.38535200000003,13.368615414271602,0.1,9.84438156149907,3715.122184732618,34.0,25.23250428677039,3732.1591595926216,5.836435184127342,2.4276049683446996,5.840100000000012,2.447000000000001,102.59764991697295,48.57508383361813,32.713001918722625,0.47345220746213457,0.6734522997587175,13.376543471204185,43.84438156149907,34.05313591109609,5.841705812521295,2.4466555505498504,25.334083225500084,3728.025280584161
3891,389.10000000002,43.81713860283635,33.991594007179806,9.825810545194056,3728.116332110299,25.267124882557077,124.41972212692473,124.38535200000003,13.369204031630122,0.1,9.787811427767487,3715.122184732618,34.0,25.23250428677039,3732.1591595926216,5.836435184127342,2.4276049683446996,5.840100000000012,2.447000000000001,102.59882061015286,48.57438382128041,32.71444226539892,0.4734399823741604,0.6734916573674938,13.464746745418434,43.78781142776749,33.979788071157245,5.840993865149766,2.4468462378589333,25.115762971762233,3727.927164394896
3892,389.20000000002,43.817211466140066,33.99153113899002,9.825910384016778,3728.209333160339,25.267104809442323,124.41507290777794,124.38535200000003,13.36971288040014,0.1,9.802120900974401,3715.122184732618,34.0,25.28297863798013,3737.9666773103972,5.836435184127342,2.4276049683446996,5.840100000000012,2.447000000000001,102.59983642870239,48.5737804158512,32.71568741833916,0.4734294137944907,0.6735256580454044,13.505760199341521,43.8021209009744,33.960625634796685,5.839462814990657,2.447888591409128,25.1387511323544,3728.3129553505296
3893,389.30000000002,43.817274046082616,33.991477143575004,9.825996850281427,3728.2897540338945,25.267087445404282,124.41105540251566,124.38535200000003,13.370152825004116,0.1,9.856465699346366,3715.122184732618,34.0,25.28297863798013,3737.9666773103972,5.836435184127342,2.4276049683446996,5.840100000000012,2.447000000000001,102.60071626867729,48.57325965970866,32.71676396278508,0.4734202783975833,0.6735550422596719,13.381898265532966,43.856465699346366,33.977419264706874,5.839152975297841,2.4454472499989763,25.342936818187066,3728.464781059894
3894,389.40000000002004,43.81732818020761,33.99143043544041,9.826071619866347,3728.359304065781,25.267072353914948,124.40758133946912,124.38535200000003,13.37053325865892,0.1,9.832921948548979,3715.122184732618,34.0,25.28297863798013,3737.9666773103972,5.836435184127342,2.4276049683446996,5.840100000000012,2.447000000000001,102.60147677761219,48.5728093896423,32.71769488393839,0.4734123807488994,0.6735804515955204,13.369912343754962,43.83292194854898,33.95708452434591,5.840711158957505,2.447185894732917,25.284483821974288,3728.4309473816893
3895,389.50000000002007,43.81737522943476,33.991389840340304,9.826136209526386,3728.419453739271,25.26705923031695,124.40457581580219,124.38535200000003,13.370862267430557,0.1,9.82563739789991,3715.122184732618,34.0,25.28297863798013,3737.9666773103972,5.830802148837358,2.429675332894446,5.840100000000012,2.447000000000001,102.60213338943083,48.57241954129341,32.71849996840258,0.4734055514901887,0.6736024327671641,13.491056927144367,43.82563739789991,33.995225286544944,5.841383388485455,2.444882753393583,25.3199480831978,3728.3400029978084
3896,389.6000000000201,43.81741614356389,33.9913545387564,9.82619199802051,3728.4714708603974,25.26704784681967,124.40197547760977,124.38535200000003,13.37114680748974,0.1,9.822866773778486,3715.122184732618,34.0,25.28297863798013,3737.9666773103972,5.830802148837358,2.429675332894446,5.840100000000012,2.447000000000001,102.60270033335847,48.57208191235461,32.719196237927406,0.4733996449853935,0.6736214498066445,13.374737957876574,43.822866773778486,33.980649646480394,5.83780605682778,2.4479068957142496,25.21838401256685,3728.456061003968
3897,389.7000000000201,43.81745163275501,33.991323917939646,9.826240210547015,3728.516451807847,25.267038005110777,124.39972623694551,124.38535200000003,13.371392876235674,0.1,9.820520290151407,3715.122184732618,34.0,25.228139935596555,3735.8196945806008,5.830802148837358,2.429675332894446,5.840100000000012,2.447000000000001,102.60319027045273,48.57178968013928,32.71979836814871,0.4733945362917901,0.6736378993571991,13.33624028678299,43.82052029015141,33.990200921101845,5.839118250841599,2.4460927856874077,25.204517019016674,3728.466579896185
3898,389.80000000002013,43.817482315266645,33.99129744443765,9.826281905470264,3728.5553466054243,25.26702951425288,124.3977813023601,124.38535200000003,13.371605660124711,0.1,9.86087260808371,3715.122184732618,34.0,25.228139935596555,3735.8196945806008,5.830802148837358,2.429675332894446,5.840100000000012,2.447000000000001,102.60361405798452,48.57153696057484,32.72031905032518,0.473390117945802,0.6736521242241937,13.277554069821365,43.86087260808371,34.0018416184771,5.840680054192843,2.446583931976522,25.285420064455494,3728.6580276305212
3899,389.90000000002016,43.817508786365224,33.99127460463773,9.826317980209382,3728.588978665419,25.267022190354115,124.39609984086634,124.38535200000003,13.371789653276501,0.1,9.79111447755082,3715.122184732618,34.0,25.228139935596555,3735.8196945806008,5.830802148837358,2.429675332894446,5.840100000000012,2.447000000000001,102.60398081283968,48.571318543948166,32.72076928156761,0.4733862970925787,0.6736644230063735,13.44580961540746,43.79111447755082,33.96365658948842,5.839732747574629,2.4492184629426994,25.302470254325936,3728.56803433095
3900,390.0000000000202,43.81753161935201,33.99125490388051,9.82634919360477,3728.6180609114176,25.267015865483017,124.394646183751,124.38535200000003,13.371948750870654,0.1,9.803641812337467,3715.122184732618,34.0,25.228139935596555,3735.8196945806008,5.829879015735989,2.4318124008643807,5.840100000000012,2.447000000000001,102.60429819356298,48.57112979557496,32.7211585933805,0.47338299321482163,0.673675056172186,13.388595204995932,43.80364181233747,34.0140527038091,5.83920908133431,2.44522588076336,25.50667548417523,3728.7361681615807
3901,390.1000000000202,43.817551337770155,33.99123789043995,9.82637619371878,3728.643209752154,25.26701039503964,124.39338931753565,124.38535200000003,13.372086325416245,0.1,9.83654361586683,3715.122184732618,34.0,25.228139935596555,3735.8196945806008,5.829879015735989,2.4318124008643807,5.840100000000012,2.447000000000001,102.60457273585747,48.57096663962747,32.72149523829356,0.4733801364259593,0.6736842501214946,13.427921721932796,43.83654361586683,34.020521760874495,5.842801631992209,2.4474623872256225,24.97113650366652,3728.7374484682364
3902,390.2000000000202,43.81756839242442,33.99122317535088,9.82639954156738,3728.6649576779605,25.267005659120677,124.39230243744308,124.38535200000003,13.372205292855572,0.1,9.806386739803955,3715.122184732618,34.0,25.244217634848486,3736.6382732429265,5.829879015735989,2.4318124008643807,5.840100000000012,2.447000000000001,102.60481011896988,48.57082554928651,32.721786351617595,0.4733776661441976,0.6736922006485901,13.442086756333763,43.806386739803955,34.010205050063874,5.84026950264847,2.4488980436255674,25.230526518141,3728.759449846711
3903,390.30000000002025,43.817583157125384,33.99121043608087,9.826419727039717,3728.6837646489635,25.267001558862376,124.39136246479035,124.38535200000003,13.37230817215212,0.1,9.794110859615003,3715.122184732618,34.0,25.244217634848486,3736.6382732429265,5.829879015735989,2.4318124008643807,5.840100000000012,2.447000000000001,102.60501532581725,48.570703506963,32.72203809725625,0.47337552996536364,0.6736990764929992,13.206806978101783,43.794110859615,33.987929182598315,5.839289000778281,2.4464465435549205,25.34807534704502,3728.763416679513
3904,390.40000000002027,43.81759594009067,33.99119940669272,9.826437178220054,3728.7000281774035,25.26699801098354,124.39054953648603,124.38535200000003,13.372397139162775,0.1,9.790498401957812,3715.122184732618,34.0,25.244217634848486,3736.6382732429265,5.829879015735989,2.4318124008643807,5.840100000000012,2.447000000000001,102.6051927232885,48.570597936534874,32.722255799531325,0.4733736826314709,0.6737050229912364,13.34850910775986,43.79049840195781,33.96275847738121,5.841852530691855,2.448075713884712,25.33089372914523,3728.5656983665863
3905,390.5000000000203,43.81760700095772,33.99118986316547,9.826452267341738,3728.7140920286042,25.266994943227957,124.38984651943446,124.38535200000003,13.372474074332597,0.1,9.776567317415306,3715.122184732618,34.0,25.244217634848486,3736.6382732429265,5.826974085596723,2.433876764926511,5.840100000000012,2.447000000000001,102.60534610918006,48.57050662725372,32.72244405989188,0.47337208507216505,0.6737101655334756,13.265524947108695,43.77656731741531,33.9679036141245,5.840420042381469,2.4463948299311453,25.17549311882911,3728.814429756564
3906,390.6000000000203,43.817616564992534,33.99118161113473,9.826465316085583,3728.7262536079825,25.266992291749467,124.38923859381991,124.38535200000003,13.372540603855054,0.1,9.815771669673317,3715.122184732618,34.0,25.244217634848486,3736.6382732429265,5.826974085596723,2.433876764926511,5.840100000000012,2.447000000000001,102.60547875981358,48.57042766738486,32.72260685763333,0.47337070353798627,0.6737146125564512,13.298918556230362,43.81577166967332,33.9792740299133,5.83985416986558,2.447347552059032,25.27213255198589,3728.8227754661325
3907,390.70000000002034,43.81762483124187,33.99117447885873,9.826476601381605,3728.7367702204792,25.26699000009486,124.38871291839412,124.38535200000003,13.372598134616489,0.1,9.819405071365317,3715.122184732618,34.0,25.22168554393032,3734.6564230511653,5.826974085596723,2.433876764926511,5.840100000000012,2.447000000000001,102.60559348967396,48.57035939514495,32.72274763540656,0.4733695088468347,0.6737184579836052,13.374164734623434,43.81940507136532,34.037984120872565,5.838924884281047,2.446026094655235,25.29428382371442,3728.760594526553
3908,390.80000000002036,43.81763197570427,33.991168314482294,9.826486361570222,3728.7458644243043,25.266988018895105,124.3882583650732,124.38535200000003,13.37264788380661,0.1,9.802910956021343,3715.122184732618,34.0,25.22168554393032,3734.6564230511653,5.826974085596723,2.433876764926511,5.840100000000012,2.447000000000001,102.60569271787438,48.570300364880154,32.72286937167479,0.4733684757475351,0.6737217831853434,13.355273103852861,43.80291095602134,33.974901745868415,5.841756737901097,2.448135413722876,25.370338243394702,3728.6120930718953
3909,390.9000000000204,43.81763815229263,33.99116298520621,9.826494802255196,3728.7537286665342,25.26698630553738,124.38786530046895,124.38535200000003,13.37269090424454,0.1,9.820606835814225,3715.122184732618,34.0,25.22168554393032,3734.6564230511653,5.826974085596723,2.433876764926511,5.840100000000012,2.447000000000001,102.60577853115458,48.57024932219763,32.7229746426864,0.47336758238669824,0.6737246585994219,13.39583833614085,43.820606835814225,33.97131686628693,5.84133392805278,2.447050856415697,25.18542519565041,3728.820392946109
3910,391.0000000000204,43.817643493856664,33.99115837640508,9.82650210130926,3728.7605293275615,25.26698482353068,124.3875253958153,124.38535200000003,13.372728106307655,0.1,9.832070622428411,3715.122184732618,34.0,25.22168554393032,3734.6564230511653,5.824342015847169,2.4359160441239536,5.840100000000012,2.447000000000001,102.60585273632223,48.57020518247026,32.723065676134844,0.47336680985719753,0.6737271451335171,13.393468061415255,43.83207062242841,33.95834559643242,5.840214313124484,2.446720402117237,25.3372897681307,3728.792303496919
3911,391.10000000002043,43.81764811416076,33.99115438992075,9.826508412880587,3728.7664102512317,25.266983541637405,124.387231455855,124.38535200000003,13.372760277064017,0.1,9.78553192645883,3715.122184732618,34.0,25.22168554393032,3734.6564230511653,5.824342015847169,2.4359160441239536,5.840100000000012,2.447000000000001,102.60591690076166,48.57016701003479,32.723144397975666,0.47336614180847736,0.6737292954173894,13.404750094477905,43.78553192645883,34.003214669300014,5.8395553093848696,2.4483353901534204,25.133630167254715,3728.7690974769066
3912,391.20000000002045,43.817652110591226,33.991150941726374,9.82651387056366,3728.7714958119686,25.266982432980587,124.38697726471473,124.38535200000003,13.372788096971792,0.1,9.8635858892088,3715.122184732618,34.0,25.26570834523565,3734.860403093048,5.824342015847169,2.4359160441239536,5.840100000000012,2.447000000000001,102.60597238365973,48.570133997984655,32.72321247328999,0.47336556410550207,0.6737311549242955,13.373762980420834,43.8635858892088,33.95145402554808,5.839182621187743,2.446733319444915,25.32310102548898,3729.0326437305775
3913,391.3000000000205,43.81765556693972,33.99114795952489,9.826518590011121,3728.77589356486,25.266981474292482,124.38675744990164,124.38535200000003,13.372812154388384,0.1,9.78574787567257,3715.122184732618,34.0,25.26570834523565,3734.860403093048,5.824342015847169,2.4359160441239536,5.840100000000012,2.447000000000001,102.60602036166154,48.57010544960055,32.72327134178839,0.4733650645293776,0.6737327629593918,13.295449948592756,43.78574787567257,33.987268845043886,5.839231007988464,2.4479107342080444,25.313160971097776,3728.653307057734
3914,391.4000000000205,43.817658555745766,33.99114538072781,9.826522671211414,3728.7796965277325,25.266980645357346,124.38656736509898,124.38535200000003,13.372832958106766,0.1,9.834610121952586,3715.122184732618,34.0,25.26570834523565,3734.860403093048,5.824342015847169,2.4359160441239536,5.840100000000012,2.447000000000001,102.60606185164112,48.570080762323336,32.72332224848727,0.47336463251607086,0.6737341535135212,13.391873932194033,43.834610121952586,33.98368165332862,5.839371745520947,2.4463808770048256,25.15582009143786,3728.7634489987963
3915,391.5000000000205,43.81766114003395,33.99114315095628,9.826526200543576,3728.782985146091,25.266979928611672,124.38640299060451,124.38535200000003,13.372850948150901,0.1,9.83616925246865,3715.122184732618,34.0,25.26570834523565,3734.860403093048,5.820153670524484,2.4379390589959766,5.840100000000012,2.447000000000001,102.60609773166242,48.570059414481925,32.72336627012527,0.4733642589303352,0.6737353559911085,13.392761139827947,43.83616925246865,33.94655744622784,5.838887514321848,2.446824570237848,25.307126276517838,3728.7044809486997
3916,391.60000000002054,43.817663374560254,33.99114122296581,9.826529252629605,3728.7858289886526,25.266979308833577,124.3862608488215,124.38535200000003,13.372866505070967,0.1,9.853244819259515,3715.122184732618,34.0,25.26570834523565,3734.860403093048,5.820153670524484,2.4379390589959766,5.840100000000012,2.447000000000001,102.60612876007723,48.57004095438725,32.72340433790867,0.47336393587129716,0.6737363958296769,13.413185158218528,43.853244819259515,33.99418533673294,5.840937803884312,2.4484116146397357,25.20533334031078,3728.593205227541
3917,391.70000000002057,43.81766530678044,33.99113955581067,9.826531891968617,3728.7882882142153,25.26697877286764,124.38613793185928,124.38535200000003,13.37287995796412,0.1,9.820851567723842,3715.122184732618,34.0,25.216410032619436,3732.217579742119,5.820153670524484,2.4379390589959766,5.840100000000012,2.447000000000001,102.60615559236889,48.57002499117413,32.723437257138215,0.4733636565054818,0.6737372950309277,13.323140669304538,43.82085156772384,34.01957842761171,5.841884843507967,2.445503176064851,25.23017474818936,3728.7454275498912
3918,391.8000000000206,43.81766697770786,33.991138114103784,9.826534174343985,3728.7904148426196,25.26697830936251,124.38603163880121,124.38535200000003,13.372891591413591,0.1,9.846003627484698,3715.122184732618,34.0,25.216410032619436,3732.217579742119,5.820153670524484,2.4379390589959766,5.840100000000012,2.447000000000001,102.60617879555251,48.570011186865,32.72346572418907,0.473363414923023,0.6737380726203871,13.366093682194274,43.8460036274847,33.9654656765398,5.840520001292454,2.446038465819043,25.360617011653986,3728.7758204330785
3919,391.9000000000206,43.817668422731444,33.9911368673109,9.826536148017734,3728.792253855967,25.266977908522964,124.38593972098754,124.38535200000003,13.372901651500985,0.1,9.788987785524881,3715.122184732618,34.0,25.216410032619436,3732.217579742119,5.820153670524484,2.4379390589959766,5.840100000000012,2.447000000000001,102.60619886029565,48.56999924935128,32.72349034122293,0.4733632060133343,0.6737387450476438,13.412192441694334,43.78898778552488,34.040423845666595,5.839791085211389,2.445267432163732,25.369107647522057,3728.8055605760833
3920,392.00000000002063,43.81766967238882,33.991135789083586,9.826537854744068,3728.793844151781,25.26697756188679,124.38586023429384,124.38535200000003,13.372910351015651,0.1,9.852711720990918,3715.122184732618,34.0,25.216410032619436,3732.217579742119,5.8202508135039155,2.4400284182896117,5.840100000000012,2.447000000000001,102.60621621115205,48.5699889261768,32.72351162893531,0.4733630253573061,0.6737393265350113,13.3245599594876,43.85271172099092,33.96507112949558,5.840858676928639,2.4477455754862603,25.238451171702366,3728.8528208319385
3921,392.10000000002066,43.81767075306175,33.99113485665916,9.826539330637864,3728.7952193670394,25.26697726213388,124.38579149769727,124.38535200000003,13.372917873963637,0.1,9.799530334490377,3715.122184732618,34.0,25.216410032619436,3732.217579742119,5.8202508135039155,2.4400284182896117,5.840100000000012,2.447000000000001,102.60623121533177,48.569979999094166,32.72353003758903,0.4733628691337868,0.6737398293801917,13.350974096920005,43.79953033449038,34.01723440380499,5.839406946312977,2.4476631413983925,25.282493493168804,3728.778015323275
3922,392.2000000000207,43.81767168757142,33.99113405034709,9.82654060692755,3728.796408590094,25.266977002927568,124.38573205748602,124.38535200000003,13.3729243794658,0.1,9.819169639943247,3715.122184732618,34.0,25.21104308365899,3727.5573771547047,5.8202508135039155,2.4400284182896117,5.840100000000012,2.447000000000001,102.60624419033195,48.56997227936376,32.723545956552826,0.4733627340385611,0.673740264217863,13.295926949988017,43.81916963994325,34.01719824347773,5.838985836586798,2.4462089728638565,25.102763849243235,3728.855649900197
3923,392.3000000000207,43.81767249567302,33.99113335310223,9.826541710612103,3728.7974369757426,25.266976778782816,124.38568065643392,124.38535200000003,13.372930005125568,0.1,9.780829241347412,3715.122184732618,34.0,25.21104308365899,3727.5573771547047,5.8202508135039155,2.4400284182896117,5.840100000000012,2.447000000000001,102.6062554106224,48.569965603729706,32.72355972254228,0.47336261721428596,0.6737406402451606,13.347895067884636,43.78082924134741,33.93782032400952,5.84010277669532,2.4468529221187065,25.400195315926364,3728.840447143966
3924,392.4000000000207,43.81767319446669,33.991132750170244,9.82654266503414,3728.7983262768944,25.26697658495436,124.38563620724858,124.38535200000003,13.372934869938565,0.1,9.780869214616182,3715.122184732618,34.0,25.21104308365899,3727.5573771547047,5.8202508135039155,2.4400284182896117,5.840100000000012,2.447000000000001,102.60626511349021,48.56995983097793,32.723571626739684,0.4733625161899804,0.6737409654160056,13.37921949794089,43.78086921461618,33.988979463149995,5.83885229481945,2.448072732655104,25.236995748330738,3728.831564908395
3925,392.50000000002075,43.8176737987463,33.99113222878675,9.826543490377457,3728.7990953043873,25.266976417339396,124.38559776965178,124.38535200000003,13.372939076807658,0.1,9.795897593013905,3715.122184732618,34.0,25.21104308365899,3727.5573771547047,5.819280959799208,2.442061127320629,5.840100000000012,2.447000000000001,102.6062735041131,48.569954838976514,32.72358192094835,0.47336242882877455,0.6737412466088658,13.419750702044754,43.795897593013905,33.9857551191149,5.841024455575467,2.4471870625440197,25.365667573298992,3728.7809474915653
3926,392.60000000002077,43.817674321302704,33.99113177791552,9.826544204096752,3728.799760324791,25.266976272391712,124.38556453054852,124.38535200000003,13.372942714718153,0.1,9.785004859571394,3715.122184732618,34.0,25.21104308365899,3727.5573771547047,5.819280959799208,2.442061127320629,5.840100000000012,2.447000000000001,102.60628075993367,48.56995052211407,32.723590822915334,0.4733623532827628,0.6737414897718739,13.407904840797453,43.785004859571394,34.00868759295275,5.839667040895981,2.446394310826039,25.302150121126356,3728.639367534097
3927,392.7000000000208,43.8176747731916,33.991131388017514,9.826544821287657,3728.800335404546,25.266976147046076,124.38553578684537,124.38535200000003,13.372945860619602,0.1,9.823562616405951,3715.122184732618,34.0,25.275170224061288,3730.901110793234,5.819280959799208,2.442061127320629,5.840100000000012,2.447000000000001,102.60628703441935,48.56994678907367,32.72359852093618,0.4733622879539618,0.6737417000485103,13.428184482388074,43.82356261640595,33.95083829194811,5.8388451501588925,2.446312074184985,25.245454916081016,3728.805051274254
3928,392.8000000000208,43.817675163969156,33.99113105084749,9.82654535500547,3728.800832707615,25.26697603865231,124.3855109305664,124.38535200000003,13.37294858105378,0.1,9.777770030312553,3715.122184732618,34.0,25.275170224061288,3730.901110793234,5.819280959799208,2.442061127320629,5.840100000000012,2.447000000000001,102.60629246029794,48.569943560898196,32.723605177838614,0.47336223146052814,0.6737418818864582,13.306847189597748,43.77777003031255,34.01160001449228,5.840370647237874,2.4458163356979026,25.378494651063495,3728.677945746862
3929,392.90000000002084,43.81767550189757,33.991130759276686,9.826545816540298,3728.801262752857,25.26697594491845,124.3854894359718,124.38535200000003,13.37295093356272,0.1,9.838911837157028,3715.122184732618,34.0,25.275170224061288,3730.901110793234,5.819280959799208,2.442061127320629,5.840100000000012,2.447000000000001,102.60629715235082,48.56994076931308,32.72361093442799,0.47336218260752516,0.6737420391318051,13.28502778609763,43.83891183715703,33.99913629094154,5.840189012436922,2.4478373498337405,25.3778279128941,3728.8258363715267
3930,393.00000000002086,43.81767579412225,33.99113050713989,9.826546215655135,3728.801634636549,25.266975863862065,124.38547084842216,124.38535200000003,13.37295296790624,0.1,9.82154277230557,3715.122184732618,34.0,25.275170224061288,3730.901110793234,5.819482071435654,2.4440942181598335,5.840100000000012,2.447000000000001,102.60630120983191,48.56993835527658,32.723615912466585,0.47336214036163426,0.6737421751104926,13.370636267574277,43.82154277230557,34.011098324997505,5.840811630404735,2.446429387239228,25.327212602056864,3728.7492629356507
3931,393.1000000000209,43.817676046823635,33.99113028910452,9.826546560792176,3728.8019562247723,25.266975793768484,124.38545477475758,124.38535200000003,13.372954727114589,0.1,9.85103407038443,3715.122184732618,34.0,25.275170224061288,3730.901110793234,5.819482071435654,2.4440942181598335,5.840100000000012,2.447000000000001,102.60630471856568,48.56993626772917,32.72362021724941,0.4733621038292872,0.6737422926986963,13.337178219524198,43.85103407038443,34.03118876225078,5.8410675834440005,2.4478494151902965,25.32931370665559,3728.9592887769645
3932,393.2000000000209,43.81767626534737,33.99113010055823,9.82654685925153,3728.80223431977,25.266975733154815,124.38544087498464,124.38535200000003,13.372956248398527,0.1,9.853620042981206,3715.122184732618,34.0,25.267542683879938,3735.8923403094086,5.819482071435654,2.4440942181598335,5.840100000000012,2.447000000000001,102.60630775276528,48.56993446251436,32.72362393983121,0.4733620722377605,0.6737423943836464,13.4220152137876,43.853620042981206,33.987105782540056,5.840303855308025,2.446251789328296,25.3292829277561,3728.9485513964128
3933,393.30000000002093,43.817676454316555,33.991129937512184,9.826547117345902,3728.8024748038074,25.26697568073877,124.38542885509027,124.38535200000003,13.372957563936293,0.1,9.789761431821368,3715.122184732618,34.0,25.267542683879938,3735.8923403094086,5.819482071435654,2.4440942181598335,5.840100000000012,2.447000000000001,102.6063103766059,48.56993290144663,32.72362715895212,0.4733620449188328,0.673742482316204,13.429605785100646,43.78976143182137,33.997429786546164,5.838941349117331,2.4479831421723905,25.215557235948264,3728.9139115122744
3934,393.40000000002095,43.81767661772881,33.9911297965171,9.826547340534274,3728.802682763589,25.266975635411605,124.38541846082636,124.38535200000003,13.372958701554143,0.1,9.733457063370231,3715.122184732618,34.0,25.267542683879938,3735.8923403094086,5.819482071435654,2.4440942181598335,5.840100000000012,2.447000000000001,102.6063126455844,48.56993155150505,32.723629942703,0.47336202129465405,0.6737425583563331,13.38028413921724,43.73345706337023,33.96211517317612,5.840431574272855,2.4478520986833057,25.266749653419986,3728.8318614114773
3935,393.500000000021,43.81767675904079,33.991129674590546,9.826547533537452,3728.8028625978577,25.266975596214614,124.385409472333,124.38535200000003,13.372959685314903,0.1,9.827221137877238,3715.122184732618,34.0,25.267542683879938,3735.8923403094086,5.81787423687117,2.446157601962831,5.840100000000012,2.447000000000001,102.60631460769359,48.5699303841354,32.723632349965584,0.4733620008655251,0.6737426241124332,13.377533804749186,43.82722113787724,33.98983216750079,5.840036099298905,2.447466939378504,25.17328575666733,3728.7481272747627
3936,393.600000000021,43.817676881241326,33.991129569153685,9.826547700437853,3728.8030181104436,25.266975562318787,124.38540169948712,124.38535200000003,13.372960536026977,0.1,9.870648205557345,3715.122184732618,34.0,25.267542683879938,3735.8923403094086,5.81787423687117,2.446157601962831,5.840100000000012,2.447000000000001,102.60631630443649,48.569929374645916,32.72363443165803,0.4733619831993311,0.673742680975364,13.295820937066937,43.870648205557345,34.000473790354725,5.841816946904286,2.446456885595584,25.2585033656639,3728.792993748785
3937,393.700000000021,43.81767698691495,33.99112947797655,9.826547844765802,3728.8031525907295,25.26697553300722,124.3853949778795,124.38535200000003,13.37296127168451,0.1,9.850772729247574,3715.122184732618,34.0,25.237018360192323,3734.195008204321,5.81787423687117,2.446157601962831,5.840100000000012,2.447000000000001,102.60631777170337,48.569928501684515,32.72363623181201,0.4733619679223989,0.6737427301478749,13.312295583147783,43.85077272924757,33.96757778131258,5.840481008503908,2.4460478968973294,25.33370184076128,3728.8209394310084
3938,393.80000000002104,43.8176770782967,33.99112939913071,9.82654796957415,3728.8032688832277,25.26697550765992,124.38538916533625,124.38535200000003,13.37296190784804,0.1,9.788966730696501,3715.122184732618,34.0,25.237018360192323,3734.195008204321,5.81787423687117,2.446157601962831,5.840100000000012,2.447000000000001,102.60631904053024,48.569927746786824,32.72363778850417,0.47336195471159387,0.6737427726700504,13.37181130467479,43.7889667306965,33.98623511414603,5.840277046417198,2.447233255686039,25.34483964348034,3728.9145880337155
3939,393.90000000002107,43.81767715731944,33.99112933094845,9.826548077502832,3728.803369447747,25.26697548574074,124.38538413891108,124.38535200000003,13.372962457973625,0.1,9.793624482156531,3715.122184732618,34.0,25.237018360192323,3734.195008204321,5.81787423687117,2.446157601962831,5.840100000000012,2.447000000000001,102.6063201377551,48.56992709398542,32.723639134661475,0.4733619432874836,0.6737428094413128,13.436154621695941,43.79362448215653,33.97601322112682,5.838456659675022,2.446052022328,25.27766048051242,3728.7919988140256
3940,394.0000000000211,43.81767722565468,33.99112927198756,9.826548170834732,3728.80345641142,25.266975466786022,124.38537979228525,124.38535200000003,13.372962933697476,0.1,9.814739316370854,3715.122184732618,34.0,25.237018360192323,3734.195008204321,5.81652010255932,2.448220321320826,5.840100000000012,2.447000000000001,102.60632108658616,48.56992652947226,32.723640298757736,0.47336193340842686,0.673742841239445,13.36086518592209,43.814739316370854,34.00719722508283,5.837541666012395,2.4462341550255546,25.15469827258688,3728.775362574214
3941,394.1000000000211,43.8176772847479,33.99112922100084,9.826548251543972,3728.8035316136943,25.266975450394828,124.3853760335189,124.38535200000003,13.372963345082063,0.1,9.812344075241235,3715.122184732618,34.0,25.237018360192323,3734.195008204321,5.81652010255932,2.448220321320826,5.840100000000012,2.447000000000001,102.60632190709268,48.569926041306694,32.72364130541582,0.4733619248654628,0.6737428687370396,13.404073630453386,43.812344075241235,33.96347297592216,5.841121344820264,2.4490748736387387,25.166783697608665,3728.7131098104305
3942,394.20000000002113,43.8176773358491,33.9911291769098,9.826548321337691,3728.8035966452403,25.266975436220452,124.38537278310675,124.38535200000003,13.372963700828958,0.1,9.83594787878316,3715.122184732618,34.0,25.26331788943263,3735.943405356128,5.81652010255932,2.448220321320826,5.840100000000012,2.447000000000001,102.60632261662978,48.56992561916302,32.723642175928475,0.4733619174778915,0.6737428925157243,13.41890444240111,43.83594787878316,33.97785725994828,5.838323000837193,2.4490525075442626,25.29876258724495,3728.7897220171885
3943,394.30000000002116,43.81767738003913,33.99112913878184,9.82654838169216,3728.803652881598,25.266975423963082,124.3853699722964,124.38535200000003,13.37296400846288,0.1,9.832247086958404,3715.122184732618,34.0,25.26331788943263,3735.943405356128,5.81652010255932,2.448220321320826,5.840100000000012,2.447000000000001,102.60632323020549,48.569925254112086,32.72364292870868,0.4733619110894518,0.6737429130784629,13.33379402624644,43.832247086958404,34.00492847677749,5.840510053007055,2.447875264273552,25.104609451505127,3728.7610190838323
3944,394.4000000000212,43.8176774182527,33.991129105810465,9.826548433883985,3728.803701512272,25.266975413363458,124.3853675416339,124.38535200000003,13.372964274490865,0.1,9.83730629906183,3715.122184732618,34.0,25.26331788943263,3735.943405356128,5.81652010255932,2.448220321320826,5.840100000000012,2.447000000000001,102.60632376079812,48.5699249384324,32.72364357967916,0.4733619055650162,0.6737429308601959,13.306087015420278,43.83730629906183,34.05680650205067,5.83936061425292,2.4466936490129716,25.24385961870723,3728.7622627888027
3945,394.5000000000212,43.817677451298096,33.9911290772983,9.82654847901713,3728.803743565892,25.266975404197378,124.38536543970623,124.38535200000003,13.372964504539908,0.1,9.855300300615916,3715.122184732618,34.0,25.26331788943263,3735.943405356128,5.816013073902145,2.4502665346781507,5.840100000000012,2.447000000000001,102.60632421963078,48.56992466544677,32.72364414260917,0.47336190078773244,0.6737429462370396,13.278273544428712,43.855300300615916,33.99361552757252,5.838167278353163,2.446423554853302,25.27520524975978,3728.7768679650717
3946,394.6000000000212,43.81767747987426,33.991129052642265,9.826548518046247,3728.8037799319723,25.26697539627097,124.38536362205373,124.38535200000003,13.37296470347598,0.1,9.825670301192481,3715.122184732618,34.0,25.26331788943263,3735.943405356128,5.816013073902145,2.4502665346781507,5.840100000000012,2.447000000000001,102.60632461640866,48.569924429381075,32.72364462940573,0.47336189665655215,0.673742959534243,13.399296466357693,43.82567030119248,34.009882582975614,5.840008099085807,2.4468241032550377,25.1714459334471,3728.8174857132863
3947,394.70000000002125,43.81767750458563,33.99112903132083,9.826548551796876,3728.8038113797234,25.26697538941657,124.38536205022962,124.38535200000003,13.372964875506948,0.1,9.837555577004991,3715.122184732618,34.0,25.25609869036499,3739.1519667691186,5.816013073902145,2.4502665346781507,5.840100000000012,2.447000000000001,102.6063249595244,48.56992422524208,32.72364505036551,0.47336189308409293,0.6737429710330665,13.44128716525547,43.83755557700499,34.00279041185373,5.841243760284757,2.4473950825178683,25.363759633900997,3728.652423249145
3948,394.80000000002127,43.817677525954906,33.99112901288303,9.826548580982907,3728.803838574325,25.266975383489193,124.38536069098687,124.38535200000003,13.372965024271593,0.1,9.827298959457735,3715.122184732618,34.0,25.25609869036499,3739.1519667691186,5.816013073902145,2.4502665346781507,5.840100000000012,2.447000000000001,102.60632525623551,48.56992404871189,32.7236454143926,0.4733618899947909,0.6737429809767317,13.369988774951143,43.827298959457735,33.9681457215387,5.84112662968947,2.4454595013059106,25.250307775877125,3728.6224905611007
3949,394.9000000000213,43.817677544434105,33.991128996938855,9.826548606221676,3728.803862090994,25.266975378363462,124.38535951557486,124.38535200000003,13.372965152916574,0.1,9.814820977812424,3715.122184732618,34.0,25.25609869036499,3739.1519667691186,5.816013073902145,2.4502665346781507,5.840100000000012,2.447000000000001,102.60632551281795,48.56992389605651,32.72364572918687,0.47336188732330137,0.6737429895755668,13.367963989110196,43.814820977812424,34.07420141786809,5.8394043100773985,2.4479407912657702,25.303991757034016,3728.91527360201
3950,395.0000000000213,43.81767756041408,33.99112898315103,9.826548628047027,3728.8038824271525,25.266975373930958,124.38535849913136,124.38535200000003,13.372965264162968,0.1,9.86097770250192,3715.122184732618,34.0,25.25609869036499,3739.1519667691186,5.815902455708233,2.452352416981973,5.840100000000012,2.447000000000001,102.60632573469886,48.56992376404699,32.72364600140679,0.47336188501311743,0.6737429970114526,13.367737781751732,43.86097770250192,33.96745406010301,5.841814776563976,2.4485714268490484,25.258225308957112,3728.900121846878
3951,395.10000000002134,43.817677574232846,33.991128971227944,9.826548646920607,3728.8039000129484,25.266975370097928,124.38535762015665,124.38535200000003,13.372965360363853,0.1,9.787153744826036,3715.122184732618,34.0,25.25609869036499,3739.1519667691186,5.815902455708233,2.452352416981973,5.840100000000012,2.447000000000001,102.60632592657149,48.56992364989106,32.72364623681036,0.4733618830153739,0.6737430034416733,13.362897007128254,43.787153744826036,34.003744517888336,5.838781975675325,2.4478877811877426,25.46564808600919,3728.7234527167743
3952,395.20000000002136,43.81767758618271,33.991128960917386,9.826548663241631,3728.803915220354,25.266975366783296,124.38535686005886,124.38535200000003,13.372965443554055,0.1,9.806561172935737,3715.122184732618,34.0,25.26910476020411,3742.180072200592,5.815902455708233,2.452352416981973,5.840100000000012,2.447000000000001,102.60632609249431,48.569923551174156,32.72364644037678,0.47336188128781526,0.6737430090022388,13.442921706912113,43.80656117293574,33.923375335867576,5.840762735682523,2.447327760523616,25.012891820058954,3729.024711280177
3953,395.3000000000214,43.817677596516404,33.99112895200129,9.826548677355321,3728.803928371035,25.266975363916952,124.38535620276045,124.38535200000003,13.372965515493199,0.1,9.83191348470605,3715.122184732618,34.0,25.26910476020411,3742.180072200592,5.815902455708233,2.452352416981973,5.840100000000012,2.447000000000001,102.60632623597694,48.56992346580821,32.72364661641187,0.47336187979390004,0.6737430138107661,13.384708071231923,43.83191348470605,34.056502282952664,5.840996515977152,2.448510289146255,25.287257991791506,3728.8538586537593
3954,395.4000000000214,43.817677605452516,33.99112894429104,9.826548689560205,3728.803939743153,25.266975361438266,124.38535563435835,124.38535200000003,13.372965577702939,0.1,9.836091731216285,3715.122184732618,34.0,25.26910476020411,3742.180072200592,5.815902455708233,2.452352416981973,5.840100000000012,2.447000000000001,102.60632636005425,48.56992339198758,32.72364676863911,0.47336187850202943,0.6737430179689643,13.432982472133132,43.836091731216285,33.95944374920506,5.840359423778307,2.4464644418490327,25.288772016591132,3728.749354874502
3955,395.50000000002143,43.81767761318007,33.99112893762357,9.826548700114442,3728.8039495772496,25.26697535929481,124.38535514282975,124.38535200000003,13.372965631499127,0.1,9.798237035178659,3715.122184732618,34.0,25.26910476020411,3742.180072200592,5.813485410023529,2.454348716218772,5.840100000000012,2.447000000000001,102.60632646735075,48.56992332815082,32.723646900278375,0.4733618773848777,0.673743021564787,13.341120299516241,43.79823703517866,33.971909992349616,5.839287585157742,2.448590436002796,25.20192242704423,3728.709461136361
3956,395.60000000002145,43.81767761986251,33.99112893185785,9.82654870924127,3728.8039580813343,25.266975357441247,124.38535471777793,124.38535200000003,13.372965678019654,0.1,9.804629011866751,3715.122184732618,34.0,25.26910476020411,3742.180072200592,5.813485410023529,2.454348716218772,5.840100000000012,2.447000000000001,102.60632656013595,48.569923272947655,32.72364701411411,0.47336187641881505,0.6737430246742934,13.346348948475407,43.80462901186675,34.032602705345234,5.839977637221463,2.447178809412796,25.24071534003686,3728.8922450327977
3957,395.7000000000215,43.81767762564118,33.9911289268719,9.826548717133742,3728.803965435284,25.26697535583837,124.3853543502122,124.38535200000003,13.372965718248512,0.1,9.841314201809723,3715.122184732618,34.0,25.21267047089151,3738.041955839241,5.813485410023529,2.454348716218772,5.840100000000012,2.447000000000001,102.60632664037242,48.56992322521043,32.72364711255412,0.4733618755834074,0.6737430273632544,13.324685884452945,43.84131420180972,34.01592659335927,5.839797452199705,2.4468440900006123,25.271994946906254,3728.7414404642436
3958,395.8000000000215,43.8176776306383,33.99112892256029,9.826548723958798,3728.80397179465,25.26697535445227,124.38535403235791,124.38535200000003,13.37296575303662,0.1,9.842269346754115,3715.122184732618,34.0,25.21267047089151,3738.041955839241,5.813485410023529,2.454348716218772,5.840100000000012,2.447000000000001,102.60632670975731,48.569923183929454,32.72364719768062,0.4733618748609847,0.6737430296885468,13.368365400045674,43.842269346754115,34.00842272622513,5.84030872654255,2.4479981297218765,25.11424471390506,3728.7894375236697
3959,395.9000000000215,43.81767763495961,33.99112891883179,9.826548729860798,3728.8039772939433,25.266975353253635,124.38535375749177,124.38535200000003,13.372965783119813,0.1,9.814484507845712,3715.122184732618,34.0,25.21267047089151,3738.041955839241,5.813485410023529,2.454348716218772,5.840100000000012,2.447000000000001,102.60632676975824,48.569923148231496,32.7236472712942,0.4733618742362658,0.6737430316993556,13.369230128544212,43.81448450784571,33.95041733005243,5.840150177252919,2.4469992530240714,25.28652766746771,3728.7773617136954
3960,396.00000000002154,43.81767763869648,33.991128915607554,9.826548734964582,3728.803982049485,25.26697535221711,124.38535351979989,124.38535200000003,13.372965809134406,0.1,9.807022242199942,3715.122184732618,34.0,25.21267047089151,3738.041955839241,5.8163521392472814,2.45640621161219,5.840100000000012,2.447000000000001,102.60632682164433,48.569923117361505,32.723647334951906,0.47336187369603705,0.6737430334382126,13.367653856311806,43.80702224219994,34.03004913907965,5.841314272489011,2.4465305694211454,25.2607283243185,3728.735293642989
3961,396.10000000002157,43.81767764192794,33.991128912819384,9.826548739378106,3728.803986161864,25.26697535132077,124.38535331425466,124.38535200000003,13.372965831630658,0.1,9.799209694080957,3715.122184732618,34.0,25.21267047089151,3738.041955839241,5.8163521392472814,2.45640621161219,5.840100000000012,2.447000000000001,102.60632686651313,48.56992309066654,32.72364739000023,0.4733618732288715,0.6737430349418977,13.314323236356685,43.79920969408096,34.017524280037414,5.840860229730989,2.4471682550993803,25.221150108871246,3728.886901933399
3962,396.2000000000216,43.817677644722366,33.9911289104083,9.826548743194724,3728.8039897180643,25.266975350545653,124.38535313650839,124.38535200000003,13.372965851084405,0.1,9.854661647924992,3715.122184732618,34.0,25.23520390562171,3734.693481323463,5.8163521392472814,2.45640621161219,5.840100000000012,2.447000000000001,102.60632690531364,48.569923067581925,32.72364743760355,0.4733618728248877,0.6737430362422172,13.345450791410048,43.85466164792499,33.98875632585617,5.840137838992951,2.4484483747302703,25.182905439549746,3728.8898009425056
3963,396.3000000000216,43.81767764713888,33.99112890832329,9.826548746495162,3728.803992793307,25.266975349875366,124.38535298280136,124.38535200000003,13.37296586790713,0.1,9.802128289554368,3715.122184732618,34.0,25.23520390562171,3734.693481323463,5.8163521392472814,2.45640621161219,5.840100000000012,2.447000000000001,102.60632693886653,48.56992304761938,32.72364747876876,0.4733618724755408,0.6737430373666751,13.376737061761789,43.80212828955437,33.96771861161149,5.839185684744022,2.447023478472712,25.35243122431424,3728.740898880289
3964,396.40000000002163,43.81767764922856,33.991128906520274,9.826548749349232,3728.8039954526384,25.266975349295734,124.38535284988242,124.38535200000003,13.372965882454668,0.1,9.896566615897626,3715.122184732618,34.0,25.23520390562171,3734.693481323463,5.8163521392472814,2.45640621161219,5.840100000000012,2.447000000000001,102.60632696788159,48.56992303035667,32.72364751436658,0.4733618721734411,0.6737430383390558,13.368301719299735,43.896566615897626,33.999910821452346,5.840617253464904,2.4467369510718404,25.188986092630145,3728.8068851029984
3965,396.50000000002166,43.81767765103562,33.99112890496111,9.826548751817304,3728.8039977523085,25.266975348794496,124.38535273494011,124.38535200000003,13.372965895034728,0.1,9.794066888616932,3715.122184732618,34.0,25.23520390562171,3734.693481323463,5.813495924918842,2.458458858192911,5.840100000000012,2.447000000000001,102.60632699297253,48.56992301542866,32.723647545149994,0.4733618719121989,0.6737430391799272,13.416625975609367,43.79406688861693,33.98046597792044,5.840144139981224,2.4464603595530194,25.245788501313754,3728.7328114476823
3966,396.6000000000217,43.81767765259829,33.99112890361282,9.826548753951585,3728.80399974096,25.266975348361047,124.38535263554321,124.38535200000003,13.372965905913393,0.1,9.844716185010945,3715.122184732618,34.0,25.23520390562171,3734.693481323463,5.813495924918842,2.458458858192911,5.840100000000012,2.447000000000001,102.60632701467006,48.569923002519594,32.72364757177009,0.4733618716862884,0.6737430399070743,13.37902219392766,43.844716185010945,34.02824099287724,5.840558315632846,2.4468373882631154,25.246954041581784,3728.684336428376
3967,396.7000000000217,43.8176776539496,33.991128902446874,9.826548755797212,3728.8040014606563,25.266975347986218,124.38535254958921,124.38535200000003,13.372965915320776,0.1,9.842762203231118,3715.122184732618,34.0,25.239184811378497,3733.040150984184,5.813495924918842,2.458458858192911,5.840100000000012,2.447000000000001,102.60632703343306,48.56992299135641,32.72364759478995,0.4733618714909313,0.6737430405358789,13.338410378835526,43.84276220323112,33.98327347100373,5.840090604360659,2.4492364761168997,25.200693229780295,3728.7361313495912
3968,396.8000000000217,43.817677655118175,33.991128901438614,9.826548757393228,3728.8040029477725,25.266975347662083,124.38535247526005,124.38535200000003,13.372965923455858,0.1,9.840989245340545,3715.122184732618,34.0,25.239184811378497,3733.040150984184,5.813495924918842,2.458458858192911,5.840100000000012,2.447000000000001,102.60632704965847,48.56992298170298,32.723647614696496,0.4733618713219951,0.6737430410796407,13.393802123497409,43.840989245340545,33.97691044282893,5.8400335012111535,2.4463341937495318,25.34870308133634,3728.8210478472674
3969,396.90000000002175,43.817677656128694,33.99112890056671,9.82654875877339,3728.804004233764,25.266975347381784,124.38535241098351,124.38535200000003,13.372965930490711,0.1,9.790823185756452,3715.122184732618,34.0,25.239184811378497,3733.040150984184,5.813495924918842,2.458458858192911,5.840100000000012,2.447000000000001,102.60632706368948,48.56992297335513,32.72364763191078,0.4733618711759068,0.6737430415498615,13.398798473562772,43.79082318575645,34.003983071151474,5.839544470783588,2.4455093065381934,25.473501386636404,3728.5524339004282
3970,397.00000000002177,43.81767765700255,33.99112889981273,9.82654875996689,3728.8040053458312,25.266975347139397,124.38535235540004,124.38535200000003,13.372965936574136,0.1,9.834397847351596,3715.122184732618,34.0,25.239184811378497,3733.040150984184,5.811715932140493,2.460469217605789,5.840100000000012,2.447000000000001,102.60632707582285,48.569922966136275,32.72364764679693,0.473361871049576,0.6737430419564877,13.436513536277484,43.834397847351596,33.96436245372374,5.839884074337219,2.4463205189723234,25.18606595678518,3728.6506426403193
3971,397.1000000000218,43.817677657758225,33.99112889916073,9.826548760998978,3728.804006307497,25.26697534692979,124.38535230733399,124.38535200000003,13.37296594183481,0.1,9.77835188004267,3715.122184732618,34.0,25.239184811378497,3733.040150984184,5.811715932140493,2.460469217605789,5.840100000000012,2.447000000000001,102.60632708631526,48.569922959893745,32.723647659669794,0.47336187094033094,0.6737430423081194,13.36051956326599,43.77835188004267,34.00661680549222,5.839062613905452,2.446137203577259,25.1874145959216,3728.748491915176
3972,397.2000000000218,43.8176776584117,33.9911288985969,9.82654876189148,3728.804007139102,25.266975346748534,124.38535226576863,124.38535200000003,13.372965946384,0.1,9.820179523698144,3715.122184732618,34.0,25.222320781101814,3731.0120968695305,5.811715932140493,2.460469217605789,5.840100000000012,2.447000000000001,102.60632709538862,48.56992295449548,32.72364767080166,0.4733618708458607,0.6737430426121946,13.334339860750816,43.820179523698144,34.014275426194146,5.839168269569213,2.4483893499737706,25.24305591871711,3728.8650318907894
3973,397.30000000002184,43.81767765897678,33.99112889810934,9.826548762663279,3728.8040078582367,25.266975346591792,124.38535222982482,124.38535200000003,13.372965950317937,0.1,9.851130336433627,3715.122184732618,34.0,25.222320781101814,3731.0120968695305,5.811715932140493,2.460469217605789,5.840100000000012,2.447000000000001,102.60632710323489,48.56992294982733,32.723647680428,0.4733618707641671,0.673743042875145,13.392058936640876,43.85113033643363,33.99909319678603,5.841085867936592,2.446381281652304,25.30931936525005,3728.693610148064
3974,397.40000000002186,43.81767765946543,33.991128897687716,9.826548763330695,3728.8040084801123,25.26697534645625,124.38535219874223,124.38535200000003,13.372965953719827,0.1,9.886759619128362,3715.122184732618,34.0,25.222320781101814,3731.0120968695305,5.811715932140493,2.460469217605789,5.840100000000012,2.447000000000001,102.60632711002,48.56992294579052,32.72364768875243,0.47336187069352215,0.6737430431025325,13.394695496543237,43.88675961912836,33.98920814473756,5.840582797656874,2.4472222556664183,25.26488011387108,3728.8400608344014
3975,397.5000000000219,43.817677659888005,33.991128897323115,9.826548763907848,3728.8040090178824,25.266975346339034,124.38535217186337,124.38535200000003,13.37296595666163,0.1,9.820998320866714,3715.122184732618,34.0,25.222320781101814,3731.0120968695305,5.811933043557576,2.4626004050542516,5.840100000000012,2.447000000000001,102.60632711588744,48.56992294229966,32.72364769595102,0.47336187063243157,0.6737430432991673,13.302479106356781,43.820998320866714,33.98120296387495,5.840674063807595,2.4478605596235647,25.288833978416683,3728.909976081205
3976,397.6000000000219,43.81767766025344,33.99112889700782,9.82654876440694,3728.804009482922,25.266975346237672,124.38535214861972,124.38535200000003,13.372965959205573,0.1,9.8717828852551,3715.122184732618,34.0,25.222320781101814,3731.0120968695305,5.811933043557576,2.4626004050542516,5.840100000000012,2.447000000000001,102.60632712096131,48.569922939280914,32.72364770217605,0.47336187057960316,0.6737430434692085,13.37680346470037,43.8717828852551,33.98029830009022,5.8398632765694645,2.4469281952000097,25.280794918598193,3728.8589047983587
3977,397.70000000002193,43.817677660569444,33.99112889673516,9.826548764838533,3728.8040098850674,25.26697534615002,124.38535212851963,124.38535200000003,13.372965961405459,0.1,9.827747973249807,3715.122184732618,34.0,25.23815811611633,3728.7611681225676,5.811933043557576,2.4626004050542516,5.840100000000012,2.447000000000001,102.60632712534895,48.56992293667043,32.723647707559174,0.47336187053391954,0.6737430436162526,13.320482916546844,43.82774797324981,33.976697233432134,5.8393352508002065,2.446949774133369,25.11407683027929,3728.9269576814404
3978,397.80000000002195,43.817677660842705,33.991128896499376,9.826548765211756,3728.8040102328246,25.266975346074222,124.38535211113799,124.38535200000003,13.37296596330782,0.1,9.778524484102867,3715.122184732618,34.0,25.23815811611633,3728.7611681225676,5.811933043557576,2.4626004050542516,5.840100000000012,2.447000000000001,102.60632712914322,48.56992293441301,32.723647712214245,0.47336187049441436,0.6737430437434093,13.280209505200894,43.77852448410287,33.98171896038131,5.840501511236721,2.446726117955799,25.116651309605405,3728.6186659936543
3979,397.900000000022,43.81767766107902,33.99112889629549,9.826548765534502,3728.8040105335494,25.266975346008675,124.38535209610716,124.38535200000003,13.372965964952897,0.1,9.791458926944586,3715.122184732618,34.0,25.23815811611633,3728.7611681225676,5.811933043557576,2.4626004050542516,5.840100000000012,2.447000000000001,102.60632713242433,48.5699229324609,32.72364771623975,0.47336187046025213,0.6737430438533689,13.372420063937152,43.791458926944586,34.001292696017444,5.841210092539328,2.4465628559062282,25.345863280557865,3729.0466563904824
3980,398.000000000022,43.817677661283355,33.99112889611917,9.826548765813598,3728.8040107936026,25.26697534595199,124.38535208310914,124.38535200000003,13.372965966375485,0.1,9.815352450125104,3715.122184732618,34.0,25.23815811611633,3728.7611681225676,5.811390210142357,2.464583024702696,5.840100000000012,2.447000000000001,102.60632713526167,48.56992293077279,32.72364771972082,0.47336187043071015,0.6737430439484571,13.350716289391135,43.815352450125104,34.011550663389954,5.838483048152707,2.4469987997396756,25.247806752539404,3728.66789283873
3981,398.100000000022,43.81767766146008,33.991128895966696,9.826548766054946,3728.804011018485,25.266975345902974,124.38535207186902,124.38535200000003,13.372965967605676,0.1,9.842912173014561,3715.122184732618,34.0,25.23815811611633,3728.7611681225676,5.811390210142357,2.464583024702696,5.840100000000012,2.447000000000001,102.60632713771525,48.56992292931298,32.7236477227311,0.47336187040516353,0.6737430440306852,13.413780883939037,43.84291217301456,33.98909401674834,5.839837728393082,2.4473342609206843,25.232409908111695,3728.880816193771
3982,398.20000000002204,43.81767766161289,33.99112889583485,9.826548766263654,3728.8040112129534,25.26697534586059,124.38535206214907,124.38535200000003,13.37296596866949,0.1,9.837289566853755,3715.122184732618,34.0,25.258472296167323,3731.3981833995413,5.811390210142357,2.464583024702696,5.840100000000012,2.447000000000001,102.60632713983702,48.5699229280506,32.72364772533425,0.47336187038307187,0.6737430441017924,13.419259780168435,43.837289566853755,34.0201276048694,5.8393375718724165,2.447473816626389,25.216165804682763,3728.8392731794393
3983,398.30000000002207,43.81767766174502,33.99112889572084,9.826548766444139,3728.8040113811203,25.266975345823937,124.38535205374376,124.38535200000003,13.37296596958943,0.1,9.827607669568799,3715.122184732618,34.0,25.258472296167323,3731.3981833995413,5.811390210142357,2.464583024702696,5.840100000000012,2.447000000000001,102.60632714167187,48.56992292695899,32.723647727585345,0.47336187036396815,0.6737430441632822,13.40269301770015,43.8276076695688,33.98441876303404,5.838356581049514,2.445652160729055,25.354211759517764,3728.6224170161604
3984,398.4000000000221,43.81767766185929,33.99112889562224,9.826548766600212,3728.804011526544,25.26697534579224,124.38535204647522,124.38535200000003,13.372965970384946,0.1,9.8046459255685,3715.122184732618,34.0,25.258472296167323,3731.3981833995413,5.811390210142357,2.464583024702696,5.840100000000012,2.447000000000001,102.60632714325854,48.569922926014996,32.723647729531976,0.47336187034744814,0.6737430442164559,13.355327651793072,43.8046459255685,33.953018321011356,5.83804899263734,2.44361569808574,25.34166856368333,3728.953453500454
3985,398.5000000000221,43.817677661958115,33.99112889553698,9.826548766735177,3728.8040116523,25.26697534576483,124.38535204018967,124.38535200000003,13.37296597107288,0.1,9.81992805945682,3715.122184732618,34.0,25.258472296167323,3731.3981833995413,5.81133198494309,2.4666829022713825,5.840100000000012,2.447000000000001,102.60632714463064,48.56992292519866,32.72364773121535,0.4733618703331621,0.6737430442624386,13.375286398147297,43.81992805945682,34.031475558875634,5.840851305021714,2.44550029079446,25.279434686796293,3728.8172555560704
3986,398.60000000002213,43.817677662043565,33.99112889546325,9.82654876685189,3728.8040117610476,25.266975345741127,124.38535203475423,124.38535200000003,13.372965971667771,0.1,9.780935607558028,3715.122184732618,34.0,25.258472296167323,3731.3981833995413,5.81133198494309,2.4666829022713825,5.840100000000012,2.447000000000001,102.60632714581715,48.56992292449275,32.72364773267105,0.4733618703208085,0.6737430443022018,13.369295650121945,43.78093560755803,33.93322280272062,5.840780412930398,2.4480192343054537,25.15478344805684,3728.7492594541004
3987,398.70000000002216,43.817677662117475,33.99112889539949,9.826548766952815,3728.804011855088,25.26697534572063,124.3853520300539,124.38535200000003,13.372965972182207,0.1,9.842544982766356,3715.122184732618,34.0,25.242941301111358,3731.3565144689883,5.81133198494309,2.4666829022713825,5.840100000000012,2.447000000000001,102.60632714684319,48.569922923882295,32.72364773392987,0.4733618703101255,0.6737430443365876,13.328873234047363,43.842544982766356,33.97625642394081,5.841847072302815,2.4457587331835002,25.167812375538066,3728.8152303968427
3988,398.8000000000222,43.81767766218137,33.99112889534436,9.826548767040093,3728.80401193641,25.266975345702907,124.38535202598928,124.38535200000003,13.372965972627068,0.1,9.841190706483076,3715.122184732618,34.0,25.242941301111358,3731.3565144689883,5.81133198494309,2.4666829022713825,5.840100000000012,2.447000000000001,102.60632714773047,48.56992292335441,32.723647735018446,0.4733618703008874,0.6737430443663227,13.356071765730702,43.841190706483076,33.98027422294183,5.840972254980274,2.448825018476855,25.131589222994094,3728.741924063335
3989,398.9000000000222,43.81767766223662,33.99112889529668,9.826548767115568,3728.8040120067335,25.266975345687577,124.38535202247436,124.38535200000003,13.372965973011766,0.1,9.85348229361928,3715.122184732618,34.0,25.242941301111358,3731.3565144689883,5.81133198494309,2.4666829022713825,5.840100000000012,2.447000000000001,102.60632714849777,48.569922922897916,32.7236477359598,0.47336187029289856,0.6737430443920365,13.364840580142062,43.85348229361928,34.06634582788586,5.839755077959828,2.447926541424572,25.143509586338265,3728.647585781323
3990,399.0000000000222,43.81767766228441,33.99112889525544,9.826548767180832,3728.804012067546,25.26697534567432,124.38535201943479,124.38535200000003,13.372965973344431,0.1,9.818820395178378,3715.122184732618,34.0,25.242941301111358,3731.3565144689883,5.810123885670517,2.468734943432624,5.840100000000012,2.447000000000001,102.60632714916123,48.56992292250314,32.723647736773835,0.47336187028599025,0.6737430444142727,13.311126656675789,43.81882039517838,34.017553152817065,5.838903629735501,2.4461005100843205,25.191486274080283,3728.839168324508
3991,399.10000000002225,43.817677662325735,33.99112889521979,9.82654876723727,3728.804012120134,25.26697534566286,124.38535201680634,124.38535200000003,13.372965973632109,0.1,9.835489340383631,3715.122184732618,34.0,25.242941301111358,3731.3565144689883,5.810123885670517,2.468734943432624,5.840100000000012,2.447000000000001,102.606327149735,48.56992292216177,32.72364773747778,0.4733618702800163,0.6737430444335015,13.408714599889596,43.83548934038363,33.973623609372886,5.841580191729351,2.4471222837602378,25.369846851809168,3728.728730215576
3992,399.20000000002227,43.817677662361476,33.99112889518896,9.826548767286077,3728.8040121656095,25.26697534565295,124.38535201453338,124.38535200000003,13.372965973880877,0.1,9.777005918706664,3715.122184732618,34.0,25.244313001750786,3731.9401223939017,5.810123885670517,2.468734943432624,5.840100000000012,2.447000000000001,102.6063271502312,48.569922921866585,32.72364773808652,0.47336187027485027,0.6737430444501294,13.378572173505075,43.777005918706664,33.95138409745692,5.839666002446558,2.4488067193275698,25.385002404206833,3728.825397761966
3993,399.3000000000223,43.81767766239237,33.9911288951623,9.826548767328282,3728.8040122049347,25.266975345644376,124.38535201256782,124.38535200000003,13.372965974096001,0.1,9.805050374040043,3715.122184732618,34.0,25.244313001750786,3731.9401223939017,5.810123885670517,2.468734943432624,5.840100000000012,2.447000000000001,102.60632715066023,48.5699229216113,32.723647738612925,0.47336187027038296,0.6737430444645087,13.362900153998607,43.80505037404004,33.97193239487112,5.839921771995002,2.448225832915014,25.215593166039458,3728.921763235337
3994,399.4000000000223,43.8176776624191,33.99112889513924,9.826548767364777,3728.8040122389416,25.266975345636965,124.38535201086808,124.38535200000003,13.372965974282028,0.1,9.8372295812892,3715.122184732618,34.0,25.244313001750786,3731.9401223939017,5.810123885670517,2.468734943432624,5.840100000000012,2.447000000000001,102.60632715103127,48.56992292139055,32.723647739068134,0.47336187026651977,0.6737430444769431,13.256142974580472,43.8372295812892,33.98158112330086,5.838527344683915,2.4464978351550886,25.22955629277472,3728.8027158017494
3995,399.50000000002234,43.81767766244221,33.9911288951193,9.82654876739634,3728.804012268349,25.266975345630556,124.38535200939825,124.38535200000003,13.372965974442902,0.1,9.797304107126784,3715.122184732618,34.0,25.244313001750786,3731.9401223939017,5.805062657190596,2.4707090395795066,5.840100000000012,2.447000000000001,102.60632715135213,48.56992292119966,32.723647739461796,0.4733618702631791,0.6737430444876962,13.391512219096297,43.797304107126784,33.98516215590897,5.840401167684454,2.44611431672321,25.180879342095682,3728.5933822536026
3996,399.60000000002236,43.81767766246219,33.991128895102065,9.826548767423633,3728.8040122937796,25.266975345625013,124.38535200812719,124.38535200000003,13.372965974582016,0.1,9.858439706645349,3715.122184732618,34.0,25.244313001750786,3731.9401223939017,5.805062657190596,2.4707090395795066,5.840100000000012,2.447000000000001,102.60632715162963,48.56992292103459,32.7236477398022,0.47336187026029014,0.6737430444969945,13.37265213801552,43.85843970664535,34.02030368809758,5.838708049346683,2.4470352499783217,25.25654084392417,3728.8090228052283
3997,399.7000000000224,43.81767766247947,33.99112889508715,9.826548767447235,3728.8040123157707,25.26697534562022,124.38535200702805,124.38535200000003,13.372965974702314,0.1,9.789256082895157,3715.122184732618,34.0,25.244573783525652,3733.930543970331,5.805062657190596,2.4707090395795066,5.840100000000012,2.447000000000001,102.60632715186956,48.56992292089184,32.723647740096574,0.473361870257792,0.6737430445050354,13.437919923398633,43.78925608289516,34.015919508776506,5.841471870469423,2.446527167974458,25.33163664521493,3728.9404459211664
3998,399.8000000000224,43.817677662494404,33.99112889507426,9.826548767467646,3728.804012334788,25.266975345616075,124.38535200607754,124.38535200000003,13.372965974806345,0.1,9.829571999565253,3715.122184732618,34.0,25.244573783525652,3733.930543970331,5.805062657190596,2.4707090395795066,5.840100000000012,2.447000000000001,102.60632715207706,48.569922920768406,32.72364774035114,0.47336187025563176,0.673743044511989,13.43791429794854,43.82957199956525,33.99345593149921,5.84016638305377,2.448271180181109,25.254399829722697,3728.819165024529
3999,399.90000000002243,43.817677662507336,33.99112889506311,9.826548767485294,3728.804012351233,25.26697534561249,124.38535200525557,124.38535200000003,13.372965974896303,0.1,9.807006894112469,3715.122184732618,34.0,25.244573783525652,3733.930543970331,5.805062657190596,2.4707090395795066,5.840100000000012,2.447000000000001,102.60632715225647,48.56992292066165,32.723647740571266,0.4733618702537636,0.673743044518002,13.381978443587455,43.80700689411247,34.01411583687376,5.842090306226518,2.4469200287468635,25.330558952511346,3728.7149880984302
4000,400.00000000002245,43.817677662518506,33.99112889505347,9.826548767500555,3728.8040123654537,25.26697534560939,124.38535200454477,124.38535200000003,13.372965974974097,0.1,8.659445183310574,3715.122184732618,35.12,25.244573783525652,3733.930543970331,5.738639960564255,2.4728315365444438,5.840100000000012,2.447000000000001,102.60632715241161,48.56992292056932,32.72364774076163,0.47336187025214804,0.6737430445232021,13.359714511182622,43.77944518331057,33.98363865155859,5.8399714151738475,2.4475303711109615,25.23109896576993,3728.819183925545
4001,400.1000000000225,43.81767766252817,33.99112889504512,9.826548767513751,3728.804012377751,25.266975345606706,124.38535200393008,124.38535200000003,13.372965975041371,0.1,8.679962214989182,3715.122184732618,35.12,25.244573783525652,3733.930543970331,5.738639960564255,2.4728315365444438,5.840100000000012,2.447000000000001,102.60632715254575,48.56992292048948,32.723647740926246,0.47336187025075116,0.6737430445276988,13.500379383234081,43.79996221498918,33.946034869495236,5.839882440589833,2.445675897993481,25.21464049428968,3728.76402937414
4002,400.2000000000225,43.81767766253654,33.99112889503791,9.826548767525162,3728.804012388385,25.26697534560439,124.38535200339854,124.38535200000003,13.372965975099543,0.1,8.723183741904613,3715.122184732618,35.12,25.245447461053207,3735.1397164852638,5.738639960564255,2.4728315365444438,5.783400000000012,2.447000000000001,102.60632715266176,48.56992292042044,32.723647741068596,0.473361870249543,0.6737430445315874,13.41702014321721,43.84318374190461,34.03600590071049,5.782724621645109,2.444820806402229,25.420625446727435,3728.87154182919
4003,400.3000000000225,43.81767766254376,33.99112889503168,9.73517308992701,3728.804012397581,25.266975345602386,123.38618878288793,124.38535200000003,13.37296597514985,0.1,8.713541712801145,3715.122184732618,35.12,25.245447461053207,3735.1397164852638,5.738639960564255,2.4728315365444438,5.783400000000012,2.447000000000001,101.60202382749227,48.179770223107546,32.7236477411917,0.47420089096759394,0.6791989166751377,13.314083638352146,43.83354171280114,34.0322324487787,5.78474455782886,2.4466012934234196,25.231886404250414,3728.609416658844
4004,400.40000000002254,43.81767766255001,33.99112889502629,9.735173089935477,3726.1004079402433,25.273872121882388,123.3861887824912,124.38535200000003,13.372965975193349,0.1,8.722955882300703,3715.122184732618,35.12,25.245447461053207,3735.1397164852638,5.738639960564255,2.4728315365444438,5.783400000000012,2.447000000000001,101.62975672471093,48.14483702692109,32.72364774129814,0.473727760239879,0.6796917335705196,13.345138739488261,43.8429558823007,33.959136473822994,5.783526760745919,2.4458042027178823,25.257343449629968,3725.991818259012
4005,400.50000000002257,43.79617627281948,34.009683218530625,9.739645703312187,3723.396803481832,25.28076889816263,123.60587253955086,124.38535200000003,13.360176483120192,0.1,8.728697408507927,3715.122184732618,35.12,25.245447461053207,3735.1397164852638,5.568444758380887,2.473051448560015,5.783400000000012,2.447000000000001,101.70667462124217,48.19556142780475,32.692351854195124,0.47386822553471586,0.6783270260927889,13.363515775374736,43.848697408507924,33.96852777631943,5.7813260794168935,2.4485658900049927,25.23364896951828,3723.536032483309
4006,400.6000000000226,43.77467488308818,34.028242605861195,9.744220739813292,3721.287634421581,25.284304802984742,123.82856025891591,124.38535200000003,13.347386991041958,0.1,8.60526360424047,3715.122184732618,35.12,25.245447461053207,3735.1397164852638,5.568444758380887,2.473051448560015,5.783400000000012,2.447000000000001,101.77121824160591,48.255040088735406,32.66105596707968,0.4741521318353235,0.6768423755740292,13.300983456953508,43.72526360424047,34.05430234378659,5.783076474459122,2.4457227822256145,25.116698738139586,3721.33121314141
4007,400.7000000000226,43.76365134621477,34.03775977257773,9.745779500053938,3719.7810290870143,25.284471723539315,123.97272187266265,124.38535200000003,13.337409495663959,0.1,8.620981136358914,3715.122184732618,35.12,25.19617623496017,3725.8756821838674,5.568444758380887,2.473051448560015,5.726700000000012,2.447000000000001,101.78903419141008,48.2916594211594,32.63664103588972,0.47442889899464935,0.6758235568436419,13.23651891989217,43.74098113635891,34.03039270355626,5.725834927171306,2.445721822024725,25.277363206329053,3719.848772385609
4008,400.80000000002264,43.763130954693835,34.03820908531618,9.649923976544287,3718.664506148224,25.282970639412824,122.99651187758491,124.38535200000003,13.3302824483137,0.1,8.665397283235258,3715.122184732618,35.12,25.19617623496017,3725.8756821838674,5.568444758380887,2.473051448560015,5.6700000000000115,2.447000000000001,100.7287832713484,47.89701089297268,32.61920115102364,0.4755047101476967,0.6810279084828953,13.225761670066955,43.785397283235255,33.99863382560105,5.669307880795275,2.4477929237856415,25.338986807206346,3718.652601546233
4009,400.90000000002266,43.76781073456658,34.03416860973206,9.549924155762666,3714.9064871567484,25.2886312670767,121.93216893747986,124.38535200000003,13.325000698893437,0.1,8.666939351725219,3715.122184732618,35.12,25.19617623496017,3725.8756821838674,5.568444758380887,2.473051448560015,5.613300000000011,2.447000000000001,99.65130287260273,47.43455193846391,32.606276710192255,0.47600533631863995,0.6873950607247615,13.27697488672697,43.786939351725216,34.049343138675546,5.613149915383535,2.4455193168762994,25.205066501697647,3714.9636918145998
4010,401.0000000000227,43.75016316176169,34.04940660260827,9.453797999372522,3708.2684959367903,25.302497776905042,121.06735608469727,124.38535200000003,13.307223263303033,0.1,8.606722379201592,3715.122184732618,35.12,25.19617623496017,3725.8756821838674,5.408512224811225,2.4686672214493273,5.613300000000011,2.447000000000001,98.64794382561944,47.01396149149886,32.56277532530253,0.476583288695867,0.6926192622842596,13.343525320838081,43.72672237920159,34.05238565618893,5.613991671922703,2.448017674081744,25.291991392801144,3708.1849150835214
4011,401.1000000000227,43.70693293072084,34.086748639327645,9.462724104175079,3699.290434702742,25.321137506669615,121.58318330636473,124.38535200000003,13.275822021949505,0.1,8.583520323027884,3715.122184732618,35.12,25.19617623496017,3725.8756821838674,5.408512224811225,2.4686672214493273,5.613300000000011,2.447000000000001,98.8189318058948,47.09996202173776,32.485936487710454,0.4766289329483333,0.6897231991974307,13.317591866982792,43.70352032302788,34.09394280552473,5.612266333385913,2.4457013667438376,25.352659540443064,3699.188769965119
4012,401.2000000000227,43.648821709206814,34.136977046543834,9.474924532337237,3691.7081341931,25.33302215379838,122.28655382672896,124.38535200000003,13.233351000467966,0.1,8.529879889486686,3715.122184732618,35.12,25.253799172082537,3713.461077529072,5.408512224811225,2.4686672214493273,5.556600000000011,2.447000000000001,98.99975766093084,47.27534231511553,32.38200989814513,0.4775298791844641,0.6849661644394165,13.269050199726655,43.649879889486684,34.151948719555605,5.556205914257564,2.4485207409352836,25.178043710201326,3691.7352216906615
4013,401.30000000002275,43.611770133318174,34.169021869208805,9.381561960269341,3686.0290619463167,25.335808780237876,121.66889430705034,124.38535200000003,13.19748267216973,0.1,8.507162019671497,3715.122184732618,35.12,25.253799172082537,3713.461077529072,5.408512224811225,2.4686672214493273,5.499900000000011,2.447000000000001,97.98171101527771,46.96420053792667,32.29424009879934,0.47931598714992657,0.687635256831842,13.213244209158121,43.627162019671495,34.20199747376465,5.500183980713197,2.4460434243370757,25.265742012685564,3686.0967106960343
4014,401.40000000002277,43.603082546730406,34.17653768459149,9.279590216275164,3678.678684149128,25.340426948443437,120.78786713125015,124.38535200000003,13.170617629361416,0.1,8.501705098547468,3715.122184732618,35.12,25.253799172082537,3713.461077529072,5.408512224811225,2.4686672214493273,5.499900000000011,2.447000000000001,96.8755489635985,46.53114997872179,32.2285013390474,0.4803188263346628,0.6926220683087599,13.223457434930195,43.621705098547466,34.150795382435014,5.500762031680257,2.44621080727671,25.325660547046624,3678.6847948238956
4015,401.5000000000228,43.58868494553275,34.18899517498187,9.276770565089361,3668.944362508997,25.35151866718758,121.16108483615177,124.38535200000003,13.135846419276781,0.1,8.40884213364739,3715.122184732618,35.12,25.253799172082537,3713.461077529072,5.268303404000203,2.4524142795169244,5.499900000000011,2.447000000000001,96.88685793651592,46.55141608351308,32.143416187970296,0.4804719347387176,0.6904927689053565,13.130325237244246,43.52884213364739,34.19003695727076,5.498462640016438,2.4471980950995906,25.254912859284847,3669.0899860220466
4016,401.6000000000228,43.55410540317601,34.21892431754483,9.279106022675515,3660.219918968108,25.360796259244772,121.74968799800844,124.38535200000003,13.089797882436962,0.1,8.455064076082763,3715.122184732618,35.12,25.253799172082537,3713.461077529072,5.268303404000203,2.4524142795169244,5.499900000000011,2.447000000000001,96.94807861604495,46.666330722754715,32.03073541832326,0.4813538482549299,0.6863778429167333,13.018900267354107,43.57506407608276,34.22643207212197,5.501094638228892,2.4443185326976637,25.387998814479456,3660.082426921034
4017,401.70000000002284,43.525181582178504,34.24396840284262,9.280425562963968,3653.0881582889815,25.365028645524283,122.26428985109038,124.38535200000003,13.048526608006977,0.1,8.421782179112355,3715.122184732618,35.12,25.261987259604,3693.352573732916,5.268303404000203,2.4524142795169244,5.443200000000011,2.447000000000001,96.97881723790628,46.77226483925768,31.929744609793087,0.4822936201058938,0.6826640685356181,13.063767403126374,43.54178217911235,34.18583241786904,5.443119397745816,2.447819151229977,25.483941856788213,3653.1631590886122
4018,401.80000000002286,43.5119866947135,34.25539641996147,9.179690664603035,3647.348842647782,25.365088092568126,121.45524686369014,124.38535200000003,13.014789573572898,0.1,8.384270524426498,3715.122184732618,35.12,25.261987259604,3693.352573732916,5.268303404000203,2.4524142795169244,5.3865000000000105,2.447000000000001,95.86757550612462,46.389768042978844,31.847190086532894,0.4838942447231825,0.6865132426837606,13.049595990689022,43.504270524426495,34.2389019451616,5.385263651383214,2.446988362679901,25.429785939785106,3647.3539309471653
4019,401.9000000000229,43.51180136260962,34.25555694862535,9.077589208475775,3639.4203629246267,25.370892256446673,120.52053673871085,124.38535200000003,12.9876395473554,0.1,8.374211885290926,3715.122184732618,35.12,25.261987259604,3693.352573732916,5.268303404000203,2.4524142795169244,5.32980000000001,2.447000000000001,94.76270753788587,45.932691599678826,31.780753972378676,0.48471273978020374,0.6918983596554767,12.970994721691342,43.49421188529092,34.26796836873529,5.328692453817113,2.4459755919116146,25.4915700227983,3639.5135866688615
4020,402.0000000000229,43.493706301301856,34.27123211607025,8.982916609192385,3628.962680347591,25.384376643279296,119.79002920920888,124.38535200000003,12.950133606611637,0.1,8.336505457397656,3715.122184732618,35.12,25.261987259604,3693.352573732916,5.139130452767829,2.43005374184995,5.32980000000001,2.447000000000001,93.76769866672879,45.52309597763404,31.688976935378687,0.4854880371910718,0.6961076845684617,12.949936792784138,43.456505457397654,34.282568556151894,5.328643037697226,2.446520064850464,25.41569669435809,3629.1860386083686
4021,402.10000000002293,43.45166737691247,34.30766292393737,8.987477867705195,3616.5283403245485,25.402457767838772,120.43744220438589,124.38535200000003,12.900663186462122,0.1,8.31877556075662,3715.122184732618,35.12,25.261987259604,3693.352573732916,5.139130452767829,2.43005374184995,5.32980000000001,2.447000000000001,93.88489004940493,45.61230437971818,31.567922817272823,0.4858322181100247,0.6920922598970841,12.835050042620496,43.43877556075662,34.34826765062835,5.330823216083913,2.4465508340596833,25.44579481150056,3616.4807124793238
4022,402.20000000002295,43.395297662985854,34.35654313223088,8.995129451575746,3605.8458148494415,25.41427194934757,121.23893275417494,124.38535200000003,12.841842121595175,0.1,8.275130506833186,3715.122184732618,35.12,25.260048585266407,3664.1275098758006,5.139130452767829,2.43005374184995,5.27310000000001,2.447000000000001,94.01314230969953,45.78021992029249,31.423987671543404,0.48695553404100234,0.6864097142009238,12.903520513304244,43.39513050683318,34.36277175992571,5.273579242948082,2.4464555750099373,25.31274461900991,3605.911759689317
4023,402.300000000023,43.35846577071402,34.388500192220455,8.908583044264578,3597.3320175518857,25.417564646258256,120.72160186835136,124.38535200000003,12.79130807453279,0.1,8.229177682856097,3715.122184732618,35.12,25.260048585266407,3664.1275098758006,5.139130452767829,2.43005374184995,5.21640000000001,2.447000000000001,93.06842833702257,45.47724319021944,31.30033085838175,0.488643076957695,0.688263594331359,12.777767744039108,43.349177682856094,34.38141868129882,5.214702354729268,2.448522594600347,25.406630573002243,3597.4930603190382
4024,402.400000000023,43.34820045882526,34.39740950126178,8.819460093101467,3587.418390812176,25.422197625375514,119.98792931481468,124.38535200000003,12.751033269261615,0.1,8.22126543767947,3715.122184732618,35.12,25.260048585266407,3664.1275098758006,5.139130452767829,2.43005374184995,5.21640000000001,2.447000000000001,92.09983096366918,45.07629435874555,31.201778409883186,0.48942863289865207,0.6921992779965401,12.692018653419442,43.34126543767947,34.401628222749935,5.217116078457031,2.44680464215046,25.294903435846706,3587.4939455081085
4025,402.500000000023,43.33375668312931,34.4099472718772,8.81373877554074,3575.5195424870462,25.432110105532068,120.43861534231168,124.38535200000003,12.7041365236006,0.1,8.275732859017324,3715.122184732618,35.12,25.260048585266407,3664.1275098758006,5.0327488818921005,2.39616935951132,5.21640000000001,2.447000000000001,92.07244845717176,45.09553331789012,31.08702207325068,0.4897831443992355,0.6893592288644241,12.658750151324409,43.39573285901732,34.42121493951236,5.217940869655329,2.445325583768487,25.222555143353784,3575.51022004212
4026,402.60000000002304,43.30285353499323,34.43678010587161,8.811801910002778,3564.8401913691123,25.44041792408468,121.0516737779053,124.38535200000003,12.647848620271798,0.1,8.169080963761466,3715.122184732618,35.12,25.260048585266407,3664.1275098758006,5.0327488818921005,2.39616935951132,5.21640000000001,2.427000000000001,92.08109136717923,45.189702462222726,30.696328601399667,0.49075984864282185,0.6792770682006792,12.586187006001424,43.289080963761464,34.50855109916006,5.216982689804924,2.42809438032126,25.336831796137073,3565.0978463742294
4027,402.70000000002307,43.27695307987361,34.4592772188157,8.809273930625107,3555.819695872255,25.444514184004504,121.59028845263734,123.45303200000002,12.621302281765976,0.1,8.131188662054988,3715.122184732618,35.12,25.212249548950588,3628.207141997118,5.0327488818921005,2.39616935951132,5.21640000000001,2.427000000000001,92.0679376339508,45.27591515677926,30.631900637846034,0.49176636644984867,0.6765606069314195,12.675384655303079,43.251188662054986,34.47477776058832,5.216184807612302,2.4283487252481417,25.500479561296753,3555.897057600543
4028,402.8000000000231,43.26418257994756,34.47037236865413,8.803853697933086,3550.779356444946,25.445148337819244,121.99552877379125,123.45303200000002,12.578630523572988,0.1,8.143801830382117,3715.122184732618,35.12,25.212249548950588,3628.207141997118,5.0327488818921005,2.39616935951132,5.15970000000001,2.427000000000001,92.01023877801593,45.3624202342523,30.528336280711653,0.49301491699954997,0.6729873786068471,12.546850913360714,43.263801830382114,34.45418014044372,5.159803486761185,2.4278105241876156,25.473674887146064,3550.854943669034
4029,402.9000000000231,43.262205542014726,34.47209020048688,8.72110219408224,3546.83554411131,25.444390284010446,121.08245358409826,123.45303200000002,12.554787027910509,0.1,8.175643968166433,3715.122184732618,35.12,25.212249548950588,3628.207141997118,5.0327488818921005,2.39616935951132,5.1030000000000095,2.427000000000001,91.0915957021551,44.97289887310113,30.470468116738818,0.4937107372687855,0.6775295540257823,12.520565257353685,43.29564396816643,34.48007345984825,5.102273011565868,2.426985674928431,25.480654497222492,3546.827744332745
4030,403.00000000002314,43.264568850569034,34.470036746320154,8.645026758261235,3540.42107021762,25.449599200112523,120.12701950995334,123.45303200000002,12.53613069064854,0.1,8.1014862115983,3715.122184732618,35.12,25.212249548950588,3628.207141997118,4.938736180274943,2.3611719291023463,5.1030000000000095,2.427000000000001,90.26806084019513,44.53733598919588,30.425189186204015,0.4933897502023663,0.6831389554504277,12.526765862401122,43.2214862115983,34.484937879450044,5.103770029993118,2.426931570260469,25.495775438869735,3540.495865315936
4031,403.10000000002316,43.248329533729205,34.484148153530164,8.64333604607821,3531.4213171850356,25.46088343844806,120.44379492832353,123.45303200000002,12.505786805545759,0.1,8.105186531085813,3715.122184732618,35.12,25.212249548950588,3628.207141997118,4.938736180274943,2.3611719291023463,5.1030000000000095,2.407000000000001,90.28936019253362,44.54126863037875,30.101428840948653,0.4933169150318339,0.6758098672658459,12.387617080327034,43.22518653108581,34.520582908607274,5.103208163915473,2.4062649418708006,25.458628019271906,3531.343991136843
4032,403.2000000000232,43.21314979229433,34.514728044367885,8.64482294498756,3523.27871683623,25.47000450059436,120.95060456764094,122.52071200000002,12.487185862432508,0.1,8.14125807558436,3715.122184732618,35.12,25.240069326563162,3596.3335506474605,4.938736180274943,2.3611719291023463,5.1030000000000095,2.407000000000001,90.3381790073807,44.62555818207212,30.056656370875057,0.49398337084507954,0.6735300934106865,12.542385410135338,43.26125807558436,34.53292088348365,5.103180381359179,2.4065978431738664,25.428041596036433,3523.3818755037023
4033,403.3000000000232,43.18471396894702,34.5394557105256,8.644834036854855,3519.0302123077163,25.474049985810066,121.39257520777947,122.52071200000002,12.448667016847203,0.1,8.044440680673063,3715.122184732618,35.12,25.240069326563162,3596.3335506474605,4.938736180274943,2.3611719291023463,5.046300000000009,2.407000000000001,90.35265062871214,44.734618449899415,29.96394150955123,0.4951113015347854,0.6698155153175025,12.509358615072209,43.16444068067306,34.48799876349581,5.046557607902306,2.4062399778549834,25.414162251596466,3519.0808958761863
4034,403.4000000000232,43.17210176423855,34.550426063232436,8.579079773480625,3515.977622292694,25.474082004847464,120.51705691375732,122.52071200000002,12.428569322880644,0.1,7.988025048184767,3715.122184732618,35.12,25.240069326563162,3596.3335506474605,4.938736180274943,2.3611719291023463,4.989600000000009,2.407000000000001,89.62414016084264,44.37345420519914,29.915566360173724,0.4951060520699554,0.6741770929491575,12.375625929860815,43.108025048184764,34.569445099926256,4.990896545448691,2.4071773646654133,25.408614343485933,3515.819207151584
4035,403.50000000002325,43.172001941687554,34.55051289787138,8.518476179682285,3510.5559947454044,25.477297024318144,119.55107128583697,122.52071200000002,12.414128942856205,0.1,8.05187827582008,3715.122184732618,35.12,25.240069326563162,3596.3335506474605,4.852480971254336,2.322949764784746,4.989600000000009,2.407000000000001,88.96381725897263,43.949910419353216,29.880808365454897,0.49402006089077255,0.6798832598370205,12.431237634275837,43.17187827582008,34.54940829495842,4.988283752247708,2.407219675747667,25.405932240023386,3510.6246784758305
4036,403.6000000000233,43.161978796985764,34.55923248690552,8.515100164650693,3502.520536940314,25.48507214234375,119.7931377372601,122.52071200000002,12.388481750881994,0.1,8.049097893814839,3715.122184732618,35.12,25.240069326563162,3596.3335506474605,4.852480971254336,2.322949764784746,4.989600000000009,2.387000000000001,88.95354126938022,43.93809752085144,29.57130593935533,0.4939443319945252,0.673021992482079,12.471679241868015,43.169097893814836,34.5568059816409,4.990929459830287,2.382858905139957,25.43923231659541,3502.5280272415193
4037,403.7000000000233,43.137739089029125,34.58032425880777,8.512436146009923,3495.140079165079,25.491687424143105,120.19720047858158,121.58839200000003,12.374442438866348,0.1,8.01544203566327,3715.122184732618,35.12,25.242876060981647,3562.5222341933722,4.852480971254336,2.322949764784746,4.989600000000009,2.367000000000001,88.94709093020192,43.99340292282785,29.290305252796657,0.4946019309091301,0.6657885798054084,12.345358415837488,43.13544203566327,34.58778006564324,4.990477287323471,2.366697567822021,25.46194998842661,3495.2852341206617
4038,403.8000000000233,43.117115286491455,34.59827477907938,8.509566110770386,3491.3756975966817,25.495082287312094,120.56261857965151,120.65607200000002,12.363501626583911,0.1,7.995193012806055,3715.122184732618,35.12,25.242876060981647,3562.5222341933722,4.852480971254336,2.322949764784746,4.989600000000009,2.367000000000001,88.92710736228521,44.079623278763925,29.26440835012413,0.49568263925627803,0.6638987852743907,12.33241714011462,43.11519301280605,34.59135263541044,4.989438453631243,2.3682529647654165,25.4571733452291,3491.498747423138
4039,403.90000000002334,43.10653146107582,34.60748852514365,8.508128542677122,3491.1228249133396,25.495782292395067,120.75005541463184,120.65607200000002,12.345694092608781,0.1,7.972223886404095,3715.122184732618,35.12,25.242876060981647,3562.5222341933722,4.852480971254336,2.322949764784746,4.932900000000009,2.367000000000001,88.91360570248987,44.14495563216385,29.222257917204995,0.4964926940413985,0.6619614290859943,12.335668300498872,43.09222388640409,34.56695219267866,4.932182228282669,2.3667149741644167,25.451730634745843,3491.1565098173965
4040,404.00000000002336,43.10434912522915,34.609388509545184,8.456041506885287,3491.3771316916145,25.4950965366366,119.68444752816599,120.65607200000002,12.344497869851288,0.1,7.967687123214105,3715.122184732618,35.12,25.242876060981647,3562.5222341933722,4.771280237138338,2.2840421115114458,4.932900000000009,2.367000000000001,88.33356080375451,43.75856785885191,29.21942645793801,0.4953787378283975,0.6677418363459355,12.322212223101808,43.0876871232141,34.56991314119262,4.931552637648443,2.367661043224856,25.59129431588019,3491.315219458363
4041,404.1000000000234,43.10648703738174,34.60752720076309,8.455877336523942,3488.748043462665,25.498034040286317,119.66546792951773,120.65607200000002,12.345700876643228,0.1,7.979743987462939,3715.122184732618,35.12,25.242876060981647,3562.5222341933722,4.771280237138338,2.2840421115114458,4.932900000000009,2.347000000000001,88.34191756842644,43.71868261641667,28.97535995748167,0.49488038996384437,0.6627683686562234,12.365420242945314,43.099743987462936,34.64544471967759,4.933850387711803,2.346847655744114,25.72571116518997,3488.696754575213
4042,404.2000000000234,43.097329076003376,34.61550065592029,8.454962042068066,3486.067598932137,25.501285784870753,119.80246617257403,119.72375200000002,12.357236578254652,0.1,7.97445296550999,3715.122184732618,35.12,25.27311746008566,3540.3911892031188,4.771280237138338,2.2840421115114458,4.932900000000009,2.327000000000001,88.34303052149527,43.735105657175836,28.755289517598584,0.49506005622633004,0.6574875968747216,12.387578716167027,43.09445296550999,34.629338714054064,4.9320582837781215,2.326466023325136,25.65633716471357,3485.8349444693754
4043,404.30000000002343,43.08719143708694,34.624328146764284,8.45419702553254,3486.2805891465305,25.50331358267779,119.94628188720816,118.79143200000001,12.368529337149301,0.1,7.973311184517037,3715.122184732618,35.12,25.27311746008566,3540.3911892031188,4.771280237138338,2.2840421115114458,4.932900000000009,2.327000000000001,88.34156844813091,43.790282358619514,28.781567767546434,0.49569283325924474,0.6572592414874251,12.260159190074962,43.093311184517034,34.60370511494493,4.932908197279512,2.327491579585357,25.43036289394334,3486.1950334871485
4044,404.40000000002345,43.08086957464373,34.62983356675923,8.455674497241901,3489.405461288678,25.50396768769808,119.96794569916626,118.79143200000001,12.369536894542268,0.1,8.006315068156866,3715.122184732618,35.12,25.27311746008566,3540.3911892031188,4.771280237138338,2.2840421115114458,4.876200000000009,2.327000000000001,88.36022531353775,43.83744924824687,28.783912353599867,0.49612197221876586,0.6566055472479613,12.30724352756395,43.12631506815686,34.63849926501505,4.8774726523178416,2.325921476776926,25.47610098376098,3489.528199701137
4045,404.5000000000235,43.07883033683247,34.63160953880031,8.41203124986837,3492.5889528611347,25.503617587712824,118.78653950599241,118.79143200000001,12.384319207607017,0.1,7.9840274707568994,3715.122184732618,35.12,25.27311746008566,3540.3911892031188,4.700156892344273,2.2504017303753683,4.8195000000000086,2.327000000000001,87.8748401356485,43.44535238150759,28.81831079610154,0.4944003575362746,0.663323214484226,12.312263883309276,43.1040274707569,34.6410735838494,4.819113824411838,2.3266551748984483,25.469498914749693,3492.469286194963
4046,404.6000000000235,43.0799218085465,34.630658970509494,8.372267273510293,3492.575714414823,25.506273594732352,117.60256900589805,118.79143200000001,12.399378821863976,0.1,7.908581707508567,3715.122184732618,35.12,25.27311746008566,3540.3911892031188,4.700156892344273,2.2504017303753683,4.8195000000000086,2.307000000000001,87.44280955895529,43.012160352893936,28.605366942040202,0.49188904805139494,0.6650530154111541,12.395349132270844,43.028581707508565,34.65416039985883,4.820797520285823,2.30589477251134,25.254526858663166,3492.551374223812
4047,404.7000000000235,43.071641441062425,34.63787071085361,8.37307567259858,3489.358807271956,25.512085000974444,117.637863751521,117.85911200000001,12.42328888910008,0.1,7.972564743618811,3715.122184732618,35.12,25.34224476007036,3523.3491948340275,4.700156892344273,2.2504017303753683,4.8195000000000086,2.287000000000001,87.47170397038646,42.98544000651154,28.412061689371892,0.4914210888250703,0.6609694279055411,12.291587943328343,43.09256474361881,34.59204299949853,4.820345602088295,2.286983144044176,25.483045196737578,3489.5049953768935
4048,404.80000000002354,43.05352380096208,34.65365278879039,8.371595057353037,3488.7601385654607,25.516666091311638,117.82956173763539,116.92679200000002,12.43204389351314,0.1,7.9408335697816455,3715.122184732618,35.12,25.34224476007036,3523.3491948340275,4.700156892344273,2.2504017303753683,4.8195000000000086,2.287000000000001,87.47097672326082,43.04810034791262,28.43208438446456,0.49214153037421166,0.6604724518545037,12.39287075435517,43.06083356978164,34.64026663685767,4.818984000902863,2.2858105495396783,25.60963503785979,3488.624422226439
4049,404.90000000002357,43.039241793726845,34.6660962231567,8.372362771671554,3491.2029149255386,25.518800279967106,117.91242846633627,116.92679200000002,12.429211871005045,0.1,7.92846992837184,3715.122184732618,35.12,25.34224476007036,3523.3491948340275,4.700156892344273,2.2504017303753683,4.762800000000008,2.287000000000001,87.48681469721066,43.108537870916976,28.42560754898855,0.49274325531355073,0.659396234548836,12.432960239010695,43.04846992837184,34.679770890176364,4.764743782870642,2.287034026740325,25.388316665043764,3491.141212965229
4050,405.0000000000236,43.03258824717456,34.67189399820664,8.3321170914443,3493.8699177715835,25.518859363401763,116.788136884833,116.92679200000002,12.44076750696685,0.1,7.870719986529636,3715.122184732618,35.12,25.34224476007036,3523.3491948340275,4.62900890940168,2.217215197979396,4.762800000000008,2.287000000000001,87.04027033753886,42.7301167257965,28.452035288433194,0.49092352953513047,0.6658543778621715,12.403053574934434,42.99071998652963,34.65161661301911,4.764837001500049,2.286688675286546,25.548110589687596,3493.8421849352676
4051,405.1000000000236,43.03240404865866,34.67205451221921,8.334684731545629,3493.4947352378613,25.521016285980807,116.69401874866058,116.92679200000002,12.453383853883281,0.1,7.962833569847646,3715.122184732618,35.12,25.34224476007036,3523.3491948340275,4.62900890940168,2.217215197979396,4.762800000000008,2.267000000000001,87.0761316967858,42.69109625150802,28.23182119675341,0.4902732289505674,0.6613046671472191,12.446478866843526,43.082833569847644,34.72170856645442,4.761436598506843,2.2662490063377154,25.70071358634816,3493.560782776201
4052,405.20000000002364,43.025679626826246,34.677914552894705,8.334575525055556,3492.864881387067,25.52295339246582,116.73509736781779,115.99447200000002,12.475581732406166,0.1,7.911487945053828,3715.122184732618,35.12,25.430702829475567,3516.4628091697623,4.62900890940168,2.217215197979396,4.762800000000008,2.267000000000001,87.08152854407024,42.69842473779494,28.282143787364788,0.4903270010492077,0.6623697234977984,12.47942210013188,43.031487945053826,34.60944611666056,4.764418681437543,2.2675099019128555,25.509114667199594,3493.0009443213307
4053,405.30000000002366,43.019640503648574,34.683177807792084,8.334202043996827,3494.868916374901,25.5239489021051,116.78257862018403,115.99447200000002,12.472602187521144,0.1,7.8839179147694765,3715.122184732618,35.12,25.430702829475567,3516.4628091697623,4.62900890940168,2.217215197979396,4.706100000000008,2.267000000000001,87.08077846323175,42.740300279977625,28.275389159110443,0.49081210611850384,0.6615627165435827,12.414404385433597,43.003917914769474,34.72605491810673,4.705020330246333,2.2667450526720874,25.33475216735632,3494.8532231607905
4054,405.4000000000237,43.01653690279714,34.68588283307359,8.291249713849108,3497.0014293964923,25.52411952967838,115.66426356572569,115.99447200000002,12.482082342623592,0.1,7.8093991985554325,3715.122184732618,35.12,25.430702829475567,3516.4628091697623,4.62900890940168,2.217215197979396,4.706100000000008,2.267000000000001,86.60447025041418,42.356847013301994,28.296880670727692,0.48908384164037333,0.6680591844298791,12.45248522176934,42.92939919855543,34.65260315322114,4.705559944795293,2.267131292464974,25.48053026060355,3497.1093902854514
4055,405.5000000000237,43.01600495427469,34.686346477447415,8.293213806367266,3496.1079287356742,25.527093658397376,115.59082998701209,115.99447200000002,12.492170267398063,0.1,7.8907755538379405,3715.122184732618,35.12,25.430702829475567,3516.4628091697623,4.563478677174192,2.184913309542315,4.706100000000008,2.267000000000001,86.6363710327162,42.31913975297457,28.31974999619142,0.4884685178814073,0.6691948409513889,12.494598602165972,43.01077555383794,34.678731392163336,4.705773027796979,2.2701087664777257,25.566698485179803,3496.2526198093306
4056,405.6000000000237,43.006732810580345,34.69442854161161,8.29224111226429,3495.0157264540117,25.52984439847837,115.65940230921916,115.99447200000002,12.487943532385891,0.1,7.9035934020653045,3715.122184732618,35.12,25.430702829475567,3516.4628091697623,4.563478677174192,2.184913309542315,4.706100000000008,2.2470000000000008,86.63490473339755,42.33101631111862,28.060409117271107,0.48861387268081236,0.6628805911730683,12.469420551914938,43.0235934020653,34.71661280126777,4.706105793176966,2.247282427497735,25.563758486242513,3495.0161485824933
4057,405.70000000002375,42.99815710330384,34.70190439520984,8.291121262306904,3494.1090718714577,25.53135870848863,115.73263913915835,115.06215200000001,12.506749524807354,0.1,7.861391742074289,3715.122184732618,35.12,25.464262673871985,3512.1706280365224,4.563478677174192,2.184913309542315,4.706100000000008,2.2270000000000008,86.62760653143941,42.34683259069915,27.85253119174599,0.4888376152390911,0.657724072564128,12.545002666579897,42.98139174207429,34.7108582509973,4.705367536404278,2.227907550781617,25.57060964142397,3494.1880643114387
4058,405.8000000000238,42.993436090415855,34.706020271405805,8.290243600025587,3495.923322022955,25.531746015423273,115.78399459586592,114.12983200000001,12.526433256877645,0.1,7.8674770037000314,3715.122184732618,35.12,25.464262673871985,3512.1706280365224,4.563478677174192,2.184913309542315,4.706100000000008,2.2270000000000008,86.61917325503823,42.387621217691255,27.896366863066525,0.48935610471467716,0.6581253220084797,12.580529516326973,42.98747700370003,34.69029931379327,4.706012615965435,2.2275338884909313,25.609528407145092,3496.0079873831983
4059,405.9000000000238,42.992228622316404,34.70707300614946,8.291844984082562,3500.3992687859577,25.531532582554174,115.72425568555389,114.12983200000001,12.5350156284107,0.1,7.905872661787022,3715.122184732618,35.12,25.464262673871985,3512.1706280365224,4.563478677174192,2.184913309542315,4.649400000000008,2.2270000000000008,86.63623414280053,42.419993545299164,27.91547980447064,0.4896333960612745,0.658073645736425,12.496622638410996,43.02587266178702,34.71832992847055,4.650665089685704,2.227136793488819,25.545811591058914,3500.4098809713555
4060,406.0000000000238,42.99289402062911,34.70649287462657,8.246007086125893,3504.7135699024534,25.531027688087857,114.50601043150468,114.12983200000001,12.556189245538729,0.1,7.865044753627423,3715.122184732618,35.12,25.464262673871985,3512.1706280365224,4.501295373702871,2.15490680425335,4.649400000000008,2.2270000000000008,86.12545496284355,42.02516536609724,27.96263344981476,0.487952898295026,0.6653783085972796,12.550303738289015,42.98504475362742,34.68492715762853,4.648963300931027,2.228694914540942,25.587248195628877,3504.7543815947633
4061,406.10000000002384,42.994468079617306,34.70512054113144,8.249911270931515,3505.731459339086,25.534076516850313,114.34742466764231,114.12983200000001,12.576598192483935,0.1,7.87010842720656,3715.122184732618,35.12,25.464262673871985,3512.1706280365224,4.501295373702871,2.15490680425335,4.649400000000008,2.2070000000000007,86.17910399434685,41.97915101954412,27.756552210812053,0.4871151946798827,0.661198512516118,12.510508893007653,42.99010842720656,34.722002481990046,4.648055146903654,2.2066738900460985,25.445770553006366,3505.9468234882966
4062,406.20000000002386,42.98496305106747,34.71340785374415,8.2501259505946,3506.320236523881,25.537053054172155,114.34778227139886,113.19751200000002,12.605386044948398,0.1,7.896833930279364,3715.122184732618,35.12,25.478548781459185,3512.611104505449,4.501295373702871,2.15490680425335,4.649400000000008,2.1870000000000007,86.19153474305692,41.98633259856202,27.567979280302154,0.48712826292890893,0.6565941241852193,12.620574883771505,43.01683393027936,34.74213900005779,4.649760504387158,2.187747959151646,25.576360445172156,3506.126892874854
4063,406.3000000000239,42.975683398312896,34.721499618754045,8.249969212717374,3509.4327168270343,25.53867047277241,114.3626222572081,112.26519200000001,12.632143967432356,0.1,7.861856390368544,3715.122184732618,35.12,25.478548781459185,3512.611104505449,4.501295373702871,2.15490680425335,4.649400000000008,2.1870000000000007,86.1952525644309,42.02905670369642,27.62649885677457,0.48760291841223763,0.6573190317246602,12.722248229280575,42.98185639036854,34.693307691392256,4.6489399283186,2.187213611048795,25.693154387347388,3509.5992595278553
4064,406.4000000000239,42.97064093408474,34.725896992982314,8.252260483720292,3515.108087672583,25.53898857629176,114.27161629345575,112.26519200000001,12.646867660484794,0.1,7.905788265083892,3715.122184732618,35.12,25.478548781459185,3512.611104505449,4.501295373702871,2.15490680425335,4.592700000000008,2.1870000000000007,86.22178049334676,42.06352568155705,27.658699573480256,0.4878526683266864,0.6575459171651733,12.778152046998322,43.02578826508389,34.71395278154785,4.593724669281688,2.18715840873288,25.50080203890486,3515.0284625018385
4065,406.50000000002393,42.96964921455282,34.726761873122925,8.199806209308255,3520.5372083309444,25.538421249031327,113.02159414318862,112.26519200000001,12.673715193689723,0.1,7.821836035230341,3715.122184732618,35.12,25.478548781459185,3512.611104505449,4.440579096121901,2.129117429791357,4.592700000000008,2.1870000000000007,85.63715046257305,41.66764782182178,27.717415128599434,0.48656041912595227,0.6652022990864278,12.655751489895524,42.94183603523034,34.69482464163746,4.592826944066012,2.186525749637628,25.681393248350332,3520.618862347101
4066,406.60000000002395,42.97141791401994,34.725219395103046,8.204600430607133,3522.5839332011565,25.541672890365046,112.82351442267057,112.26519200000001,12.699397832078589,0.1,7.826626124628461,3715.122184732618,35.12,25.478548781459185,3512.611104505449,4.440579096121901,2.129117429791357,4.592700000000008,2.1670000000000007,85.701319884215,41.61880356102454,27.51959510211431,0.48562616791961627,0.6612298467869953,12.688854440674534,42.94662612462846,34.693043056643475,4.592156164582701,2.1660093867002614,25.560086736841097,3522.683468689409
4067,406.700000000024,42.96128059699794,34.734060586464494,8.205046583629503,3524.09468035909,25.544812595769486,112.78810768659687,111.33287200000001,12.733052625262369,0.1,7.800216035459833,3715.122184732618,35.12,25.495424608061455,3516.33231010078,4.440579096121901,2.129117429791357,4.592700000000008,2.1670000000000007,85.71681225867445,41.623586228842505,27.592525038943563,0.48559419245820407,0.6629059996714962,12.706855683539153,42.92021603545983,34.7478508592096,4.591581203996139,2.1676996939138293,25.44788606478921,3524.014700912463
4068,406.800000000024,42.95149225142906,34.7425984929353,8.20506246812741,3528.0323570283053,25.546486182972984,112.77037893071416,111.33287200000001,12.740199265647759,0.1,7.8022252635595635,3715.122184732618,35.12,25.495424608061455,3516.33231010078,4.440579096121901,2.129117429791357,4.536000000000008,2.1670000000000007,85.72260457539379,41.66354471918212,27.608011808658702,0.486027517777282,0.6626419330073906,12.684319874660645,42.92222526355956,34.80881986698416,4.536771491504864,2.166002675526345,25.452651669574543,3528.023554712115
4069,406.900000000024,42.94627467596344,34.747149963680236,8.14159693353458,3531.922062012208,25.546775357873994,111.59941930658114,111.33287200000001,12.758826577942243,0.1,7.8027658441893735,3715.122184732618,35.12,25.495424608061455,3516.33231010078,4.440579096121901,2.129117429791357,4.536000000000008,2.1670000000000007,85.01830547828057,41.27638587581543,27.648377194400847,0.48549998313434056,0.6698352243722124,12.792288625393768,42.92276584418937,34.766333058591435,4.536969109412866,2.1670502186926024,25.576992128833773,3531.8739625852654
4070,407.00000000002404,42.94537314429205,34.747936431013635,8.144608827326845,3532.6433040213433,25.551117391010166,111.46500430956124,111.33287200000001,12.777226958561352,0.1,7.840105390936742,3715.122184732618,35.12,25.495424608061455,3516.33231010078,4.389012772799536,2.1047007653163723,4.536000000000008,2.1670000000000007,85.06623130359377,41.235089635217875,27.68825081920246,0.4847409953786895,0.6714730358086721,12.848461783038632,42.96010539093674,34.77995017806496,4.53606077907463,2.1673998282125715,25.394462561737733,3532.846822218366
4071,407.10000000002407,42.93183642178671,34.759746504230364,8.143085351153818,3533.0008366996585,25.555104689604086,111.48728953717541,111.33287200000001,12.780638818211765,0.1,7.822106565873149,3715.122184732618,35.12,25.495424608061455,3516.33231010078,4.389012772799536,2.1047007653163723,4.536000000000008,2.1470000000000007,85.06257068722925,41.24750794353396,27.440031542700666,0.48490784619240995,0.6652530761437727,12.791624547552477,42.94210656587315,34.77333293632471,4.535273617464304,2.147843412755601,25.610095186158333,3533.0723656053633
4072,407.2000000000241,42.91940561969031,34.77059348833133,8.14146837990782,3533.418670277445,25.5572938717898,111.51883903453408,110.400552,12.806302830758362,0.1,7.7508623255373195,3715.122184732618,35.12,25.53860313515209,3522.701604231526,4.389012772799536,2.1047007653163723,4.536000000000008,2.1470000000000007,85.05188137346886,41.264060022995935,27.49513217763821,0.48516340093410176,0.666321543791753,12.80181399436227,42.87086232553732,34.7084720481965,4.537348099535539,2.147329054197918,25.625973259759938,3533.501147006595
4073,407.3000000000241,42.912580625308124,34.77654962470957,8.140763340317868,3536.444608141619,25.55784815726437,111.52835800881087,110.400552,12.808279406590856,0.1,7.773724785391735,3715.122184732618,35.12,25.53860313515209,3522.701604231526,4.389012772799536,2.1047007653163723,4.479300000000007,2.1470000000000007,85.04588773015013,41.302922822900854,27.499375885950577,0.48565455573765864,0.6657973336139603,12.859938562683027,42.89372478539173,34.76975900888295,4.476664271294421,2.149193516695024,25.52451613194558,3536.5369208994034
4074,407.40000000002414,42.910852584912604,34.77805775733728,8.067589816116836,3539.496303100173,25.5574909737207,110.37707758407356,110.400552,12.82259370771678,0.1,7.767665088886844,3715.122184732618,35.12,25.53860313515209,3522.701604231526,4.389012772799536,2.1047007653163723,4.479300000000007,2.1470000000000007,84.23120729296743,40.91183618718822,27.530108690467937,0.48570877115522487,0.6729130553932251,12.798256826621502,42.88766508888684,34.72804696816661,4.478994218616352,2.146588691596075,25.4760215134764,3539.6562767528912
4075,407.50000000002416,42.911966140328346,34.77708590752671,8.070128109989142,3539.432784413291,25.562412462548462,110.264287287695,110.400552,12.837029853646406,0.1,7.784147499059216,3715.122184732618,35.12,25.53860313515209,3522.701604231526,4.33242200486137,2.0798656621101967,4.479300000000007,2.1470000000000007,84.2756517138131,40.86929643824504,27.561103095778844,0.48494785394280615,0.6743718511872269,12.800875513588949,42.90414749905921,34.75699014261101,4.4803658642860915,2.148380901486803,25.360378774588412,3539.406878367573
4076,407.6000000000242,42.89662290675892,34.79047783209725,8.067612281572233,3539.0640699958103,25.567299768629198,110.32025277330227,110.400552,12.836729376355738,0.1,7.79257964553566,3715.122184732618,35.12,25.53860313515209,3522.701604231526,4.33242200486137,2.0798656621101967,4.479300000000007,2.1270000000000007,84.2637845206471,40.88578031276154,27.30372338350866,0.48521177330628107,0.6678048743265992,12.820454147202357,42.91257964553566,34.76281817701739,4.480472866961361,2.1274259560150437,25.509576624259857,3538.8347976474224
4077,407.7000000000242,42.88138624132162,34.80377929333972,8.064940007826479,3538.8467908331045,25.570208114267828,110.38708085100495,109.468232,12.858957852520662,0.1,7.744902939476312,3715.122184732618,35.12,25.570986964735557,3530.821113192557,4.33242200486137,2.0798656621101967,4.479300000000007,2.1270000000000007,84.24364649495574,40.908035777760205,27.35100335231146,0.4855919405175517,0.6685973264739571,12.835357549819134,42.86490293947631,34.81367048341285,4.477768169144516,2.1266644989275663,25.730116880705314,3538.870655025844
4078,407.8000000000242,42.87231918295862,34.81169595426092,8.063375735797898,3541.3330751624826,25.571164178887134,110.42686663049585,109.468232,12.857930006113046,0.1,7.7687283231864726,3331.221699387164,35.12,25.570986964735557,3530.821113192557,4.33242200486137,2.0798656621101967,4.422600000000007,2.1270000000000007,84.22939656463797,40.95153095689972,27.34881712300246,0.4861904825053965,0.6678338143642611,12.76917689885043,42.88872832318647,34.832807765580554,4.4234885586500905,2.1279014336518554,25.73727166838577,3541.6139429226737
4079,407.90000000002425,42.86933855590148,34.81429860618746,7.981364449607286,3543.9270145865717,25.57095642747909,109.30136995524518,109.468232,12.869691457991076,0.1,7.702556881876177,3331.221699387164,35.12,25.570986964735557,3530.821113192557,4.33242200486137,2.0798656621101967,4.422600000000007,2.1270000000000007,83.31648796497166,40.56383355615058,27.373833731147027,0.4868644195996911,0.6748334989900483,12.830369152819742,42.822556881876174,34.78982857330388,4.422770781969621,2.1276432212436913,25.672777713363967,3543.946158488108
4080,408.0000000000243,42.869986241691194,34.813733045551494,7.983388133135156,3543.4755078054636,25.57651724470072,109.20534869379827,109.468232,12.881962175925645,0.1,7.71078761418201,3331.221699387164,35.12,25.570986964735557,3530.821113192557,4.288033666828281,2.204714988929335,4.422600000000007,2.1270000000000007,83.35712112162932,40.52303481312789,27.399933548193857,0.48613764808407073,0.6761569974842393,12.89014230461057,42.83078761418201,34.839126937763346,4.42253465330172,2.1263214687007106,25.54709165800238,3543.3956428244073
4081,408.1000000000243,42.852649837921035,34.82887281543383,7.980508866319422,3542.7641801002055,25.58201689243469,109.28215644575467,109.468232,12.8798263078691,0.1,7.725105990462126,3331.221699387164,35.12,25.570986964735557,3530.821113192557,4.288033666828281,2.204714988929335,4.422600000000007,2.1470000000000007,83.34300478767555,40.54339557586404,27.65298708299497,0.4864642891044341,0.6820589812525993,12.92762563351401,42.84510599046212,34.8153100929057,4.4208424921414355,2.147891411315238,25.618786624027127,3542.5234689831896
4082,408.2000000000243,42.835504136145616,34.84384928440064,7.977498942212061,3542.260684085497,25.585282649811532,109.36758026811474,110.400552,12.852488656014682,0.1,7.710737718611242,3331.221699387164,35.12,25.611651275202174,3531.598370358119,4.288033666828281,2.204714988929335,4.422600000000007,2.1670000000000007,83.32014560502951,40.56932107882452,27.851342917583825,0.48690890761448224,0.6865124231058689,12.849330625231175,42.83073771861124,34.86460138677422,4.423677591841596,2.1673179031080116,25.62909908976648,3542.013764697853
4083,408.30000000002434,42.82532281094757,34.85274401665186,7.975658017055682,3539.4655982268514,25.586351097604958,109.42110098350689,111.33287200000001,12.826134158982194,0.1,7.751931443732161,3331.221699387164,35.12,25.611651275202174,3531.598370358119,4.288033666828281,2.204714988929335,4.422600000000007,2.1670000000000007,83.30313585062261,40.55714666944215,27.794232722514423,0.48686218418197785,0.6853103584689807,12.837143430687053,42.87193144373216,34.8847725960261,4.4228116555815555,2.1667703328298247,25.577164376650302,3539.2504123543404
4084,408.40000000002436,42.821991818106795,34.85565432533793,7.973199608565237,3534.292596906267,25.586118686628065,109.53469293819396,111.33287200000001,12.81291191105465,0.1,7.684267088621695,3331.221699387164,35.12,25.611651275202174,3531.598370358119,4.288033666828281,2.204714988929335,4.365900000000007,2.1670000000000007,83.27501770112647,40.53991311787035,27.765580111255435,0.4868196277467973,0.6848949091362537,12.907028038523329,42.80426708862169,34.83710819606556,4.366211045232226,2.16813804879905,25.618334596921496,3534.4812111563933
4085,408.5000000000244,42.822716382568345,34.85502125862217,7.880180819634079,3529.426960498392,25.58560075364299,108.68347979131764,111.33287200000001,12.788440853831583,0.1,7.7420268415280376,3331.221699387164,35.12,25.611651275202174,3531.598370358119,4.250054696451323,2.231438342216988,4.365900000000007,2.1670000000000007,82.23807699568724,40.16949309961209,27.71255133025305,0.4884537013398146,0.6898904913121909,12.71379520909019,42.862026841528035,34.885684493379905,4.363083872185976,2.1674551744283255,25.59107451092928,3529.3249555372627
4086,408.6000000000244,42.82433109044263,34.85361047617799,7.876922705341924,3522.258053094722,25.592206084449742,108.85620845579366,111.33287200000001,12.765423796694956,0.1,7.7193592908030055,3331.221699387164,35.12,25.611651275202174,3531.598370358119,4.250054696451323,2.231438342216988,4.365900000000007,2.1870000000000007,82.22303743877877,40.15161252885408,27.917981843371876,0.48832558099972856,0.6953140879039224,12.73453957946834,42.839359290803,34.8587635860615,4.366863250180606,2.1870455449422765,25.739195960973962,3522.445356192421
4087,408.70000000002443,42.80373831111949,34.871604683076015,7.8696298745487905,3515.5565267747324,25.599285683862504,109.19336955649923,112.26519200000001,12.707538346274639,0.1,7.680167126435691,3331.221699387164,35.12,25.57142313637237,3518.7709662138345,4.250054696451323,2.231438342216988,4.365900000000007,2.1870000000000007,82.16457372589028,40.199344438476594,27.791386363302642,0.48925397669056087,0.6913392930035511,12.694889632672174,42.80016712643569,34.88364993125343,4.3654122262292745,2.1883578780632114,25.53709166759979,3515.397300741293
4088,408.80000000002445,42.78166695199026,34.890896047102935,7.86256848670045,3507.2445786283597,25.604003289421293,109.51856611354361,112.26519200000001,12.675836549987487,0.1,7.6767861219044775,3331.221699387164,35.12,25.57142313637237,3518.7709662138345,4.250054696451323,2.231438342216988,4.309200000000007,2.1870000000000007,82.10106913378381,40.22373725460175,27.722054534822643,0.4899295183240198,0.6891963906623603,12.614581965738983,42.796786121904475,34.8880574942799,4.31053687039239,2.1864685854502746,25.44996782150485,3507.1384505971264
4089,408.9000000000245,42.76695934490019,34.903754121991184,7.761939937133448,3499.8125696611705,25.606131927740925,108.85694578918338,112.26519200000001,12.636516598933994,0.1,7.622549839706473,3331.221699387164,35.12,25.57142313637237,3518.7709662138345,4.250054696451323,2.231438342216988,4.309200000000007,2.1870000000000007,80.98704804509858,39.89601781879114,27.636061801868653,0.49262220048537364,0.6927022623509054,12.642121310112163,42.74254983970647,34.91868814928417,4.31003813264052,2.1876635197673178,25.687894717083857,3499.671487349002
4090,409.0000000000245,42.76032310207489,34.90955661017548,7.7564427214900356,3490.5903029789547,25.613775143522,109.15664954896505,112.26519200000001,12.601359229846395,0.1,7.60382894176842,3331.221699387164,35.12,25.57142313637237,3518.7709662138345,4.21689579108261,2.246179205471873,4.309200000000007,2.1870000000000007,80.94997322621994,39.90044068417754,27.559172635674074,0.4929024568380421,0.6906984525261803,12.677594725434549,42.72382894176842,34.91561424343858,4.308265407466939,2.186252191416567,25.677551639809824,3490.551596902253
4091,409.1000000000245,42.73649461255583,34.93039534618765,7.74817098319517,3482.1789953141943,25.620894433464272,109.58223003653362,112.26519200000001,12.557732986255687,0.1,7.618416552900754,3331.221699387164,35.12,25.57142313637237,3518.7709662138345,4.21689579108261,2.246179205471873,4.309200000000007,2.2070000000000007,80.88028557073082,39.959481396330844,27.71491670066631,0.4940571254707772,0.693575485271717,12.524314643262226,42.73841655290075,34.92339543398101,4.308858225495426,2.2062672276612414,25.62530704419486,3482.1573662008436
4092,409.20000000002454,42.71429951423178,34.949811226509446,7.740326404540797,3474.9192525623935,25.6252666955354,109.96863299903389,113.19751200000002,12.493970319496354,0.1,7.589626254570156,3331.221699387164,35.12,25.490291031404414,3496.466836258539,4.21689579108261,2.246179205471873,4.309200000000007,2.2070000000000007,80.80664617760338,40.016781982597095,27.57419249512846,0.495216468886049,0.6890657151572109,12.509900972671947,42.70962625457015,34.91717876242112,4.309319384599866,2.2087023198143623,25.499535284147168,3474.8598800786317
4093,409.30000000002457,42.70066854999884,34.96173802795772,7.7340746792428146,3466.1823299958805,25.627090365763745,110.28169920767616,113.19751200000002,12.45962786155088,0.1,7.648373194491796,3331.221699387164,35.12,25.490291031404414,3496.466836258539,4.21689579108261,2.246179205471873,4.309200000000007,2.2070000000000007,80.742705368784,40.029804630705364,27.4983986904428,0.4957699206123123,0.6869481113917256,12.415093754043522,42.768373194491794,34.94630496348217,4.308615085919377,2.2068666337359657,25.52694595187339,3466.27223110629
4094,409.4000000000246,42.69498307569495,34.96671329753757,7.728075352643939,3458.292523478709,25.627456870968587,110.62369423644157,113.19751200000002,12.418297554669289,0.1,7.5921120611506865,3331.221699387164,35.12,25.490291031404414,3496.466836258539,4.21689579108261,2.246179205471873,4.309200000000007,2.2070000000000007,80.67698121958492,40.06254186729197,27.40718270315513,0.4965795851762299,0.6841099297678618,12.403458100745192,42.712112061150684,34.90956405043006,4.3079115176010525,2.2072632793412446,25.798862003505924,3458.456023264975
4095,409.5000000000246,42.69384045906834,34.967713226192686,7.723357322377154,3451.3281105992555,25.627471545653414,110.91967578523591,113.19751200000002,12.38097455883081,0.1,7.573252505346659,3331.221699387164,35.12,25.490291031404414,3496.466836258539,4.1926580474531665,2.2547376977213833,4.309200000000007,2.2070000000000007,80.62443204631415,40.08883703533122,27.324810851339606,0.49722938838567515,0.6816064738235639,12.375367095932575,42.693252505346656,35.005623122738015,4.310075781622505,2.206458353111834,25.69742087758498,3451.3783672992076
4096,409.60000000002464,42.69379470927092,34.96775326313295,7.719428294511048,3445.164584923119,25.627680610620466,111.17749899531941,113.19751200000002,12.348029168807424,0.1,7.588268706753134,3331.221699387164,35.12,25.490291031404414,3496.466836258539,4.1926580474531665,2.2547376977213833,4.309200000000007,2.2070000000000007,80.5812896333881,40.11026134871325,27.252100375557994,0.4977614720637822,0.6794296386810317,12.396003410756743,42.70826870675313,34.978699823366114,4.309217478836914,2.2071668402872233,25.63764679417846,3445.2282994108486
4097,409.70000000002466,42.693142928329635,34.96832365753892,7.715924693020779,3439.6986949966267,25.628179752498063,111.40708781185958,113.19751200000002,12.318872402711813,0.1,7.605642494414596,3331.221699387164,35.12,25.33373099704775,3466.975075062025,4.1926580474531665,2.2547376977213833,4.252500000000007,2.2070000000000007,80.5438007741385,40.12932373503562,27.187751392784982,0.4982298246337611,0.6775033532161977,12.287935723963445,42.72564249441459,34.99315350341083,4.254536719622876,2.206681552110705,25.64023991209133,3439.7393884032176
4098,409.8000000000247,42.69158680361204,34.9696854910047,7.616819871727992,3434.8540422585356,25.628851089932766,110.62676094667978,113.19751200000002,12.293015826059895,0.1,7.584085945906715,3331.221699387164,35.12,25.33373099704775,3466.975075062025,4.1926580474531665,2.2547376977213833,4.252500000000007,2.2070000000000007,79.4410564849839,39.792122192739654,27.130685928114197,0.5009012210236811,0.6818104798910267,12.358133084797426,42.70408594590671,34.964175423109424,4.252424215276579,2.205324352837019,25.548236315857125,3434.815213965878
4099,409.9000000000247,42.68949384202561,34.97151717595092,7.613757455167268,3427.897927494272,25.636782338248278,110.81254389999384,113.19751200000002,12.270098032880922,0.1,7.541692751990695,3331.221699387164,35.12,25.33373099704775,3466.975075062025,4.1926580474531665,2.2547376977213833,4.252500000000007,2.2070000000000007,79.43148933706625,39.77822719605848,27.080106358568205,0.5007866216288632,0.6807771051509178,12.327672247316789,42.66169275199069,34.98686419756302,4.252966936096873,2.2059732974403556,25.491472327882956,3427.953168516041
4100,410.0000000000247,42.66476738227718,34.9931605189036,7.606732726692515,3421.444517005021,25.64464850789761,111.14371349386731,113.19751200000002,12.23719189737132,0.1,7.522987139696795,3331.221699387164,35.12,25.33373099704775,3466.975075062025,4.173142946105286,2.26114316927893,4.252500000000007,2.2070000000000007,79.37749908416278,39.82199581857345,27.007482517498513,0.5016786403959488,0.678205146737068,12.285966898014891,42.64298713969679,35.016113398512964,4.251658963721594,2.2068599418014565,25.591395980231702,3421.424710746982
4101,410.10000000002475,42.64024381177842,35.01463288529313,7.599241283785053,3415.8872079482458,25.64954502323815,111.44764471012066,113.19751200000002,12.206663821389975,0.1,7.529590512031255,3331.221699387164,35.12,25.33373099704775,3466.975075062025,4.173142946105286,2.26114316927893,4.252500000000007,2.2270000000000008,79.30907061353429,39.866034118551504,27.184240330235486,0.5026667669933365,0.6818897573156244,12.195421367833188,42.64959051203125,34.98924436227875,4.25287447078054,2.225843681052031,25.532583373808393,3415.922223595705
4102,410.2000000000248,42.62497843555275,35.028002281430204,7.5932912955245335,3411.1522968509967,25.6515353288763,111.68872440578986,114.12983200000001,12.15640209130596,0.1,7.48881437237484,3331.221699387164,35.12,25.436959503285813,3445.575821929365,4.173142946105286,2.26114316927893,4.252500000000007,2.2270000000000008,79.24883349294983,39.89689135132572,27.072307457338383,0.5034382159691353,0.6785568133352526,12.18280260864448,42.60881437237484,35.00887584232879,4.251917780182177,2.2266966228679035,25.790275395459943,3411.1480239844072
4103,410.3000000000248,42.61877345869526,35.03343732150279,7.589388732233031,3404.5469802625585,25.651813451523875,111.87596210975121,114.12983200000001,12.134003434660379,0.1,7.468734610360968,3331.221699387164,35.12,25.436959503285813,3445.575821929365,4.173142946105286,2.26114316927893,4.252500000000007,2.2270000000000008,79.20614665613671,39.88639007267828,27.022425648988673,0.5035769540189843,0.6774848663855073,12.091365333343589,42.588734610360966,35.04133722395871,4.2532455414364465,2.226397428259137,25.69299963217629,3404.572407993161
4104,410.4000000000248,42.617906383529174,35.03419684031531,7.585532955967862,3398.448304313349,25.651507573175426,112.1184587854098,114.12983200000001,12.102756761753312,0.1,7.45495251202005,3331.221699387164,35.12,25.436959503285813,3445.575821929365,4.173142946105286,2.26114316927893,4.252500000000007,2.2270000000000008,79.16217868157753,39.901241132685485,26.952839308424636,0.5040442519044922,0.6754887452948415,12.182315421579796,42.57495251202005,35.07508808200332,4.252681656569101,2.2261182816133447,25.543720390871346,3398.4282791343335
4105,410.50000000002484,42.6188599898683,35.03336152454247,7.582388690336285,3393.005792524281,25.651369947166373,112.33769056759448,114.12983200000001,12.073906769478196,0.1,7.489273998538529,3331.221699387164,35.12,25.436959503285813,3445.575821929365,4.1585750912390385,2.2636499384175224,4.252500000000007,2.2270000000000008,79.12666981971442,39.91523678899345,26.888590375627953,0.504447323259503,0.6736422614193894,12.084141891790946,42.60927399853853,35.00798636286756,4.253085150108722,2.2263233431348937,25.736002168859624,3393.0766946349477
4106,410.60000000002486,42.61928905271412,35.03298568825694,7.579539100375902,3388.1564931487137,25.651604664138667,112.53365910685083,114.12983200000001,12.048160783893863,0.1,7.543174530738767,3331.221699387164,35.12,25.436959503285813,3445.575821929365,4.1585750912390385,2.2636499384175224,4.252500000000007,2.2270000000000008,79.09559745074152,39.927720743681455,26.831254065731642,0.504803326993608,0.671995635262443,12.022224865632328,42.663174530738765,35.03907125447409,4.251464910994039,2.225883247273061,25.732596406294842,3388.1892879163115
4107,410.7000000000249,42.6185572990813,35.03362666682322,7.57680044852358,3383.8374589061673,25.65211521155457,112.71022362000406,114.12983200000001,12.025221009639587,0.1,7.430360958233578,3331.221699387164,35.12,25.431090655977087,3422.4898169914422,4.1585750912390385,2.2636499384175224,4.252500000000007,2.2270000000000008,79.06661256735886,39.93938954936518,26.78016718846737,0.5051359638727383,0.6705201929881032,12.036140070839727,42.550360958233576,35.000502576417816,4.251862321635618,2.226766534718937,25.70933936125613,3383.7967472534015
4108,410.8000000000249,42.61696561645748,35.03502091923425,7.5741847800669095,3379.996185050106,25.652728854701348,112.86908626119617,114.12983200000001,12.004789672481955,0.1,7.487010059502481,3331.221699387164,35.12,25.431090655977087,3422.4898169914422,4.1585750912390385,2.2636499384175224,4.252500000000007,2.2270000000000008,79.03931645106844,39.95028085270084,26.734666600617324,0.5054482078856692,0.669198464441081,11.969694793921438,42.60701005950248,35.00638638747789,4.253132920633633,2.2283594693634767,25.788068295916972,3379.963474562216
4109,410.90000000002493,42.615052522583085,35.03669675218919,7.571764786688028,3376.5847726395773,25.653314551179808,113.01103975915444,114.12983200000001,11.98661839694659,0.1,7.49997402592988,3331.221699387164,35.12,25.431090655977087,3422.4898169914422,4.1585750912390385,2.2636499384175224,4.252500000000007,2.2270000000000008,79.01411639732437,39.96015330948763,26.694199170000065,0.5057343564857075,0.6680204393425622,12.029293749846149,42.61997402592988,35.01301849154185,4.252152636839179,2.2262232441528678,25.657675749289602,3376.7772050840704
4110,411.00000000002495,42.61322655524184,35.038296301390204,7.569595734404247,3373.5574677534673,25.65381201988577,113.13702562777823,114.12983200000001,11.970480595477774,0.1,7.483144384868368,3331.221699387164,35.12,25.431090655977087,3422.4898169914422,4.146078443701078,2.2651454509811164,4.252500000000007,2.2270000000000008,78.99144375635403,39.96883475468549,26.65826028612901,0.5059894192840401,0.6669761690514108,11.934029610236303,42.603144384868365,35.066226367511966,4.252174177409292,2.226865852716664,25.553925715758982,3373.454467932342
4111,411.100000000025,42.61167564680413,35.039654927401564,7.567691823605928,3370.8710640836343,25.65421465424277,113.24839647552434,114.12983200000001,11.956159827608477,0.1,7.464612820241214,3331.221699387164,35.12,25.431090655977087,3422.4898169914422,4.146078443701078,2.2651454509811164,4.252500000000007,2.2270000000000008,78.97143707123695,39.97632065131541,26.626367936084087,0.5062123994939384,0.666053491223634,12.015212272534106,42.58461282024121,35.05649734627489,4.253552481609116,2.2277577036710623,25.601471511603922,3370.7993845073697
4112,411.200000000025,42.61042039393274,35.04075457266709,7.566034032947454,3368.4860153027994,25.654541386986516,113.3467543704982,114.12983200000001,11.943451704440761,0.1,7.478472381913868,3331.221699387164,35.12,25.41715570589622,3402.1975343504546,4.146078443701078,2.2651454509811164,4.195800000000006,2.2270000000000008,78.9539427151251,39.982730991925365,26.598066945789583,0.5064057552665565,0.6652388740319201,11.950393632698404,42.598472381913865,35.08760711050346,4.197338284175782,2.2267654864848443,25.677901906992908,3368.5563836168285
4113,411.300000000025,42.60940177193085,35.04164693372863,7.468917893854517,3366.3671100695965,25.654815504040297,112.50012210923447,114.12983200000001,11.932169150739611,0.1,7.474168669494311,3331.221699387164,35.12,25.41715570589622,3402.1975343504546,4.146078443701078,2.2651454509811164,4.195800000000006,2.2270000000000008,77.8710058200148,39.659121184811305,26.572940698697124,0.5092925250827814,0.6700335233064635,11.935071940269118,42.59416866949431,35.02813926761552,4.197100541863802,2.225674223665945,25.69981050099598,3366.3983069623064
4114,411.40000000002505,42.60854718460398,35.042395601422015,7.467574905501169,3361.9573291155134,25.662275435516378,112.5781097003373,114.12983200000001,11.922145598067079,0.1,7.477564162772133,3331.221699387164,35.12,25.41715570589622,3402.1975343504546,4.146078443701078,2.2651454509811164,4.195800000000006,2.2270000000000008,77.87865760887767,39.63462619295937,26.550618246895393,0.5089279580551125,0.6698844116161188,11.904064377302648,42.59756416277213,35.06736774659842,4.196104909889013,2.2265667370236053,25.627890316039164,3362.016319484034
4115,411.50000000002507,42.58529010223414,35.062773215521794,7.461217536740451,3357.758572341776,25.669715722804618,112.78648056149228,114.12983200000001,11.901284980529802,0.1,7.485321726135098,3331.221699387164,35.12,25.41715570589622,3402.1975343504546,4.1373178551050955,2.2655244882197656,4.195800000000006,2.2270000000000008,77.83024993014048,39.65839453466901,26.504161651639876,0.5095498802877534,0.6683115129249667,11.912092207392739,42.605321726135095,35.06729763832681,4.19647816267556,2.2281554414707965,25.71964936852092,3357.774305119122
4116,411.6000000000251,42.562094262584324,35.08310307056555,7.454370281427543,3354.1236397554685,25.67434242341072,112.97929969625233,114.12983200000001,11.881422619995114,0.1,7.462999472741423,3331.221699387164,35.12,25.41715570589622,3402.1975343504546,4.1373178551050955,2.2655244882197656,4.195800000000006,2.2270000000000008,77.7678070069981,39.683188817914605,26.45992817472913,0.5102778430455629,0.6667792826866786,11.725392207002223,42.58299947274142,35.04926172182868,4.196419859854921,2.2275265992158118,25.75558487729556,3354.2341661184464
4117,411.7000000000251,42.547670060774735,35.095748047892165,7.449253893415966,3351.0104504271885,25.676200739722518,113.13140900603133,114.12983200000001,11.864227448795841,0.1,7.438507139448795,3331.221699387164,35.12,25.45374160263194,3385.475262723425,4.1373178551050955,2.2655244882197656,4.195800000000006,2.2270000000000008,77.71629125390133,39.69973390424117,26.421634528468346,0.5108289814620851,0.6655368167504441,11.922432706295469,42.55850713944879,35.065468755387656,4.195243484584166,2.228742979522727,25.66671047865014,3350.9915310075326
4118,411.80000000002514,42.54187657384108,35.100827550024036,7.4462059667433405,3348.308848916472,25.676402121791966,113.2500528227497,114.12983200000001,11.849500401676128,0.1,7.421642101716799,3331.221699387164,35.12,25.45374160263194,3385.475262723425,4.1373178551050955,2.2655244882197656,4.195800000000006,2.2270000000000008,77.68285842932092,39.70932834452082,26.388837394532747,0.5111723377255745,0.6645500816730369,11.805526789730266,42.541642101716796,35.08296796873128,4.197067126059395,2.2269589153126486,25.837451251506984,3348.2315299738457
4119,411.90000000002516,42.54124874510137,35.101378027719626,7.444534246133187,3345.9282819937207,25.676012890405765,113.34640013105908,114.12983200000001,11.83672038460952,0.1,7.400536554705887,3331.221699387164,35.12,25.45374160263194,3385.475262723425,4.1373178551050955,2.2655244882197656,4.195800000000006,2.2270000000000008,77.6630096227528,39.71485460014434,26.360376296525413,0.5113741379977265,0.6637409745528718,11.790094130293639,42.520536554705885,35.08370624316517,4.196422470912849,2.227681887620217,25.63165593627187,3346.078019502676
4120,412.0000000000252,42.54246221287099,35.1003140679871,7.4434630816270975,3343.8084182351135,25.67566090051826,113.42867805969217,114.12983200000001,11.8254590324892,0.1,7.42636275919029,3331.221699387164,35.12,25.45374160263194,3385.475262723425,4.136533595889566,2.2639281093492114,4.195800000000006,2.2270000000000008,77.64998143223758,39.71850331963274,26.335297265353457,0.5115069261709184,0.6630485809956489,11.896851108135763,42.54636275919029,35.179875487681514,4.195892734789838,2.2257404337641864,25.765152405411992,3343.7366975005502
4121,412.1000000000252,42.54355957654428,35.09935192137134,7.442518517026203,3341.9111877468104,25.675561652832442,113.5017991462589,114.12983200000001,11.815430945479914,0.1,7.411636971420705,3331.221699387164,35.12,25.45374160263194,3385.475262723425,4.136533595889566,2.2639281093492114,4.195800000000006,2.2270000000000008,77.63913176218485,39.721557348869375,26.312964715583778,0.5116177428482821,0.6624353744361119,11.861216331431315,42.5316369714207,35.10561177860796,4.1962466860329055,2.227099226730739,25.68236835602325,3341.665538342613
4122,412.2000000000252,42.543868991129585,35.099080635208516,7.441527602892126,3340.211813316638,25.675689144176005,113.56810736319193,114.12983200000001,11.80645603266482,0.1,7.450005924010242,3331.221699387164,35.12,25.39410060265418,3363.9119175659475,4.136533595889566,2.2639281093492114,4.195800000000006,2.2270000000000008,77.62845004144158,39.72455248405899,26.292977584744563,0.5117267247104924,0.6618822854026017,11.750232530231356,42.57000592401024,35.124148463732546,4.195602660067203,2.2257717554884104,25.819943645607584,3340.2757787728638
4123,412.30000000002525,42.543471524116896,35.09942912349947,7.440492883380331,3338.691860214021,25.675935256541344,113.6283924454291,114.12983200000001,11.798417084606044,0.1,7.396243696531215,3331.221699387164,35.12,25.39410060265418,3363.9119175659475,4.136533595889566,2.2639281093492114,4.195800000000006,2.2270000000000008,77.6176375467037,39.72755324080825,26.275074847417667,0.5118366713609852,0.6613816533867946,11.82552263137343,42.51624369653121,35.10804079482096,4.196797474048973,2.226368329836634,25.857868519552916,3338.669044695873
4124,412.4000000000253,42.54270424420672,35.10010185859801,7.439477434153806,3337.3350306274174,25.676203164007894,113.6828349687673,114.12983200000001,11.791226895188824,0.1,7.444898139993761,3331.221699387164,35.12,25.39410060265418,3363.9119175659475,4.136533595889566,2.2639281093492114,4.195800000000006,2.2270000000000008,77.6071059351926,39.730434979297186,26.259062295585522,0.5119432621604895,0.6609306520119562,11.780690658415363,42.56489813999376,35.1093931777107,4.197719490407586,2.2269571866761897,25.795378856811183,3337.3371966274876
4125,412.5000000000253,42.54186901588899,35.10083417678014,7.43853851395927,3336.1255153596812,25.67643902645663,113.7315910806116,114.12983200000001,11.784808367065974,0.1,7.436406089873941,3331.221699387164,35.12,25.39410060265418,3363.9119175659475,4.133742267988491,2.2628388294898762,4.195800000000006,2.2270000000000008,77.59733199989829,39.73306924496537,26.244768233455932,0.5120416929414203,0.6605270806453353,11.75093419814963,42.55640608987394,35.11981850472008,4.1950158242530735,2.2276020091258135,25.57401665444534,3336.292598623454
4126,412.6000000000253,42.541133691118816,35.10147890705354,7.437704533121078,3335.047927728038,25.676627441979598,113.77499529041438,114.12983200000001,11.779086714297168,0.1,7.369276726930764,3331.221699387164,35.12,25.39410060265418,3363.9119175659475,4.133742267988491,2.2628388294898762,4.195800000000006,2.2270000000000008,77.5885865813352,39.73539395693318,26.232026112739803,0.5121293698948753,0.6601677623020707,11.73366388752128,42.48927672693076,35.095270027819865,4.194394711043488,2.227036931315538,25.656124237610648,3335.0131837329545
4127,412.70000000002534,42.54054628688441,35.10199394535631,7.436977612044492,3334.0877861883646,25.67677464137453,113.81353610894524,114.12983200000001,11.773989149660586,0.1,7.398954488148114,3331.221699387164,35.12,25.456816707487928,3352.381356657715,4.133742267988491,2.2628388294898762,4.195800000000006,2.2270000000000008,77.58091226613769,39.73741068905418,26.220673836294136,0.5122060250172987,0.6598485754764268,11.767396487600553,42.51895448814811,35.057405611829836,4.195129470776161,2.2271809931804496,25.761553828283347,3334.0901820973954
4128,412.80000000002536,42.54008737805077,35.102396321024806,7.436345230432243,3333.231931042531,25.676893497477565,113.84776074981646,114.12983200000001,11.769447167723314,0.1,7.3832130736419685,3245.7033648522356,35.12,25.456816707487928,3352.381356657715,4.133742267988491,2.2628388294898762,4.195800000000006,2.2270000000000008,77.57420816286974,39.73915644750536,26.21055884251983,0.5122727951546939,0.6595650533534465,11.721463764567032,42.503213073641966,35.080258150758276,4.194474517612291,2.2257536668487483,25.778864430682802,3333.1861926304955
4129,412.9000000000254,42.53971683226395,35.102721220809286,7.435790885469292,3332.4686832805814,25.67699507664145,113.8781946738019,114.12983200000001,11.76539851608949,0.1,7.4091601642458045,3245.7033648522356,35.12,25.456816707487928,3352.381356657715,4.133742267988491,2.2628388294898762,4.195800000000006,2.2270000000000008,77.56832341572186,39.740677611902015,26.201542495331303,0.5123312695430415,0.6593129274545674,11.788473735251893,42.5291601642458,35.15379169906155,4.193917339693872,2.2278927892011744,25.66149586937149,3332.4260838386576
4130,413.0000000000254,42.539400149062615,35.102998894309216,7.435300151724394,3331.787785720413,25.677086005932694,113.90530062815427,114.12983200000001,11.761787946808614,0.1,7.447500148748453,3245.7033648522356,35.12,25.456816707487928,3352.381356657715,4.130279409593199,2.2951388790240985,4.195800000000006,2.2270000000000008,77.56311694377575,39.742015082425915,26.19350175754279,0.5123829037354733,0.6590884157035527,11.722327445199364,42.56750014874845,35.10883220103707,4.194978255392468,2.2255367778690336,25.760388497380454,3331.7498917931093
4131,413.10000000002543,42.53911666790424,35.10324745659532,7.434862542554811,3331.180233313221,25.677169114057886,113.92947057025206,114.12983200000001,11.758566937934784,0.1,7.4109196682909655,3245.7033648522356,35.12,25.456816707487928,3352.381356657715,4.130279409593199,2.2951388790240985,4.195800000000006,2.2470000000000008,77.5584801765287,39.74319956692211,26.42149990953947,0.5124288082549286,0.664805556609736,11.839520239617974,42.53091966829096,35.088990342837356,4.1956891761345325,2.246427591808849,25.52885493043811,3331.0397719140346
4132,413.20000000002545,42.538857570013136,35.10347463988594,7.434470981490856,3330.6380815953958,25.67724509455257,113.95103513846743,115.06215200000001,11.731720198628022,0.1,7.393953950704628,3245.7033648522356,35.12,25.524359644913066,3343.6392904224226,4.130279409593199,2.2951388790240985,4.195800000000006,2.2470000000000008,77.5543361790822,39.74425270354103,26.361175286317174,0.5124697684442404,0.6632701206624654,11.769034217667652,42.513953950704625,35.06379100971533,4.19623991343375,2.246868902643974,25.542127981970992,3330.6600116760874
4133,413.3000000000255,42.53862069322291,35.103682339821894,7.4341205215843065,3327.631545277791,25.677313925842142,113.97027789620984,115.06215200000001,11.729155531641045,0.1,7.399487322652767,3245.7033648522356,35.12,25.524359644913066,3343.6392904224226,4.130279409593199,2.2951388790240985,4.195800000000006,2.2470000000000008,77.5506296399417,39.71508143264397,26.355412479597437,0.512118104224767,0.6636121979076316,11.759240318770264,42.519487322652765,35.0570938484445,4.195156288973403,2.247715227381351,25.52308376558166,3327.7538050842386
4134,413.4000000000255,42.53840610479455,35.103870497253716,7.432433676245359,3324.6770773357152,25.67737565346183,114.07538486682995,115.06215200000001,11.714933010185547,0.1,7.354511220347327,3245.7033648522356,35.12,25.524359644913066,3343.6392904224226,4.130279409593199,2.2951388790240985,4.195800000000006,2.2470000000000008,77.53197494025122,39.7164140128363,26.323454473886933,0.5122585106782476,0.6627852772755168,11.75095283193532,42.474511220347324,35.08813104911528,4.195997493403449,2.2486584579163855,25.6097915788039,3324.5757462188817
4135,413.5000000000255,42.538213662767404,35.104039236499965,7.430789068801127,3322.007015053695,25.677534301258312,114.17844506325584,115.06215200000001,11.700956799936662,0.1,7.419638586356577,3245.7033648522356,35.12,25.524359644913066,3343.6392904224226,4.125643052608092,2.304464302122028,4.195800000000006,2.2470000000000008,77.51408450291932,39.720370148524225,26.29204992945769,0.5124277788126141,0.6619286233019797,11.720955614910325,42.539638586356574,35.128140359043854,4.194758899482226,2.2455335477916454,25.654992427417394,3322.0758039906063
4136,413.60000000002555,42.53771906239709,35.10447291958398,7.4292362877986005,3319.615820129539,25.677789818412222,114.27183989746435,115.06215200000001,11.688325980255161,0.1,7.42250002146757,3245.7033648522356,35.12,25.524359644913066,3343.6392904224226,4.125643052608092,2.304464302122028,4.195800000000006,2.267000000000001,77.49751186088443,39.72424604142377,26.49743499723846,0.5125873732918375,0.6670343087092802,11.706889163104352,42.54250002146757,35.11107217617318,4.1950800015257235,2.2662244051883054,25.820217919139925,3319.746979091324
4137,413.70000000002557,42.536922462118056,35.10517141249385,7.427769535061805,3317.477339362323,25.678092470865053,114.35580622735625,115.99447200000002,11.653041659862843,0.1,7.426932521736276,3245.7033648522356,35.12,25.527810968212975,3329.786446683793,4.125643052608092,2.304464302122028,4.195800000000006,2.267000000000001,77.48204201470438,39.727826228140714,26.417445442909074,0.5127359217068809,0.6649607580139032,11.644746174527352,42.546932521736274,35.08519968671205,4.197369137311063,2.267051471732397,25.80375017687917,3317.587146292695
4138,413.8000000000256,42.53597891283111,35.10599876551844,7.426408203800916,3313.043324967947,25.67839298426116,114.43108259162436,115.99447200000002,11.642925504466415,0.1,7.399348735543164,3245.7033648522356,35.12,25.527810968212975,3329.786446683793,4.125643052608092,2.304464302122028,4.195800000000006,2.267000000000001,77.46774287544974,39.700843985823234,26.39451211862537,0.5124822605152318,0.6648350379667138,11.547825926242007,42.51934873554316,35.10523313317464,4.1959871583777435,2.2672799975966313,25.583051307938902,3313.13829142402
4139,413.9000000000256,42.53504203226741,35.10682028070855,7.423834256845157,3308.8129985301343,25.67866258439914,114.58548987111652,115.99447200000002,11.62195024982248,0.1,7.438248473776966,3245.7033648522356,35.12,25.527810968212975,3329.786446683793,4.125643052608092,2.304464302122028,4.195800000000006,2.267000000000001,77.43980521261415,39.703652986380035,26.34696121634757,0.5127034201257613,0.6635903559147479,11.715378418107516,42.55824847377696,35.073525010509236,4.19542857785216,2.2675737470268382,25.655985288257416,3308.8424050522412
4140,414.00000000002564,42.53420152687724,35.10755729632967,7.421406825338886,3305.0004779141645,25.678993740022495,114.73231984456706,115.99447200000002,11.601938547927098,0.1,7.41030430562364,3245.7033648522356,35.12,25.527810968212975,3329.786446683793,4.120383358054636,2.3094845160418465,4.195800000000006,2.267000000000001,77.41368911127056,39.708722845663665,26.30159468815074,0.5129418750292127,0.6623631485297938,11.657199388021773,42.53030430562364,35.08889360034642,4.196542988297858,2.2668944899006505,25.683917591099135,3305.209136936446
4141,414.10000000002566,42.53316911610588,35.108462598991096,7.4191676878068975,3301.5852599249256,25.67938904447294,114.86465460090865,115.99447200000002,11.583903290563782,0.1,7.4258013564056995,3245.7033648522356,35.12,25.527810968212975,3329.786446683793,4.120383358054636,2.3094845160418465,4.195800000000006,2.267000000000001,77.38986893484484,39.71344346542636,26.260708759708102,0.5131607536234676,0.6612548917489387,11.519889284204696,42.5458013564057,35.134900422867524,4.195113067484989,2.2649681517934295,25.714996806115064,3301.5382638615824
4142,414.2000000000257,42.53193671495116,35.10954328495244,7.417099482877141,3298.5281224084047,25.679807099557173,114.98330755850371,115.99447200000002,11.56774748667652,0.1,7.424737795220651,3245.7033648522356,35.12,25.53476922921183,3318.396913147322,4.120383358054636,2.3094845160418465,4.195800000000006,2.267000000000001,77.36802593310757,39.71765561572721,26.22408355229568,0.5133600752598639,0.6602626249146385,11.617072325533467,42.54473779522065,35.112822447772444,4.195430800024544,2.267332211771091,25.73159052123076,3298.4770390078334
4143,414.3000000000257,42.53063338642056,35.11068618484896,7.415208354531155,3295.7920442138607,25.680206671630405,115.0895431082371,115.99447200000002,11.553285594542864,0.1,7.456665506013408,3245.7033648522356,35.12,25.53476922921183,3318.396913147322,4.120383358054636,2.3094845160418465,4.195800000000006,2.267000000000001,77.34810457581074,39.721375990177606,26.191298442828682,0.5135403925928881,0.6593754065645996,11.527638390036747,42.576665506013406,35.11341911632045,4.1933888315881545,2.268032871685157,25.60239771048214,3295.7584060985046
4144,414.4000000000257,42.52938768052506,35.11177857235595,7.413502741828107,3293.3434254662498,25.68056434632817,115.18453807001812,115.99447200000002,11.540342484360568,0.1,7.411615706553306,3245.7033648522356,35.12,25.53476922921183,3318.396913147322,4.120383358054636,2.3094845160418465,4.195800000000006,2.267000000000001,77.33012876624028,39.72462655629122,26.161956412045416,0.513701802778242,0.6585828157496455,11.504058032394898,42.5316157065533,35.119909052823516,4.195737082111877,2.266373907090285,25.360345093671068,3293.2422504281185
4145,414.50000000002575,42.52827259388731,35.112756431316335,7.411980695586948,3291.151850610665,25.680874283181456,115.26940973418716,115.99447200000002,11.528759210787484,0.1,7.380500468321721,3245.7033648522356,35.12,25.53476922921183,3318.396913147322,4.119428019067599,2.312830233778017,4.195800000000006,2.267000000000001,77.31405932685726,39.72744247021079,26.135697130855235,0.5138449955428782,0.6578751489087881,11.547380726995769,42.50050046832172,35.08799896383063,4.195620551822333,2.267594585700821,25.6729501415762,3291.1923780698744
4146,414.6000000000258,42.527306334753504,35.11360378918241,7.410629525235123,3289.18992733314,25.681141130174865,115.34522173253892,115.99447200000002,11.51839189201526,0.1,7.3941654020390715,3245.7033648522356,35.12,25.53476922921183,3318.396913147322,4.119428019067599,2.312830233778017,4.195800000000006,2.267000000000001,77.29976864963739,39.729873049570344,26.1121944191986,0.5139714354081281,0.657243338950991,11.459998413611684,42.51416540203907,35.16352168622848,4.19817038885656,2.2676592007508507,25.78925639292634,3289.2049898947207
4147,414.7000000000258,42.52647441256684,35.11433334888387,7.409430682151646,3287.433141367671,25.681373073010434,115.41296262841435,115.99447200000002,11.50911094777878,0.1,7.387162421272471,3245.7033648522356,35.12,25.476480567188222,3301.409010408415,4.119428019067599,2.312830233778017,4.195800000000006,2.267000000000001,77.28707429458377,39.73197339268993,26.091154518614502,0.5140830307697949,0.6566790494079731,11.473253181110984,42.50716242127247,35.14442174348734,4.196073908527231,2.2667849326179095,25.54112192503647,3287.548537611958
4148,414.8000000000258,42.52575130758268,35.11496748677319,7.408364703802096,3285.8596533708383,25.68157764490034,115.47352634917887,115.99447200000002,11.500800412515893,0.1,7.434015195189389,3245.7033648522356,35.12,25.476480567188222,3301.409010408415,4.119428019067599,2.312830233778017,4.195800000000006,2.267000000000001,77.27578160856389,39.733795827983215,26.07231453517354,0.5141817397493631,0.6561747749459079,11.448054019588639,42.554015195189386,35.11663682942618,4.197591539172878,2.266250074708305,25.566408840018347,3285.791005262665
4149,414.90000000002584,42.52511353425871,35.115526796521515,7.407414162249552,3284.4500428492843,25.68176023297231,115.52770567876692,115.99447200000002,11.493356974475955,0.1,7.366263475877872,3245.7033648522356,35.12,25.476480567188222,3301.409010408415,4.119428019067599,2.312830233778017,4.195800000000006,2.267000000000001,77.2657121791295,39.735385118202764,26.055440261136997,0.5142693181431106,0.6557238638465092,11.434476496569898,42.48626347587787,35.0911565110814,4.195366118145416,2.2656499774418726,25.69921487945079,3284.333700436658
4150,415.00000000002586,42.52454429768554,35.11602600517821,7.406564611496824,3283.1870344788717,25.681924212791508,115.57619744230252,115.99447200000002,11.486688764360114,0.1,7.358828569462261,3245.7033648522356,35.12,25.476480567188222,3301.409010408415,4.1191750726980265,2.316443368821563,4.195800000000006,2.267000000000001,77.2567148331166,39.73677737467925,26.04032342880439,0.5143472313120647,0.6553204650510385,11.531815106420257,42.47882856946226,35.08191532397739,4.1967241797927075,2.2669710869272692,25.5115894393918,3283.090927867162
4151,415.1000000000259,42.5240330742012,35.1164743405855,7.405804322240433,3282.0552384527427,25.682071671078088,115.61961385315303,115.99447200000002,11.480714060664873,0.1,7.356161444725089,3245.7033648522356,35.12,25.476480567188222,3301.409010408415,4.1191750726980265,2.316443368821563,4.195800000000006,2.267000000000001,77.24866485559434,39.73800116928741,26.026778775527276,0.5144166730075153,0.6549594345385137,11.432199328274146,42.476161444725086,35.1359412240907,4.1955592150963215,2.2671199199241023,25.612303914978014,3282.031513583077
4152,415.2000000000259,42.52357335824696,35.11687750709799,7.405123587885787,3281.0409215330164,25.682204089059308,115.65849510090004,115.99447200000002,11.475360061389825,0.1,7.350697067736604,3245.7033648522356,35.12,25.524264736973585,3294.510409183778,4.1191750726980265,2.316443368821563,4.195800000000006,2.267000000000001,77.24145829737698,39.73907936748251,26.01464125917074,0.5144786264196154,0.6546362339852762,11.525225852079098,42.4706970677366,35.126078146185975,4.194934011431542,2.2662240484633296,25.798432429375044,3281.1452053155936
4153,415.30000000002593,42.523160531948704,35.117239553801596,7.404514077592711,3280.1318121638838,25.68232275901904,115.69332041848293,115.99447200000002,11.47056180098997,0.1,7.374253966871628,3245.7033648522356,35.12,25.524264736973585,3294.510409183778,4.1191750726980265,2.316443368821563,4.195800000000006,2.267000000000001,77.23500600308611,39.740030789450046,26.00376360284427,0.5145339250425143,0.6543468408622269,11.386649020753794,42.494253966871625,35.11747685163534,4.194884409785782,2.2699257067144383,25.672266549016708,3280.1153542090533
4154,415.40000000002595,42.52279056648224,35.11756401334529,7.4039684084838475,3279.316935530938,25.682428947871788,115.72451679616566,115.99447200000002,11.466261228456663,0.1,7.403915694550371,3245.7033648522356,35.12,25.524264736973585,3294.510409183778,4.1191750726980265,2.316443368821563,4.195800000000006,2.267000000000001,77.22922932552417,39.740871377673926,25.994014204911263,0.5145832960492798,0.6540876760823738,11.48261883021306,42.52391569455037,35.15335669150063,4.195574298361476,2.26632395869122,25.725395218558702,3279.3051568326505
4155,415.500000000026,42.52245951211492,35.11785434914396,7.403479925083099,3278.5864721993535,25.682523909052154,115.75246561395451,115.99447200000002,11.462406427060188,0.1,7.413012988303869,3245.7033648522356,35.12,25.524264736973585,3294.510409183778,4.122123245819344,2.320288630953031,4.195800000000006,2.267000000000001,77.22405769845483,39.741614898388754,25.985275370145455,0.5146273853359552,0.6538555475559947,11.510966478600237,42.53301298830387,35.123667423970986,4.196049584347433,2.264934540029574,25.48536903760064,3278.636752488609
4156,415.600000000026,42.522163461139016,35.118113987866856,7.403042607048929,3277.9316346985215,25.682608838807855,115.7775078252992,115.99447200000002,11.458950945632914,0.1,7.434775857667724,3245.7033648522356,35.12,25.524264736973585,3294.510409183778,4.122123245819344,2.320288630953031,4.195800000000006,2.287000000000001,77.21942747527102,39.742273334474426,26.206620812662482,0.5146667701881319,0.659414236123467,11.461238394233174,42.55477585766772,35.06516756858405,4.194782124109528,2.2868452556930055,25.631117306307942,3277.910373471062
4157,415.700000000026,42.52189868413264,35.118346199918655,7.40265103014518,3277.344558133094,25.68268483420695,115.79994825803757,116.92679200000002,11.431880522595844,0.1,7.361026156492549,3245.7033648522356,35.12,25.528128102876444,3281.880243391356,4.122123245819344,2.320288630953031,4.195800000000006,2.287000000000001,77.21528136747365,39.742857122862716,26.144710755176703,0.5147019659712604,0.6578467842498555,11.401681087993627,42.48102615649255,35.071056457241454,4.196742528878425,2.287249633429996,25.64447644397209,3277.3307747831805
4158,415.80000000002605,42.52166176087643,35.118553984607225,7.40230033510823,3274.295466942269,25.68275287339641,115.82005938813876,116.92679200000002,11.42910333710205,0.1,7.388085356351439,3245.7033648522356,35.12,25.528128102876444,3281.880243391356,4.122123245819344,2.320288630953031,4.195800000000006,2.287000000000001,77.211568038174,39.7127779628842,26.1383593319524,0.5143371514388867,0.6581851150373179,11.338897648224448,42.50808535635144,35.09899341962309,4.1958963107709515,2.287450274914354,25.632071138025122,3274.2929822086057
4159,415.90000000002607,42.52144964189935,35.1187400161513,7.400727031028316,3271.300793828543,25.68281381675895,115.92325497235552,116.92679200000002,11.414679508383484,0.1,7.450320745956901,3245.7033648522356,35.12,25.528128102876444,3281.880243391356,4.122123245819344,2.320288630953031,4.195800000000006,2.287000000000001,77.19417459764698,39.71180831855298,26.10537203567304,0.5144404811054677,0.6573705187702786,11.407000037090617,42.5703207459569,35.074144401141034,4.195982779466665,2.287768950682908,25.731071175624127,3271.275046134459
4160,416.0000000000261,42.5212596448723,35.118906646829785,7.399192218359835,3268.585354414265,25.68296345737008,116.02443633069355,116.92679200000002,11.400513106214062,0.1,7.38411090616637,3245.7033648522356,35.12,25.528128102876444,3281.880243391356,4.115070946360884,2.321554392400267,4.195800000000006,2.287000000000001,77.17747762938193,39.71347727188993,26.072973473911567,0.5145734026525216,0.6565270851355691,11.359400294836417,42.50411090616637,35.08961446438301,4.195521885888799,2.285528457888571,25.66861997702219,3268.7515655264683
4161,416.1000000000261,42.520793125303044,35.11931579423726,7.3977352341869125,3266.1436984687107,25.68320202403156,116.11639373335616,116.92679200000002,11.387667628477926,0.1,7.324593820004708,3245.7033648522356,35.12,25.528128102876444,3281.880243391356,4.115070946360884,2.321554392400267,4.195800000000006,2.287000000000001,77.16191712381581,39.71526319782336,26.043595866329028,0.514700316920526,0.6557578565350255,11.393017058160092,42.444593820004705,35.12636280093188,4.195456625121975,2.2861266049332074,25.629759136783374,3265.9725732244947
4162,416.20000000002614,42.52004936987922,35.11996808821025,7.396351834123407,3263.9508671790945,25.683484466861792,116.19935059957027,116.92679200000002,11.376117292674813,0.1,7.401713550992504,3245.7033648522356,35.12,25.539390304663932,3273.4788344699155,4.115070946360884,2.321554392400267,4.195800000000006,2.287000000000001,77.1473101977579,39.71695373846571,26.017180248347305,0.5148196824575744,0.6550648476131685,11.410452782663251,42.5217135509925,35.12523946437051,4.1967660282701384,2.286964963176527,25.56829374197951,3263.8263840347786
4163,416.30000000002616,42.51916882611168,35.12074035715783,7.395061980564043,3261.9825062757195,25.68376595495632,116.27401670854327,116.92679200000002,11.365744030299025,0.1,7.392504475971101,3245.7033648522356,35.12,25.539390304663932,3273.4788344699155,4.115070946360884,2.321554392400267,4.195800000000006,2.287000000000001,77.13374518728273,39.718507495060656,25.99345659729388,0.5149303641178461,0.6544419273691588,11.508971513190367,42.5125044759711,35.08243940434532,4.195980303041696,2.286080511514418,25.63394730881145,3261.8877495044862
4164,416.4000000000262,42.51829125882817,35.12151002407025,7.393886009061543,3260.2161820582173,25.684020047925998,116.34107609365923,116.92679200000002,11.356432632656333,0.1,7.411320294182978,3245.7033648522356,35.12,25.539390304663932,3273.4788344699155,4.115070946360884,2.321554392400267,4.195800000000006,2.287000000000001,77.12136993172732,39.71989508217785,25.97216143088504,0.5150309845032628,0.6538829313911919,11.316329161796459,42.531320294182976,35.111303058394284,4.19575916934399,2.2877169897266256,25.590653947551687,3260.1020103951087
4165,416.5000000000262,42.517499098585915,35.12220479231914,7.392831762433373,3258.6313117307313,25.684238571327803,116.40120903197581,116.92679200000002,11.348076976370496,0.1,7.435705877685393,3245.7033648522356,35.12,25.539390304663932,3273.4788344699155,4.113068279285917,2.3210083985634813,4.195800000000006,2.287000000000001,77.11024759262912,39.72110622439962,25.953052044959335,0.515120978916381,0.6533819047823262,11.377413872784768,42.55570587768539,35.088757083587716,4.194655387843032,2.2886905278356076,25.751290322516017,3258.73126980068
4166,416.6000000000262,42.516817830028444,35.12280230793824,7.391894588110505,3257.2091532377895,25.6844244371331,116.45509377374803,116.92679200000002,11.340579693831495,0.1,7.399012482438003,3245.7033648522356,35.12,25.539390304663932,3273.4788344699155,4.113068279285917,2.3210083985634813,4.195800000000006,2.287000000000001,77.10033501400282,39.72215058468376,25.93590575979264,0.5152007520780486,0.6529330707938336,11.32838647765977,42.519012482438,35.068151575412124,4.195237990358123,2.2862286066324593,25.62653706750938,3257.2059832903838
4167,416.70000000002625,42.51623837479386,35.123310530833756,7.391062624611786,3255.9327997800438,25.684584519198143,116.5033816348136,116.92679200000002,11.333852125113783,0.1,7.385370085816248,3245.7033648522356,35.12,25.518814813176085,3260.3990580408945,4.113068279285917,2.3210083985634813,4.195800000000006,2.287000000000001,77.09152037251664,39.723049516765066,25.92051981013523,0.515271320695427,0.6525309644012981,11.264029322279736,42.505370085816246,35.132890980532565,4.195286018772022,2.287286343294753,25.649299880749332,3255.894899647089
4168,416.8000000000263,42.51573930294788,35.123748254805626,7.390322074560872,3254.7871069332737,25.68472530065004,116.54667283576165,116.92679200000002,11.327814292032807,0.1,7.375101423429413,3245.7033648522356,35.12,25.518814813176085,3260.3990580408945,4.113068279285917,2.3210083985634813,4.195800000000006,2.287000000000001,77.08366902183394,39.723827223442285,25.906711285879037,0.5153338927366121,0.6521705761168619,11.29527229856275,42.49510142342941,35.142955233922386,4.196092538543378,2.285452263147078,25.92753187241013,3254.6632064215146
4169,416.9000000000263,42.51530040269344,35.12413320596924,7.389660390242739,3253.758554391353,25.684851270029554,116.58550456175544,116.92679200000002,11.322394553379,0.1,7.375843728160319,3245.7033648522356,35.12,25.518814813176085,3260.3990580408945,4.113068279285917,2.3210083985634813,4.195800000000006,2.287000000000001,77.07665427507,39.72450525076828,25.894316343577785,0.5153895900696477,0.6518474221419531,11.33737833308955,42.49584372816032,35.11460783842194,4.19651433749635,2.28719427128157,25.75759541987926,3253.6934999213613
4170,417.0000000000263,42.514907680555865,35.124477656963165,7.389067381216963,3252.8350754006647,25.684964999497556,116.62035071481978,116.92679200000002,11.317528950888214,0.1,7.3647071727796245,3245.7033648522356,35.12,25.518814813176085,3260.3990580408945,4.117261893611352,2.320624240708103,4.195800000000006,2.287000000000001,77.070370020798,39.725100532817756,25.883188710681353,0.5154393383877313,0.651557538269757,11.399147216439992,42.48470717277962,35.18496929973995,4.195589209963204,2.2866338088270193,25.649303381606636,3252.869697376515
4171,417.10000000002634,42.51455311756642,35.12478864056281,7.38853505502669,3252.0058855242396,25.685067847868847,116.65162842351381,116.92679200000002,11.313160402375477,0.1,7.410651085421783,3245.7033648522356,35.12,25.518814813176085,3260.3990580408945,4.117261893611352,2.320624240708103,4.195800000000006,2.287000000000001,77.06473105756983,39.725625689672,25.873197840232724,0.5154838684896685,0.6512974280719592,11.34492709227769,42.53065108542178,35.104622029401305,4.196729235479157,2.2857028822338608,25.516898913558983,3252.0203273318307
4172,417.20000000002636,42.514232477484086,35.12506987191059,7.388056995650336,3251.261329020213,25.6851606411433,116.67970659180608,116.92679200000002,11.309237891697963,0.1,7.368353860052579,3245.7033648522356,35.12,25.50371530199645,3250.081707833174,4.117261893611352,2.320624240708103,4.195800000000006,2.287000000000001,77.05966819408565,39.72609019866128,25.86422705831325,0.5155237639825482,0.6510639967077566,11.264478988956528,42.48835386005258,35.14083280634724,4.196590641834721,2.287430446821898,25.82527591849837,3251.3312831991316
4173,417.3000000000264,42.51394318517164,35.125323609297965,7.387627770897438,3250.5927483524147,25.685244089436047,116.70491367060498,116.92679200000002,11.305715742043112,0.1,7.410879888931014,3245.7033648522356,35.12,25.50371530199645,3250.081707833174,4.117261893611352,2.320624240708103,4.195800000000006,2.287000000000001,77.05512288036414,39.72650155371341,25.85617190205261,0.5155595120572687,0.6508544898445938,11.286512535233475,42.53087988893101,35.14381596955969,4.195377504327042,2.2884651278309285,25.702212371222483,3250.4807310681995
4174,417.4000000000264,42.51368302677419,35.125551794201996,7.387242550160353,3249.9923747297016,25.685318948055052,116.72754366740811,116.92679200000002,11.302552998644067,0.1,7.426382098245789,3245.7033648522356,35.12,25.50371530199645,3250.081707833174,4.117261893611352,2.320624240708103,4.195800000000006,2.287000000000001,77.05104342083207,39.726866058596705,25.84893870789899,0.5155915389960295,0.6506664449637704,11.290772330746638,42.546382098245786,35.13338491348882,4.196865094649716,2.286090747288774,25.621657873541324,3249.934466244627
4175,417.50000000002643,42.51344964754358,35.125756491732304,7.386896924838927,3249.4532349066108,25.685386023276166,116.74786051628665,116.92679200000002,11.2997129109723,0.1,7.4494173314810865,3245.7033648522356,35.12,25.50371530199645,3250.081707833174,4.116660507311788,2.3203245528826595,4.195800000000006,2.287000000000001,77.04738298567287,39.727189242931566,25.842443427393658,0.5156202287924422,0.6504976546255826,11.332303139869941,42.569417331481084,35.1211336854787,4.197037371015118,2.288342429603099,25.569128828987708,3249.405217818283
4176,417.60000000002645,42.513240533834235,35.12593990641754,7.386586853642965,3248.9690698086165,25.68544612052555,116.76610133145937,116.92679200000002,11.297162491854952,0.1,7.382423084635612,3245.7033648522356,35.12,25.50371530199645,3250.081707833174,4.116660507311788,2.3203245528826595,4.195800000000006,2.287000000000001,77.04409884459551,39.72747602897377,25.83661061887228,0.515645930379528,0.6503461382754169,11.293437199624885,42.50242308463561,35.14862704540381,4.196199305778723,2.2874447506414444,25.66909337671317,3248.808140747039
4177,417.7000000000265,42.51305317464954,35.12610424050671,7.386308657520031,3248.534261961131,25.685499994140084,116.78247904031348,116.92679200000002,11.29487213252887,0.1,7.312778919548258,3245.7033648522356,35.12,25.505615921833353,3241.7041640455423,4.116660507311788,2.3203245528826595,4.195800000000006,2.287000000000001,77.04115215979022,39.72773078398543,25.831372567093535,0.5156689596436276,0.6502101191620633,11.232187616936239,42.432778919548255,35.08650451418177,4.195839328540938,2.286352115747972,25.68750348626084,3248.6666591621947
4178,417.8000000000265,42.51288521826888,35.12625155658369,7.3860590184922525,3248.143770043116,25.685548320398684,116.79718470742277,116.92679200000002,11.292815259341053,0.1,7.408120086557197,3245.7033648522356,35.12,25.505615921833353,3241.7041640455423,4.116660507311788,2.3203245528826595,4.195800000000006,2.287000000000001,77.03850789234433,39.72795734588478,25.826668498112998,0.5156896003411916,0.6500880041039475,11.25311558373343,42.528120086557195,35.152105889101136,4.194034689381108,2.287576622292072,25.63748905739782,3248.181206512245
4179,417.9000000000265,42.51273455632507,35.12638370381488,7.385834965304328,3247.7930697291795,25.685591692832652,116.81038968489896,116.92679200000002,11.290968024152292,0.1,7.4056367665064045,3245.7033648522356,35.12,25.505615921833353,3241.7041640455423,4.116660507311788,2.3203245528826595,4.195800000000006,2.287000000000001,77.0361346280863,39.72815905969374,25.822443871236302,0.5157081057025076,0.6499783650291135,11.388871907530525,42.5256367665064,35.13924861975906,4.194552271785952,2.28789132011204,25.65373686676164,3247.877508263834
4180,418.00000000002655,42.512599338424934,35.12650230511894,7.385633846102127,3247.478100350241,25.685630630531815,116.82224761693078,116.92679200000002,11.289309024488723,0.1,7.442809242726796,3245.7033648522356,35.12,25.505615921833353,3241.7041640455423,4.118080603591545,2.3201418797087636,4.195800000000006,2.287000000000001,77.03400429745395,39.72833882986622,25.818649739005718,0.5157247009575391,0.649879921976407,11.372915114020326,42.56280924272679,35.120992079845735,4.195333481373641,2.2887356194980315,25.702817277286734,3247.5405801783777
4181,418.10000000002657,42.51247794625402,35.12660877987432,7.385453294718779,3247.1952169782207,25.6856655905847,116.83289628487668,116.92679200000002,11.287819051218305,0.1,7.426840619576772,3245.7033648522356,35.12,25.505615921833353,3241.7041640455423,4.118080603591545,2.3201418797087636,4.195800000000006,2.287000000000001,77.03209183629157,39.72849918013629,25.815242170136273,0.5157395863605418,0.6497915275652684,11.254830806927538,42.54684061957677,35.099067625144855,4.196815013361166,2.2874989786388373,25.68063192131206,3247.242785293405
4182,418.2000000000266,42.512368954793146,35.1267043779326,7.385291196878315,3246.9411475032994,25.685696979394965,116.84245927769894,116.92679200000002,11.286480861885813,0.1,7.371830952310312,3245.7033648522356,35.12,25.51187933878916,3234.707140129247,4.118080603591545,2.3201418797087636,4.195800000000006,2.287000000000001,77.03037484231712,39.728642311335676,25.812181731132863,0.5157529402221018,0.6497121529815767,11.222324212616662,42.49183095231031,35.153704907883075,4.196442326610781,2.2866325724328562,25.899849244910225,3246.898001507237
4183,418.3000000000266,42.512271097038266,35.12679021055986,7.385145659941479,3246.7129542311613,25.685725161054165,116.85104748574483,116.92679200000002,11.285278977665392,0.1,7.445779717922029,3245.7033648522356,35.12,25.51187933878916,3234.707140129247,4.118080603591545,2.3201418797087636,4.195800000000006,2.287000000000001,77.02883326230744,39.728770151454235,25.80943302192076,0.5157649216386967,0.6496408754544855,11.328652291140656,42.56577971792203,35.11983866893886,4.196672782061329,2.285696056345024,25.664859211051464,3246.783080764617
4184,418.40000000002664,42.512183237897545,35.1268672733295,7.385014987256184,3246.507999522209,25.68575046299982,116.85876042873427,116.92679200000002,11.284199501694994,0.1,7.412653598389753,3245.7033648522356,35.12,25.51187933878916,3234.707140129247,4.118080603591545,2.3201418797087636,4.195800000000006,2.287000000000001,77.02744912256732,39.72888439638064,25.80696426037646,0.5157756728145495,0.6495768671200722,11.26053265454617,42.53265359838975,35.154174909561654,4.195594615837808,2.287908615363872,25.664984348963305,3246.3240679152827
4185,418.50000000002666,42.51210435655176,35.12693646159218,7.384897656662421,3246.3239150241375,25.68577317991137,116.86568743575124,116.92679200000002,11.28322995653154,0.1,7.374005197709735,3245.7033648522356,35.12,25.51187933878916,3234.707140129247,4.120141102689128,2.3199521809391874,4.195800000000006,2.287000000000001,77.02620630051452,39.72898654236281,25.804746910587642,0.515785321003112,0.6495193851238107,11.290387346376692,42.49400519770973,35.131444635785016,4.196403864666964,2.2874432759130108,25.751706123301087,3246.395581658656
4186,418.6000000000267,42.512033534308316,35.12699858112774,7.384792302188554,3246.158574097413,25.685793576729505,116.87190869631131,116.92679200000002,11.282359138604575,0.1,7.3943131991428,3245.7033648522356,35.12,25.51187933878916,3234.707140129247,4.120141102689128,2.3199521809391874,4.195800000000006,2.287000000000001,77.02509032928006,39.729077912155034,25.802755349988672,0.5157939801474346,0.649467762806908,11.250575327540346,42.5143131991428,35.091411740559735,4.196191159037842,2.286899746260866,25.8014993248427,3246.2934370498247
4187,418.7000000000267,42.5119699451881,35.12705435640027,7.384697698057576,3246.0100670847996,25.685811891336307,116.8774961995533,116.92679200000002,11.28157698777405,0.1,7.411548843193678,3245.7033648522356,35.12,25.567100499982967,3233.4848453241566,4.120141102689128,2.3199521809391874,4.195800000000006,2.287000000000001,77.02408822708979,39.72915967668571,25.80096657103926,0.5158017522979617,0.6494214018370004,11.262958840281842,42.531548843193676,35.10290819830552,4.194321071925414,2.2881269686070045,25.993143089243645,3245.996780803018
4188,418.8000000000267,42.51191284756993,35.127104437885954,7.384612744411808,3245.8766791222192,25.685828337108966,116.88251457554097,116.92679200000002,11.28087447034201,0.1,7.39029891319062,3245.7033648522356,35.12,25.567100499982967,3233.4848453241566,4.120141102689128,2.3199521809391874,4.195800000000006,2.287000000000001,77.02318834545848,39.72923287354255,25.799359913672184,0.5158087288642487,0.6493797651666493,11.372191410167279,42.51029891319062,35.12242239311219,4.195980422714381,2.28833011376127,25.854812420887534,3245.6871897650417
4189,418.90000000002675,42.511861576229094,35.12714940905537,7.384536454432801,3245.7568702260583,25.685843105367255,116.8870218498943,116.92679200000002,11.280243474086086,0.1,7.433405812106976,3245.7033648522356,35.12,25.567100499982967,3233.4848453241566,4.120141102689128,2.3199521809391874,4.195800000000006,2.287000000000001,77.02238023264705,39.72929842304561,25.79791682523489,0.5158149917341268,0.6493423707243317,11.27820445378953,42.55340581210697,35.14629686939121,4.19628383191807,2.2871872057125806,25.792344853989466,3245.606627715739
4190,419.0000000000268,42.511815534707054,35.12718979306547,7.384467942698438,3245.6492574224108,25.685856367665227,116.89107012096058,116.92679200000002,11.279676714061857,0.1,7.384630528349412,3245.7033648522356,35.12,25.567100499982967,3233.4848453241566,4.119568125196509,2.3197086785092065,4.195800000000006,2.287000000000001,77.02165451047014,39.72935714232857,25.796620645059477,0.5158206142783891,0.6493087857587095,11.242495678734866,42.50463052834941,35.124653092331194,4.194108764754547,2.288110842766481,25.949597020453705,3245.524714349825
4191,419.1000000000268,42.511774188166896,35.12722605902567,7.384406414688571,3245.5525987086576,25.68586827788069,116.89470616741725,116.92679200000002,11.279167648064616,0.1,7.366165799582198,3245.7033648522356,35.12,25.567100499982967,3233.4848453241566,4.119568125196509,2.3197086785092065,4.195800000000006,2.287000000000001,77.02100276332546,39.729409757674034,25.795456411123787,0.5158256622515918,0.6492786217681273,11.2366061126296,42.486165799582196,35.09569771764551,4.194639448528222,2.2873566577680298,25.688678437845137,3245.459864049134
4192,419.2000000000268,42.51173705687917,35.12725862771117,7.384351157362708,3245.465778659138,25.685878974084552,116.89797199332767,116.92679200000002,11.278710400759083,0.1,7.348261789836293,3245.7033648522356,35.12,25.618575077221205,3233.2362441517766,4.119568125196509,2.3197086785092065,4.195800000000006,2.287000000000001,77.02041743853744,39.72945691528912,25.794410686536033,0.5158301945973399,0.6492515299550835,11.252125840885665,42.46826178983629,35.109160213803804,4.197161313122504,2.285994536748891,25.701550361801306,3245.3131019165567
4193,419.30000000002684,42.511703710394,35.1272878766743,7.3843015307244,3245.3877955056696,25.685888580198466,116.90090531701706,116.92679200000002,11.278299695586545,0.1,7.39855759909387,3245.7033648522356,35.12,25.618575077221205,3233.2362441517766,4.119568125196509,2.3197086785092065,4.195800000000006,2.287000000000001,77.0198917570876,39.72949919069733,25.79347140380644,0.5158342641664554,0.6492271971514301,11.31324863640134,42.51855759909387,35.1492979973653,4.19410428547652,2.2876385759059223,25.712018277744708,3245.2034348853235
4194,419.40000000002686,42.51167376237326,35.12731414477711,7.384256960278094,3245.3177495409063,25.685897207463483,116.90354000956154,116.92679200000002,11.277930793648832,0.1,7.378107355800623,3245.7033648522356,35.12,25.618575077221205,3233.2362441517766,4.119568125196509,2.3197086785092065,4.195800000000006,2.287000000000001,77.01941963374745,39.72953709692224,25.792627725074887,0.5158379183568144,0.6492053421652623,11.257907384356825,42.49810735580062,35.10055653587815,4.19671262343812,2.287405880945481,25.664631284235583,3245.363224855465
4195,419.5000000000269,42.511646866011844,35.12733773620721,7.38421693028325,3245.254832708186,25.6859049557459,116.90590648813316,116.92679200000002,11.277599438849995,0.1,7.361003380356337,3245.7033648522356,35.12,25.618575077221205,3233.2362441517766,4.116891083368093,2.3195802914000896,4.195800000000006,2.287000000000001,77.01899560562912,39.729571091630284,25.791869916649947,0.5158411996835565,0.6491857125052993,11.326882519533964,42.481003380356334,35.09035295001226,4.195962110925316,2.287121444785008,25.594525835355732,3245.2858883408235
4196,419.6000000000269,42.51162270996659,35.127358924048416,7.384180977716541,3245.198319255719,25.685911914703567,116.90803206891347,116.92679200000002,11.277301808650739,0.1,7.366246694907595,3245.7033648522356,35.12,25.618575077221205,3233.2362441517766,4.116891083368093,2.3195802914000896,4.195800000000006,2.287000000000001,77.01861476822769,39.72960158338257,25.79118923638425,0.5158441462877638,0.6491680814431261,11.312690080932157,42.48624669490759,35.136599532223116,4.195446341726969,2.2885254068934313,25.685046238168656,3245.1853722194082
4197,419.70000000002693,42.51160101472017,35.127377953469946,7.384148686862702,3245.1475573457165,25.685918164831126,116.90994128378983,116.92679200000002,11.277034469857748,0.1,7.390444065188198,3245.7033648522356,35.12,25.662240583552112,3234.9892823279984,4.116891083368093,2.3195802914000896,4.195800000000006,2.287000000000001,77.01827271812313,39.729628937124005,25.79057783256468,0.5158467923908042,0.649152245377896,11.274499051378099,42.510444065188196,35.185686132388795,4.1958375714378295,2.2867023181727317,25.785091457138677,3245.1276674199967
4198,419.80000000002696,42.511581529322484,35.127395044584475,7.384119684465064,3245.101961520455,25.685923778398383,116.91165616459423,116.92679200000002,11.276794338930372,0.1,7.38761225243794,3245.7033648522356,35.12,25.662240583552112,3234.9892823279984,4.116891083368093,2.3195802914000896,4.195800000000006,2.287000000000001,77.01796550161407,39.72965347901625,25.79002865313377,0.5158491687005629,0.6491380214719246,11.292913142728402,42.50761225243794,35.15231559328401,4.195142972542605,2.288497074071612,25.632163205837543,3245.170655716417
4199,419.900000000027,42.5115640284652,35.127410395014074,7.384093635375907,3245.0610059374553,25.68592882029301,116.91319649824003,116.92679200000002,11.276578646341108,0.1,7.386829299811943,3245.7033648522356,35.12,25.662240583552112,3234.9892823279984,4.116891083368093,2.3195802914000896,4.195800000000006,2.287000000000001,77.01768956864889,39.72967550070238,25.78953536418212,0.5158513027749263,0.6491252455290301,11.260792907884431,42.50682929981194,35.14288318011656,4.1938682337418145,2.2880207804031714,25.70745227024709,3244.974411524537
4200,420.000000000027,42.51154830985452,35.127424182194495,7.38407023865438,3245.0242182950274,25.685933348777098,116.91458005575484,116.92679200000002,11.27638490457437,0.1,7.4330328883799694,3245.7033648522356,35.12,25.662240583552112,3234.9892823279984,4.122761934120667,2.319367684594888,4.195800000000006,2.287000000000001,77.01744173149804,39.72969526307683,25.789092276761593,0.5158532193471763,0.6491137700904778,11.297376353911442,42.55303288837997,35.13428176854277,4.196277998036843,2.2876231185826588,25.699293093595884,3244.8937006620304
4201,420.100000000027,42.51153419185252,35.12743656544393,7.384049224065656,3244.9911743775488,25.685937416165988,116.91582279789283,116.92679200000002,11.276210879391083,0.1,7.444452668343509,3245.7033648522356,35.12,25.662240583552112,3234.9892823279984,4.122761934120667,2.319367684594888,4.195800000000006,2.287000000000001,77.01721912767626,39.729712999622414,25.788694281167416,0.51585494061737,0.6491034627260587,11.360683108439241,42.564452668343506,35.13319250781669,4.1969954713781545,2.286541796947544,25.679332398382215,3244.902285086384
4202,420.20000000002705,42.511521511360925,35.127447687819235,7.3840303489399854,3244.961493157101,25.68594106943718,116.91693905973044,116.92679200000002,11.276054564024939,0.1,7.403608677195962,3245.7033648522356,35.12,25.65089494256205,3235.42498642487,4.122761934120667,2.319367684594888,4.195800000000006,2.287000000000001,77.01701918667564,39.72972891936765,25.788336787925044,0.5158564865133226,0.6490942045001876,11.254263676015572,42.52360867719596,35.08582183117406,4.195649783526157,2.287131673261599,25.694802246425375,3245.09511996818
4203,420.30000000002707,42.511510121922655,35.12745767778098,7.3840133953545335,3244.9348323946006,25.68594435077648,116.91794171640203,116.92679200000002,11.275914156010515,0.1,7.353778335317841,3245.7033648522356,35.12,25.65089494256205,3235.42498642487,4.122761934120667,2.319367684594888,4.195800000000006,2.287000000000001,77.01683960011691,39.729743209510666,25.788015674796057,0.5158578749244127,0.6490858885949914,11.231363464649158,42.47377833531784,35.14474311763458,4.197693875242363,2.2861596241785644,25.697520548448335,3244.906123778184
4204,420.4000000000271,42.511499892019245,35.12746665068684,7.383998167604605,3244.9108846893864,25.685947298067884,116.91884233190862,116.92679200000002,11.275788036374289,0.1,7.420682018226536,3245.7033648522356,35.12,25.65089494256205,3235.42498642487,4.122761934120667,2.319367684594888,4.195800000000006,2.287000000000001,77.01667829496486,39.72975603774954,25.78772723918801,0.5158591219110907,0.6490784190742475,11.329033677257227,42.54068201822653,35.11713501995587,4.196078263520543,2.288109760055875,25.684832201755523,3244.897051804338
4205,420.5000000000271,42.51149070354357,35.1274747101312,7.383984489934328,3244.889373931466,25.68594994533311,116.91965129273468,116.92679200000002,11.27567475094706,0.1,7.377139388478092,3245.7033648522356,35.12,25.65089494256205,3235.42498642487,4.121654588414954,2.319273214408252,4.195800000000006,2.287000000000001,77.01653340949183,39.729767554354304,25.787468155415933,0.5158602418926563,0.6490717097736878,11.286873729821062,42.49713938847809,35.108238884218906,4.194654875552752,2.2855674195721956,25.659629614635474,3244.9549312748354
4206,420.60000000002714,42.5114824504295,35.127481949147025,7.38397220449995,3244.8700521153096,25.68595232312604,116.92037792782865,116.92679200000002,11.275572993581196,0.1,7.37462644775821,3245.7033648522356,35.12,25.65089494256205,3235.42498642487,4.121654588414954,2.319273214408252,4.195800000000006,2.287000000000001,77.01640327170455,39.72977789401094,25.787235436320206,0.5158612478155996,0.6490656833047008,11.206415964583464,42.49462644775821,35.09557772921026,4.196494359780231,2.286989824742629,25.71525188316725,3244.957135650352
4207,420.70000000002716,42.51147503742227,35.127488451284464,7.38396116954174,3244.8526964782973,25.68595445888671,116.92103061634282,116.92679200000002,11.27548159107818,0.1,7.368560364880906,3245.7033648522356,35.12,25.718246906868306,3239.520034263327,4.121654588414954,2.319273214408252,4.195800000000006,2.287000000000001,77.01628637998057,39.72978717746397,25.787026398795806,0.5158621513045484,0.6490602701597921,11.334967224095898,42.488560364880904,35.15438052109675,4.197330403269765,2.2861508498147565,25.809705100142214,3244.9113224547273
4208,420.8000000000272,42.5114683789748,35.12749429157882,7.3839512577429485,3244.8371069306945,25.685956377259096,116.92161688438448,116.92679200000002,11.27539948965192,0.1,7.391686496419084,3245.7033648522356,35.12,25.718246906868306,3239.520034263327,4.121654588414954,2.319273214408252,4.195800000000006,2.287000000000001,77.01618138568588,39.72979551298092,25.78683863283395,0.5158629627976471,0.6490554079093765,11.25550980498548,42.51168649641908,35.124554977753135,4.195699447369282,2.285772755465138,25.647220810716313,3244.8610640170327
4209,420.9000000000272,42.51146239825705,35.12749953741956,7.383942354756633,3244.8231037474247,25.685958100376382,116.9221434919016,116.92679200000002,11.275325742771177,0.1,7.394921998700745,3245.7033648522356,35.12,25.718246906868306,3239.520034263327,4.121654588414954,2.319273214408252,4.195800000000006,2.287000000000001,77.01608707757069,39.72980299765877,25.78666997371769,0.5158636916679871,0.6490510404805497,11.314278297243112,42.51492199870074,35.104745710217955,4.197357502781586,2.286987302020778,25.650651696961745,3244.7487397501823
4210,421.0000000000272,42.5114570262666,35.127504249330315,7.383934357883039,3244.8105254949432,25.68595964811705,116.92261651071105,116.92679200000002,11.275259500240416,0.1,7.41477192503568,3245.7033648522356,35.12,25.718246906868306,3239.520034263327,4.124419528709915,2.3190864023909024,4.195800000000006,2.287000000000001,77.01600236775961,39.72980971859046,25.786518477049842,0.5158643463325503,0.6490471175094442,11.286787234671316,42.53477192503568,35.16057231121974,4.19688040505496,2.2885569049285013,25.73688929189986,3244.7600734447506
4211,421.10000000002725,42.511452201030295,35.12750848166924,7.383927174882141,3244.799227169244,25.685961038334806,116.92304139457367,116.92679200000002,11.27519999839281,0.1,7.411411014064775,3245.7033648522356,35.12,25.718246906868306,3239.520034263327,4.124419528709915,2.3190864023909024,4.195800000000006,2.287000000000001,77.01592627917373,39.72981575390684,25.786382396324367,0.5158649343499538,0.6490435937596478,11.304270560204877,42.53141101406477,35.13285091123075,4.196046896891304,2.286590807034249,25.62232748319236,3244.9749158232175
4212,421.2000000000273,42.51144786688741,35.1275122832577,7.38392072290744,3244.7890785234827,25.685962287065024,116.92342304212819,116.92679200000002,11.275146551282019,0.1,7.398134110483973,3245.7033648522356,35.12,25.74484885072659,3239.5656230248655,4.124419528709915,2.3190864023909024,4.195800000000006,2.287000000000001,77.01585793423689,39.72982117370795,25.786260162781986,0.5158654625081611,0.6490404285999302,11.248031244744878,42.51813411048397,35.14606758741532,4.197600144362447,2.287743583721016,25.66972362186368,3244.731086216352
4213,421.3000000000273,42.511443973846085,35.127515697944794,7.38391492754863,3244.7799625658863,25.685963408710077,116.92376585341276,116.92679200000002,11.275098542770948,0.1,7.40826309660963,3245.7033648522356,35.12,25.74484885072659,3239.5656230248655,4.124419528709915,2.3190864023909024,4.195800000000006,2.287000000000001,77.01579654473501,39.72982604089583,25.786150367317166,0.5158659369031983,0.6490375855352156,11.364711686015248,42.52826309660963,35.135664163979705,4.193181149710009,2.2876005813609406,25.59802925412479,3244.828947635174
4214,421.4000000000273,42.511440477005465,35.127518765114154,7.38390972197197,3244.771774210609,25.685964416205774,116.92407378062815,116.92679200000002,11.275055419426074,0.1,7.3953883338556565,3245.7033648522356,35.12,25.74484885072659,3239.5656230248655,4.124419528709915,2.3190864023909024,4.195800000000006,2.287000000000001,77.01574140271065,39.72983041191954,25.786051744227443,0.515866363009799,0.6490350317853671,11.168320640565813,42.515388333855654,35.153378669532835,4.195938781118288,2.2863299401125676,25.799578206696925,3244.7270744978578
4215,421.50000000002734,42.51143733603688,35.12752152013906,7.383905046148344,3244.76441906594,25.685965321170787,116.92435037373001,116.92679200000002,11.275016684135256,0.1,7.414862430363463,3245.7033648522356,35.12,25.74484885072659,3239.5656230248655,4.122424589295044,2.3189449910255653,4.195800000000006,2.287000000000001,77.01569187228591,39.72983433744192,25.78596315661734,0.51586674574482,0.649032737906896,11.304707740125917,42.53486243036346,35.063056499282716,4.194537802689388,2.2879068864414527,25.562726585905967,3244.7401656689244
4216,421.60000000002736,42.51143451471796,35.12752399479107,7.383900846160092,3244.757812345883,25.68596613404085,116.92459882137733,116.92679200000002,11.274981890375322,0.1,7.396128361403974,3245.7033648522356,35.12,25.74484885072659,3239.5656230248655,4.122424589295044,2.3189449910255653,4.195800000000006,2.287000000000001,77.01564738232022,39.72983786293655,25.78588358328837,0.5158670895241603,0.6490306774532218,11.33582389984351,42.51612836140397,35.15026043068612,4.195186300018091,2.2865476773210123,25.73605397180924,3244.8352084914695
4217,421.7000000000274,42.511431980514246,35.12752621760694,7.383897073578502,3244.7518778925337,25.685966864189258,116.92482198771081,116.92679200000002,11.274950637063261,0.1,7.389157259642339,3245.7033648522356,35.12,25.754629376757382,3240.789317621714,4.122424589295044,2.3189449910255653,4.195800000000006,2.287000000000001,77.01560741981608,39.729841029222385,25.78581210696369,0.5158673983138633,0.6490288266695434,11.280134161773836,42.509157259642336,35.145093549369285,4.19744619767913,2.2867748870424984,25.739455425884806,3244.7536555122997
4218,421.8000000000274,42.51142970420358,35.1275282142182,7.383893684904776,3244.7465472979775,25.685967520035085,116.92502244538566,116.92679200000002,11.274922563931534,0.1,7.43087516293258,3245.7033648522356,35.12,25.754629376757382,3240.789317621714,4.122424589295044,2.3189449910255653,4.195800000000006,2.287000000000001,77.01557152399761,39.72984387294271,25.785747903711428,0.5158676756759913,0.6490271642187938,11.327067662206336,42.55087516293258,35.072786387480505,4.196134398587245,2.2877576772276735,25.67858480509122,3244.7557077916294
4219,421.90000000002743,42.511427659538626,35.127530007647024,7.383890641067984,3244.7417591155654,25.685968109140372,116.92520250524109,116.92679200000002,11.274897347374194,0.1,7.4309668009186325,3245.7033648522356,35.12,25.754629376757382,3240.789317621714,4.122424589295044,2.3189449910255653,4.195800000000006,2.287000000000001,77.01553928099236,39.72984642699428,25.785690233444793,0.5158679248098145,0.6490256709355114,11.262154641289648,42.55096680091863,35.15758314825497,4.196696135687535,2.285747962770358,25.644027806747193,3244.7117337265527
4220,422.00000000002746,42.51142582294398,35.12753161857201,7.383887906974173,3244.7374581514773,25.6859686382974,116.92536424294882,116.92679200000002,11.274874696715797,0.1,7.415591553604159,3245.7033648522356,35.12,25.754629376757382,3240.789317621714,4.123529849774253,2.318788366878916,4.195800000000006,2.287000000000001,77.0155103190553,39.72984872091211,25.785638431389035,0.5158681485887926,0.6490243296047732,11.273583878439576,42.535591553604156,35.087087499732725,4.19449544650984,2.287539665763676,25.758962246041282,3244.6946700491058
4221,422.1000000000275,42.51142417324404,35.127533065566816,7.383885451101431,3244.733594828387,25.685969113607076,116.9255095229484,116.92679200000002,11.274854350860116,0.1,7.3625683381750235,3245.7033648522356,35.12,25.754629376757382,3240.789317621714,4.123529849774253,2.318788366878916,4.195800000000006,2.287000000000001,77.01548430427934,39.7298507812142,25.785591900417092,0.5158683495937794,0.6490231247636477,11.313069369799017,42.48256833817502,35.13059083072688,4.1961112601710395,2.288308820447786,25.645540702010546,3244.8161840709536
4222,422.2000000000275,42.51142269141859,35.12753436531455,7.3838832451362,3244.7301246138977,25.68596954054933,116.92564001994603,116.92679200000002,11.274836075279934,0.1,7.3637152719884895,3245.7033648522356,35.12,25.75820293742818,3241.6377528693397,4.123529849774253,2.318788366878916,4.195800000000006,2.287000000000001,77.01546093674293,39.729852631710926,25.785550104165218,0.5158685301428405,0.6490220425228592,11.284380134647561,42.48371527198849,35.140226102902844,4.196516026456808,2.2881130318628236,25.657289965905132,3244.76559589712
4223,422.3000000000275,42.51142136038341,35.12753553280023,7.38388126364664,3244.7270075071474,25.685969924046333,116.92575723822446,116.92679200000002,11.274819659313248,0.1,7.411590427978936,3245.7033648522356,35.12,25.75820293742818,3241.6377528693397,4.123529849774253,2.318788366878916,4.195800000000006,2.287000000000001,77.01543994705007,39.729854293782246,25.78551256084941,0.5158686923180269,0.6490210704066152,11.283635798790597,42.531590427978934,35.10495117163233,4.1949820277078205,2.2879884971421225,25.704384509157563,3244.8242273262963
4224,422.40000000002755,42.511420164793165,35.127536581483646,7.3838794837892685,3244.7242075776658,25.685970268519284,116.92586252898755,116.92679200000002,11.27480491373463,0.1,7.408387351809708,3245.7033648522356,35.12,25.75820293742818,3241.6377528693397,4.123529849774253,2.318788366878916,4.195800000000006,2.287000000000001,77.01542109322278,39.729855786626544,25.78547883771111,0.515868837989418,0.6490201972087387,11.22327676352427,42.528387351809705,35.08459931975817,4.19316137729581,2.2861632237221836,25.841889237695906,3244.792446407278
4225,422.50000000002757,42.51141909086428,35.127537523454706,7.383877885045469,3244.7216925511625,25.685970577939415,116.92595710593915,116.92679200000002,11.274791668573782,0.1,7.356792510895282,3245.7033648522356,35.12,25.75820293742818,3241.6377528693397,4.123191909542843,2.318660782515253,4.195800000000006,2.287000000000001,77.01540415791008,39.72985712748377,25.78544854602825,0.515868968836713,0.6490194128634494,11.294395818803965,42.47679251089528,35.10772770016609,4.196445871943288,2.2864170852039702,25.702730611163048,3244.7283871753166
4226,422.6000000000276,42.511418126216086,35.12753836957285,7.383876448984834,3244.7194334374703,25.685970855873784,116.92604205927631,116.92679200000002,11.27477977115608,0.1,7.385741442414215,3245.7033648522356,35.12,25.75820293742818,3241.6377528693397,4.123191909542843,2.318660782515253,4.195800000000006,2.287000000000001,77.01538894588101,39.72985833183565,25.785421336633963,0.5158690863686213,0.6490187083292978,11.231429756756535,42.50574144241421,35.1274520029556,4.194456855378111,2.285715070194342,25.694938336176225,3244.6540419543867
4227,422.7000000000276,42.51141725972789,35.12753912959228,7.383875159052614,3244.7174041963526,25.685971105526434,116.92611836825822,116.92679200000002,11.274769084342564,0.1,7.371688545799259,3245.7033648522356,35.12,25.783345379742663,3243.3502910138272,4.123191909542843,2.318660782515253,4.195800000000006,2.287000000000001,77.01537528177322,39.72985941358542,25.785396895891452,0.5158691919402756,0.6490180754849152,11.343488300649147,42.491688545799256,35.17814290152881,4.19557913327978,2.287637483797182,25.571173813979076,3244.7613186861736
4228,422.80000000002764,42.51141648141079,35.12753981227456,7.383874000378803,3244.715581437319,25.68597132977533,116.92618691249585,116.92679200000002,11.274759484949014,0.1,7.398697161876413,3245.7033648522356,35.12,25.783345379742663,3243.3502910138272,4.123191909542843,2.318660782515253,4.195800000000006,2.287000000000001,77.01536300807058,39.72986038521902,25.785374942078402,0.5158692867688704,0.6490175070353763,11.45448633482583,42.51869716187641,35.07278995024492,4.195686906006397,2.286978358328985,25.834830479871304,3244.8961531988402
4229,422.90000000002766,42.51141578229243,35.12754042548956,7.3838729596066575,3244.7139441499917,25.685971531205553,116.92624848209259,116.92679200000002,11.274750862325927,0.1,7.391131890794462,3245.7033648522356,35.12,25.783345379742663,3243.3502910138272,4.123191909542843,2.318660782515253,4.195800000000006,2.287000000000001,77.01535198328672,39.729861257949786,25.785355222139405,0.515869371947708,0.6490169964280924,11.288976969549683,42.51113189079446,35.14815425710732,4.195288396491107,2.285881020579324,25.775256322137015,3244.536689952313
4230,423.0000000000277,42.51141515431357,35.12754097630625,7.383872024738688,3244.712473461908,25.685971712139107,116.92630378675284,116.92679200000002,11.274743117083002,0.1,7.414941361513414,3245.7033648522356,35.12,25.783345379742663,3243.3502910138272,4.126353425019437,2.318571086862095,4.195800000000006,2.287000000000001,77.01534208033375,39.72986204184843,25.785337508768833,0.515869448458811,0.6490165377772646,11.331983043190556,42.53494136151341,35.143286218774634,4.193546756234859,2.2879496847327756,25.605077079009984,3244.9056942833963
4231,423.1000000000277,42.51141459023512,35.12754147107422,7.383871184998308,3244.711152420972,25.6859718746617,116.92635346396351,116.92679200000002,11.274736159943417,0.1,7.36479870595668,3245.7033648522356,35.12,25.783345379742663,3243.3502910138272,4.126353425019437,2.318571086862095,4.195800000000006,2.287000000000001,77.01533318505655,39.72986274595953,25.785321597790606,0.5158695171842534,0.6490161257960283,11.34050573502329,42.48479870595668,35.09108084239365,4.196490724299424,2.288411140926601,25.61220258102638,3244.7347480663575
4232,423.2000000000277,42.51141408355468,35.12754191549689,7.383870430705592,3244.709965800045,25.68597202064679,116.92639808634303,116.92679200000002,11.274729910714715,0.1,7.400135189764072,3245.7033648522356,35.12,25.74835004859588,3243.1736159373895,4.126353425019437,2.318571086862095,4.195800000000006,2.287000000000001,77.01532519491678,39.72986337840628,25.78530730580456,0.5158695789163343,0.6490157557355012,11.256094688579443,42.52013518976407,35.16094040546041,4.196225671181303,2.287759373773149,25.788862629222088,3244.7798592313093
4233,423.30000000002775,42.51141362843157,35.127542314697294,7.383869753165653,3244.7088999214175,25.685972151777193,116.92643816824233,116.92679200000002,11.274724297364397,0.1,7.391666239015713,3245.7033648522356,35.12,25.74835004859588,3243.1736159373895,4.126353425019437,2.318571086862095,4.195800000000006,2.287000000000001,77.01531801781059,39.729863946484414,25.785294468072387,0.5158696343667175,0.6490154233300377,11.229735925917826,42.51166623901571,35.198110180963255,4.19594799522242,2.2866642979201375,25.632817723551906,3244.509192834798
4234,423.4000000000278,42.51141321961943,35.12754267327712,7.383869144568401,3244.7079424991457,25.685972269564473,116.92647417167414,116.92679200000002,11.274719255189598,0.1,7.392566587253178,3245.7033648522356,35.12,25.74835004859588,3243.1736159373895,4.126353425019437,2.318571086862095,4.195800000000006,2.287000000000001,77.01531157100656,39.729864456746625,25.78528293661862,0.5158696841746396,0.6490151247480523,11.38746355102794,42.512566587253175,35.115894907309766,4.194437060532051,2.2861824501569257,25.66930580260125,3244.631164313807
4235,423.5000000000278,42.5114128524058,35.127542995369815,7.383868597898499,3244.7070824974326,25.685972375366383,116.92650651163883,116.92679200000002,11.27471472607125,0.1,7.45296380263386,3245.7033648522356,35.12,25.74835004859588,3243.1736159373895,4.131336385862852,2.318447576294069,4.195800000000006,2.287000000000001,77.01530578019208,39.729864915078224,25.78527257852496,0.515869728914282,0.6490148565478502,11.243548457082131,42.57296380263386,35.17167928871401,4.1942227017493,2.2872184432305276,25.662627951284712,3244.9819803376977
4236,423.6000000000278,42.51141252255778,35.12754328468816,7.383868106854488,3244.706310003417,25.6859724704025,116.92653556090833,116.92679200000002,11.27471065780414,0.1,7.389754783549449,3245.7033648522356,35.12,25.74835004859588,3243.1736159373895,4.131336385862852,2.318447576294069,4.195800000000006,2.287000000000001,77.01530057861648,39.72986532676525,25.78526327439808,0.5158697691013928,0.6490146156379504,11.29514195236296,42.50975478354945,35.11727514529379,4.195788202354567,2.286686171343596,25.54388611650895,3244.770777758901
4237,423.70000000002784,42.511412226273166,35.127543544567146,7.383867665776133,3244.70561611291,25.685972555768306,116.92656165432314,116.92679200000002,11.274707003495145,0.1,7.3948567069944815,3245.7033648522356,35.12,25.722010405552847,3242.7467776246094,4.131336385862852,2.318447576294069,4.195800000000006,2.287000000000001,77.01529590632154,39.72986569655547,25.785254916993406,0.5158698051992342,0.6490143992414491,11.223752395075266,42.51485670699448,35.1195655145279,4.195833749707472,2.286240542465108,25.61265055349156,3244.7449081177656
4238,423.80000000002786,42.51141196013674,35.127543778002384,7.383867269579178,3244.7049928277565,25.685972632447804,116.92658509265218,116.92679200000002,11.274703721022696,0.1,7.422963607270624,3245.7033648522356,35.12,25.722010405552847,3242.7467776246094,4.131336385862852,2.318447576294069,4.195800000000006,2.287000000000001,77.01529170945032,39.72986602871327,25.785247409978915,0.5158698376239239,0.6490142048640083,11.2592208951577,42.54296360727062,35.1092620327873,4.196297996521012,2.2860845493686957,25.693312967754807,3244.6400009552403
4239,423.9000000000279,42.511411721080734,35.12754398768467,7.383866913696721,3244.7044329636437,25.685972701324875,116.92660614605977,116.92679200000002,11.274700772551256,0.1,7.372114411483992,3245.7033648522356,35.12,25.722010405552847,3242.7467776246094,4.131336385862852,2.318447576294069,4.195800000000006,2.287000000000001,77.01528793962615,39.72986632706886,25.78524066682473,0.5158698667492344,0.6490140302651021,11.342531173324206,42.49211441148399,35.14222666786119,4.196002410167298,2.287437401878996,25.731566840871057,3244.7936894150116
4240,424.0000000000279,42.511411506349575,35.12754417603099,7.383866594026575,3244.7039300672873,25.68597276319345,116.92662505721984,116.92679200000002,11.274698124095188,0.1,7.43262734220847,3245.7033648522356,35.12,25.722010405552847,3242.7467776246094,4.128878459724709,2.3182546763955267,4.195800000000006,2.287000000000001,77.015284553395,39.72986659506255,25.785234609805705,0.5158698929109024,0.6490138734321896,11.298259180924905,42.55262734220847,35.1007095284862,4.196435591909844,2.286850776266902,25.735095429892432,3244.814295888469
4241,424.10000000002793,42.5114113134681,35.127544345212385,7.383866306883976,3244.7034783420468,25.68597281876668,116.92664204411324,116.92679200000002,11.274695745127012,0.1,7.389951463603758,3245.7033648522356,35.12,25.722010405552847,3242.7467776246094,4.128878459724709,2.3182546763955267,4.195800000000006,2.287000000000001,77.0152815117246,39.72986683578439,25.785229169105484,0.5158699164104987,0.6490137325575157,11.28402284246794,42.509951463603755,35.19365119154092,4.196794185565994,2.287802151905225,25.521228777871066,3244.6856525248736
4242,424.20000000002796,42.51141114021301,35.127544497178974,7.383866048959112,3244.703072581109,25.685972868685138,116.9266573025404,116.92679200000002,11.274693608225526,0.1,7.349733673134672,3245.7033648522356,35.12,25.74679105578891,3243.3749783434605,4.128878459724709,2.3182546763955267,4.195800000000006,2.287000000000001,77.01527877955446,39.72986705200991,25.785224282011786,0.5158699375189063,0.6490136060172728,11.28265477617363,42.46973367313467,35.13614114995746,4.197547850596197,2.2870933942781018,25.60816229548123,3244.4611470105538
4243,424.300000000028,42.511410984587215,35.127544633682426,7.383865817278956,3244.7027081074716,25.685972913524225,116.92667100837832,116.92679200000002,11.274691688759725,0.1,7.3709439424813965,3245.7033648522356,35.12,25.74679105578891,3243.3749783434605,4.128878459724709,2.3182546763955267,4.195800000000006,2.287000000000001,77.01527632539167,39.729867246232104,25.785219892193503,0.5158699564794433,0.6490134923528826,11.305501221837867,42.490943942481394,35.05477022957386,4.197160252941304,2.286558203804108,25.80667540521477,3244.757292194486
4244,424.400000000028,42.511410844796885,35.12754475629619,7.383865609173007,3244.7023807200317,25.685972953800785,116.92668331960785,116.92679200000002,11.274689964604889,0.1,7.410254324664365,3245.7033648522356,35.12,25.74679105578891,3243.3749783434605,4.128878459724709,2.3182546763955267,4.195800000000006,2.287000000000001,77.01527412094788,39.72986742069021,25.78521594905139,0.515869973510668,0.6490133902541836,11.27211079969044,42.53025432466436,35.125764811092004,4.195361730902059,2.2873695322261165,25.595014783068073,3244.689919848879
4245,424.500000000028,42.51141071923068,35.1275448664336,7.383865422242501,3244.702086645162,25.685972989979078,116.92669437813468,116.92679200000002,11.274688415887562,0.1,7.3751815030101255,3245.7033648522356,35.12,25.74679105578891,3243.3749783434605,4.128348855131134,2.3180832740693664,4.195800000000006,2.287000000000001,77.01527214081324,39.72986757739557,25.785212407134864,0.5158699888088981,0.6490132985443284,11.276194837001198,42.49518150301012,35.0863643299347,4.195386071779408,2.285351423838348,25.95164348197541,3244.7593055177326
4246,424.60000000002805,42.51141060644123,35.12754496536419,7.383865254332756,3244.701822493214,25.685973022476112,116.92670431142518,116.92679200000002,11.274687024756474,0.1,7.398416885302801,3245.7033648522356,35.12,25.74679105578891,3243.3749783434605,4.128348855131134,2.3180832740693664,4.195800000000006,2.287000000000001,77.01527036216346,39.72986771815481,25.785209225618065,0.5158700025504752,0.6490132161662183,11.252534231232929,42.5184168853028,35.153482911067826,4.196512560694707,2.2860923469888994,25.592263030237778,3244.622616987872
4247,424.70000000002807,42.51141050512848,35.12754505422826,7.383865103508343,3244.7015852194454,25.685973051666473,116.92671323397548,116.92679200000002,11.274685775176774,0.1,7.396775189088473,3245.7033648522356,35.12,25.703645546069044,3242.7296402346155,4.128348855131134,2.3180832740693664,4.195800000000006,2.287000000000001,77.01526876449675,39.72986784459065,25.785206367829293,0.5158700148937961,0.6490131421703189,11.213988024344188,42.51677518908847,35.14807941227863,4.195686288930022,2.2866710709748146,25.942294299092943,3244.684387767164
4248,424.8000000000281,42.51141041412461,35.12754513405014,7.383864968030774,3244.7013720889263,25.685973077886622,116.92672124863141,116.92679200000002,11.274684652745208,0.1,7.42627242766153,3245.7033648522356,35.12,25.703645546069044,3242.7296402346155,4.128348855131134,2.3180832740693664,4.195800000000006,2.287000000000001,77.01526732939749,39.72986795816069,25.7852038008283,0.5158700259811395,0.6490130757037139,11.283761033343616,42.54627242766153,35.14070173579094,4.1984903200198325,2.288413404193912,25.741629285360258,3244.4750464239955
4249,424.9000000000281,42.51141033238068,35.12754520574988,7.383864846338451,3244.7011806450137,25.685973101438794,116.92672844777388,116.92679200000002,11.2746836445241,0.1,7.443144407420249,3245.7033648522356,35.12,25.703645546069044,3242.7296402346155,4.128348855131134,2.3180832740693664,4.195800000000006,2.287000000000001,77.01526604032385,39.72986806017418,25.785201495026623,0.5158700359403071,0.6490130160002746,11.26377535596705,42.563144407420246,35.129152196401286,4.195776003009971,2.286887681842153,25.720146761019297,3244.550868648892
4250,425.00000000002814,42.51141025895443,35.12754527015397,7.383864737028682,3244.701008681035,25.68597312259446,116.92673491438377,116.92679200000002,11.274682738892214,0.1,7.377423984582656,3245.7033648522356,35.12,25.703645546069044,3242.7296402346155,4.134834961104669,2.3178999029009977,4.195800000000006,2.287000000000001,77.01526488241726,39.729868151807125,25.7851994238465,0.5158700448860956,0.6490129623718284,11.27256146760344,42.49742398458265,35.16557580342359,4.196554925305823,2.286332364694523,25.66782169982119,3244.6967806665116
4251,425.10000000002816,42.511410192999506,35.12754532800475,7.383864638841498,3244.7008542148537,25.68597314159748,116.92674072299836,116.92679200000002,11.274681925410812,0.1,7.32435206597895,3245.7033648522356,35.12,25.703645546069044,3242.7296402346155,4.134834961104669,2.3178999029009977,4.195800000000006,2.287000000000001,77.01526384233101,39.729868234115855,25.78519756341454,0.5158700529216204,0.6490129142002266,11.294648365227987,42.44435206597895,35.153245767754136,4.1949249486479525,2.2864185002191086,25.65903339270743,3244.8234980165666
4252,425.2000000000282,42.5114101337557,35.12754537996905,7.383864550645145,3244.700715466021,25.685973158666883,116.92674594057056,116.92679200000002,11.274681194703332,0.1,7.401952491923332,3245.7033648522356,35.12,25.7778963116945,3240.393198870336,4.134834961104669,2.3178999029009977,4.195800000000006,2.287000000000001,77.01526290807655,39.729868308049205,25.78519589228653,0.5158700601395045,0.6490128709302189,11.301947866837796,42.52195249192333,35.176924535244765,4.194306368368699,2.2857466733952165,25.579960955137338,3244.606615844177
4253,425.3000000000282,42.51141008054013,35.12754542664583,7.383864471423023,3244.700590835253,25.685973173999425,116.92675062724055,116.92679200000002,11.2746805383473,0.1,7.371344848535458,3245.7033648522356,35.12,25.7778963116945,3240.393198870336,4.134834961104669,2.3178999029009977,4.195800000000006,2.287000000000001,77.01526206888516,39.72986837445941,25.78519439120028,0.5158700666229457,0.6490128320630545,11.272351072336685,42.491344848535455,35.14748786652637,4.194996726706372,2.2860192879247414,25.64193974603684,3244.5273506647072
4254,425.40000000002823,42.51141003273939,35.1275454685731,7.383864400261978,3244.700478885999,25.68597318777184,116.92675483702918,116.92679200000002,11.274679948777248,0.1,7.403275423249731,3245.7033648522356,35.12,25.7778963116945,3240.393198870336,4.134834961104669,2.3178999029009977,4.195800000000006,2.287000000000001,77.01526131508388,39.72986843411204,25.785193042853574,0.5158700724466765,0.6490127971507306,11.246934219520833,42.52327542324973,35.095590117556256,4.194585943699647,2.2871718324391397,25.73242754805584,3244.6781823695374
4255,425.50000000002825,42.511409989802516,35.12754550623416,7.383864336341768,3244.70037832788,25.68597320014287,116.92675861846044,116.92679200000002,11.274679419197525,0.1,7.391420539277583,3245.7033648522356,35.12,25.7778963116945,3240.393198870336,4.137576503370783,2.3177353437217425,4.195800000000006,2.287000000000001,77.01526063798399,39.72986848769472,25.78519183170475,0.5158700776778248,0.6490127657908314,11.331775521112245,42.51142053927758,35.14185612927294,4.197107539300376,2.2880040132415833,25.737917893902914,3244.66942527783
4256,425.6000000000283,42.51140995123458,35.12754554006311,7.383864278925618,3244.7002880018176,25.685973211255117,116.92676201512087,116.92679200000002,11.274678943503952,0.1,7.435880911073156,3245.7033648522356,35.12,25.7778963116945,3240.393198870336,4.137576503370783,2.3177353437217425,4.195800000000006,2.287000000000001,77.01526002978089,39.72986853582512,25.785190743793546,0.5158700823766881,0.6490127376218874,11.342516157422223,42.55588091107315,35.09494364681181,4.1940551704141065,2.2865954573681075,25.5191555707948,3244.7698479918167
4257,425.7000000000283,42.51140991659105,35.12754557044986,7.3838642273517205,3244.700206866672,25.685973221236658,116.92676506616198,116.92679200000002,11.274678516213468,0.1,7.405638193312001,3245.7033648522356,35.12,25.76309953870387,3245.6941203056786,4.137576503370783,2.3177353437217425,4.195800000000006,2.287000000000001,77.01525948346415,39.72986857905802,25.78518976658021,0.5158700865974277,0.6490127123192102,11.345659738222556,42.525638193312,35.15015836082612,4.194316895191635,2.286241681844776,25.772924492909254,3244.771562943225
4258,425.8000000000283,42.5114098854726,35.12754559774467,7.383864181025611,3244.700133987243,25.68597323020255,116.92676780675147,116.92679200000002,11.274678132400926,0.1,7.405823550229435,3245.7033648522356,35.12,25.76309953870387,3245.6941203056786,4.137576503370783,2.3177353437217425,4.195800000000006,2.287000000000001,77.01525899273666,39.72986861789179,25.785188888800924,0.5158700903886946,0.6490126895911487,11.284331113887927,42.52582355022943,35.10352986219199,4.19569515168986,2.2866710997069406,25.484862433531298,3244.73807542069
4259,425.90000000002834,42.51140985752053,35.127545622262154,7.383864139413311,3244.70006852349,25.685973238256135,116.92677026847863,116.92679200000002,11.274677787642329,0.1,7.341022245365075,3245.7033648522356,35.12,25.76309953870387,3245.6941203056786,4.137576503370783,2.3177353437217425,4.195800000000006,2.287000000000001,77.01525855194204,39.72986865277407,25.785188100338015,0.5158700937941892,0.6490126691757288,11.33805037528886,42.46102224536507,35.056248719506705,4.196556436382392,2.2872923973566417,25.628938405288405,3244.712154566372
4260,426.00000000002836,42.51140983241268,35.12754564428492,7.383864102035177,3244.7000097208465,25.68597324549025,116.92677247971848,116.92679200000002,11.274677477963834,0.1,7.339850192835968,3245.7033648522356,35.12,25.76309953870387,3245.6941203056786,4.131671020144642,2.3175846734317145,4.195800000000006,2.287000000000001,77.01525815599949,39.72986868410693,25.7851873921033,0.5158700968531647,0.6490126508376329,11.239427287224554,42.459850192835965,35.07006304953247,4.193978505649347,2.286862226155848,25.595905268622367,3244.6542811924037
4261,426.1000000000284,42.5114098098596,35.127545664066815,7.383864068460369,3244.699956901528,25.685973251988273,116.92677446595879,116.92679200000002,11.274677199795947,0.1,7.379394576820793,3245.7033648522356,35.12,25.76309953870387,3245.6941203056786,4.131671020144642,2.3175846734317145,4.195800000000006,2.287000000000001,77.01525780034517,39.72986871225156,25.785186755933342,0.5158700996008806,0.6490126343654875,11.281101508565655,42.49939457682079,35.11250649926058,4.195147210108549,2.28716972725699,25.740345689491935,3244.7181157382574
4262,426.2000000000284,42.51140978960137,35.12754568183585,7.383864038301887,3244.699909456715,25.685973257825104,116.92677625009385,116.92679200000002,11.27467694993238,0.1,7.361558866019067,3245.7033648522356,35.12,25.745064502922464,3245.557005147458,4.131671020144642,2.3175846734317145,4.195800000000006,2.287000000000001,77.01525748087963,39.72986873753237,25.78518618449536,0.5158701020690089,0.6490126195694268,11.278754278247078,42.481558866019064,35.13090831804559,4.195268902318294,2.28770145389542,25.6905602155386,3244.7876702390276
4263,426.30000000002843,42.51140977140446,35.127545697796826,7.383864011212114,3244.699866839537,25.68597326306802,116.92677785268843,116.92679200000002,11.274676725493093,0.1,7.321161320132681,3245.7033648522356,35.12,25.745064502922464,3245.557005147458,4.131671020144642,2.3175846734317145,4.195800000000006,2.287000000000001,77.01525719392056,39.72986876024077,25.78518567120271,0.5158701042859981,0.649012606278905,11.239802242906755,42.44116132013268,35.115155821242844,4.195279402039447,2.287436260826887,25.659633607045937,3244.4183431191445
4264,426.40000000002846,42.51140975505915,35.12754571213374,7.383863986878799,3244.6998285587697,25.68597326777746,116.92677929221475,116.92679200000002,11.274676523891095,0.1,7.34738411103924,3245.7033648522356,35.12,25.745064502922464,3245.557005147458,4.131671020144642,2.3175846734317145,4.195800000000006,2.287000000000001,77.01525693616038,39.7298687806385,25.785185210138945,0.5158701062774023,0.6490125943407294,11.318152151613578,42.46738411103924,35.11728243790035,4.196721528885104,2.287057785965933,25.811985759463834,3244.631289542934
4265,426.5000000000285,42.511409740377005,35.12754572501183,7.383863965021462,3244.6997941731715,25.685973272007697,116.92678058526545,116.92679200000002,11.274676342802634,0.1,7.340724043001309,3245.7033648522356,35.12,25.745064502922464,3245.557005147458,4.135206874313484,2.3174540259714775,4.195800000000006,2.287000000000001,77.01525670462796,39.729868798960695,25.785184795989633,0.5158701080661758,0.6490125836172949,11.162044653508737,42.460724043001306,35.156035889355564,4.196023235584458,2.286659454152207,25.786204705351317,3244.7408456549656
4266,426.6000000000285,42.511409727188806,35.12754573657954,7.383863945388169,3244.6997632863986,25.6859732758075,116.9267817467448,116.92679200000002,11.274676180140402,0.1,7.384135121665224,3245.7033648522356,35.12,25.745064502922464,3245.557005147458,4.135206874313484,2.3174540259714775,4.195800000000006,2.287000000000001,77.01525649665462,39.72986881541854,25.785184423981107,0.5158701096729363,0.6490125739849985,11.293793551630747,42.50413512166522,35.12843559752762,4.196644099009524,2.285244692622429,25.731897734173646,3244.622427408477
4267,426.7000000000285,42.51140971534255,35.1275457469702,7.383863927752618,3244.6997355424364,25.685973279220658,116.92678279004058,116.92679200000002,11.274676034029481,0.1,7.445533241604373,3245.7033648522356,35.12,25.72962275360127,3246.032067408709,4.135206874313484,2.3174540259714775,4.195800000000006,2.287000000000001,77.01525630984311,39.72986883020175,25.78518408982543,0.5158701111162047,0.6490125653328137,11.285101385191776,42.56553324160437,35.10015241878047,4.196285117051891,2.2851448121703166,25.65640156614161,3244.620281645714
4268,426.80000000002855,42.51140970470168,35.12754575630359,7.383863911911529,3244.699710621496,25.685973282286522,116.92678372717822,116.92679200000002,11.27467590278573,0.1,7.426606309923926,3245.7033648522356,35.12,25.72962275360127,3246.032067408709,4.135206874313484,2.3174540259714775,4.195800000000006,2.287000000000001,77.01525614204017,39.72986884348072,25.785183789670974,0.5158701124126166,0.6490125575610116,11.329435104294722,42.546606309923924,35.11884915786618,4.196050995935738,2.2875127026346216,25.676219234220948,3244.6679487113415
4269,426.90000000002857,42.51140969514354,35.12754576468728,7.383863897682314,3244.6996882363264,25.685973285040422,116.92678456895963,116.92679200000002,11.274675784896381,0.1,7.385088111595294,3245.7033648522356,35.12,25.72962275360127,3246.032067408709,4.135206874313484,2.3174540259714775,4.195800000000006,2.287000000000001,77.01525599131162,39.729868855408526,25.785183520058034,0.5158701135771152,0.6490125505800111,11.28424922361001,42.50508811159529,35.096955785774966,4.1964979690136515,2.287482369808836,25.665269551011132,3244.751081530812
4270,427.0000000000286,42.51140968655798,35.1275457722179,7.383863884900961,3244.699668128907,25.685973287514106,116.92678532508756,116.92679200000002,11.274675679002582,0.1,7.380439423046589,3245.7033648522356,35.12,25.72962275360127,3246.032067408709,4.1355115001523775,2.3172551899782903,4.195800000000006,2.287000000000001,77.01525585592012,39.72986886612263,25.785183277878915,0.5158701146231227,0.6490125443093459,11.236006116475801,42.500439423046586,35.16089856201805,4.1964758068494525,2.2851003484262957,25.9220619877352,3244.6032431886288
4271,427.1000000000286,42.511409678846036,35.12754577898225,7.383863873420145,3244.6996500674704,25.685973289736086,116.92678600427747,116.92679200000002,11.274675583883756,0.1,7.420223618033155,3245.7033648522356,35.12,25.72962275360127,3246.032067408709,4.1355115001523775,2.3172551899782903,4.195800000000006,2.287000000000001,77.01525573430507,39.72986887574653,25.78518306034216,0.5158701155626959,0.6490125386767376,11.247381975595829,42.54022361803315,35.10771109906369,4.196578634266958,2.286317633011796,25.859337993341107,3244.701739654471
4272,427.20000000002864,42.511409671918784,35.127545785058324,7.383863863107532,3244.6996338438325,25.685973291731976,116.92678661435804,116.92679200000002,11.274675498443521,0.1,7.380862759787355,3245.7033648522356,35.12,25.76230577392531,3246.9329267902926,4.1355115001523775,2.3172551899782903,4.195800000000006,2.287000000000001,77.01525562506467,39.72986888439119,25.785182864940342,0.5158701164066652,0.6490125336172619,11.319324221368472,42.50086275978735,35.067880123333424,4.194746822418337,2.2863101342322536,25.76822296593254,3244.676363766172
4273,427.30000000002866,42.51140966569639,35.127545790516145,7.383863853844254,3244.6996192709926,25.68597329352478,116.92678716236128,116.92679200000002,11.274675421697056,0.1,7.376425874184271,3245.7033648522356,35.12,25.76230577392531,3246.9329267902926,4.1355115001523775,2.3172551899782903,4.195800000000006,2.287000000000001,77.01525552693975,39.72986889215621,25.785182689421177,0.5158701171647583,0.6490125290726014,11.286483047660532,42.49642587418427,35.060397534451255,4.1969327991507805,2.2871871460767035,25.555852807851323,3244.933408602975
4274,427.4000000000287,42.51140966010716,35.12754579541861,7.383863845523538,3244.6996061809773,25.68597329513516,116.92678765460376,116.92679200000002,11.274675352759745,0.1,7.408921737796284,3245.7033648522356,35.12,25.76230577392531,3246.9329267902926,4.1355115001523775,2.3172551899782903,4.195800000000006,2.287000000000001,77.01525543879931,39.72986889913113,25.785182531761546,0.5158701178457135,0.6490125249903721,11.238406619693544,42.52892173779628,35.11652519061601,4.196227401462107,2.287666810385787,25.57720472999398,3244.876201477882
4275,427.5000000000287,42.51140965508664,35.127545799822244,7.383863838049477,3244.6995944229056,25.68597329658168,116.92678809675927,116.92679200000002,11.274675290836985,0.1,7.4336599389651,3245.7033648522356,35.12,25.76230577392531,3246.9329267902926,4.131038992830679,2.317128654804434,4.195800000000006,2.287000000000001,77.01525535962739,39.72986890539633,25.785182390144193,0.5158701184573797,0.64901252132352,11.24248910789207,42.5536599389651,35.12965051858186,4.195869458051321,2.288489482971629,25.69163249707739,3244.6494275924915
4276,427.60000000002873,42.511409650576965,35.12754580377779,7.383863831335923,3244.699583861249,25.685973297881013,116.92678849392429,116.92679200000002,11.274675235215032,0.1,7.408300644548255,3245.7033648522356,35.12,25.76230577392531,3246.9329267902926,4.131038992830679,2.317128654804434,4.195800000000006,2.287000000000001,77.01525528851143,39.72986891102403,25.785182262936786,0.5158701190068072,0.6490125180297802,11.199287542260187,42.52830064454825,35.11459091179314,4.196097530455401,2.2871514447367107,25.582762808514307,3244.755368975664
4277,427.70000000002875,42.51140964652616,35.12754580733086,7.383863825305488,3244.699574374268,25.685973299048136,116.92678885067673,116.92679200000002,11.274675185252757,0.1,7.373514123780453,3245.7033648522356,35.12,25.774036600445633,3247.337108527057,4.131038992830679,2.317128654804434,4.195800000000006,2.287000000000001,77.0152552246317,39.7298689160791,25.785182148673066,0.515870119500329,0.6490125150711868,11.308740261369536,42.49351412378045,35.14968880929623,4.196224391436754,2.2873206484804536,25.625784289915096,3244.7436387585003
4278,427.8000000000288,42.51140964288754,35.12754581052239,7.383863819888666,3244.699565852613,25.6859733000965,116.92678917112866,116.92679200000002,11.274675140374276,0.1,7.441408215396287,3245.7033648522356,35.12,25.774036600445633,3247.337108527057,4.131038992830679,2.317128654804434,4.195800000000006,2.287000000000001,77.01525516725188,39.729868920619786,25.785182046035978,0.5158701199436337,0.6490125124136384,11.309072873494205,42.561408215396284,35.1680252620687,4.194222187880684,2.287285823300783,25.78184638503106,3244.7390913060417
4279,427.9000000000288,42.51140963961916,35.127545813389176,7.383863815023022,3244.6995581980586,25.68597330103819,116.92678945897376,116.92679200000002,11.274675100062298,0.1,7.393932925194612,3245.7033648522356,35.12,25.774036600445633,3247.337108527057,4.131038992830679,2.317128654804434,4.195800000000006,2.287000000000001,77.01525511571063,39.72986892469846,25.785181953842486,0.515870120341831,0.6490125100265024,11.351920699043374,42.51393292519461,35.13066751786404,4.196645268221306,2.285908923585986,25.494865720172985,3244.7498802723107
4280,428.0000000000288,42.511409636683354,35.12754581596425,7.383863810652471,3244.699551322375,25.685973301884058,116.92678971752986,116.92679200000002,11.27467506385217,0.1,7.309909393289125,3245.7033648522356,35.12,25.774036600445633,3247.337108527057,4.1351831289461165,2.316975836156467,4.195800000000006,2.287000000000001,77.01525506941385,39.7298689283621,25.785181871029923,0.5158701206995103,0.649012507882264,11.226785362380317,42.42990939328912,35.15240794403715,4.196060708674824,2.2861568639413656,25.831779630132043,3244.629924176485
4281,428.10000000002884,42.51140963404626,35.127545818277305,7.383863806726634,3244.6995451463104,25.68597330264386,116.9267899497772,116.92679200000002,11.274675031326518,0.1,7.4434265892280465,3245.7033648522356,35.12,25.774036600445633,3247.337108527057,4.1351831289461165,2.316975836156467,4.195800000000006,2.287000000000001,77.01525502782788,39.729868931652966,25.78518179664376,0.5158701210207951,0.6490125059562074,11.28493462501072,42.563426589228044,35.16265924357493,4.195748721838314,2.286298863769991,25.511185807026457,3244.580080687235
4282,428.20000000002887,42.51140963167751,35.127545820354996,7.383863803200262,3244.6995395986764,25.685973303326346,116.92679015839278,116.92679200000002,11.274675002110435,0.1,7.4422133133816075,3245.7033648522356,35.12,25.750592101556904,3249.9640872403365,4.1351831289461165,2.316975836156467,4.195800000000006,2.287000000000001,77.01525499047338,39.72986893460898,25.785181729826572,0.5158701213093884,0.6490125042261318,11.31220325343125,42.562213313381605,35.03881258719989,4.196780379225192,2.287172432663866,25.724529457897315,3244.565946691275
4283,428.3000000000289,42.51140962954979,35.12754582222128,7.383863800032708,3244.699534615529,25.68597330393939,116.92679034578114,116.92679200000002,11.274674975867166,0.1,7.3741671209338975,3245.7033648522356,35.12,25.750592101556904,3249.9640872403365,4.1351831289461165,2.316975836156467,4.195800000000006,2.287000000000001,77.01525495691985,39.72986893726421,25.785181669808217,0.5158701215686161,0.6490125026720962,11.282835332070059,42.494167120933895,35.12510962312336,4.197060966104396,2.28935739417074,25.55284995750805,3244.7604806299587
4284,428.4000000000289,42.51140962763856,35.12754582389768,7.38386379718746,3244.69953013943,25.68597330449006,116.92679051410228,116.92679200000002,11.27467495229422,0.1,7.422787813340143,3245.7033648522356,35.12,25.750592101556904,3249.9640872403365,4.1351831289461165,2.316975836156467,4.195800000000006,2.287000000000001,77.01525492678044,39.72986893964926,25.78518161589689,0.515870121801467,0.6490125012761878,11.289034312141647,42.54278781334014,35.12988461444331,4.1957850424858565,2.2876094067016055,25.789235159358103,3244.840797617379
4285,428.50000000002893,42.5114096259218,35.12754582540349,7.383863794631722,3244.699526118786,25.685973304984692,116.92679066529628,116.92679200000002,11.27467493111988,0.1,7.353161231536504,3245.7033648522356,35.12,25.750592101556904,3249.9640872403365,4.1318790349575325,2.3168713645636334,4.195800000000006,2.287000000000001,77.01525489970778,39.72986894179162,25.785181567471177,0.5158701220106248,0.6490125000223168,11.35975727511086,42.4731612315365,35.09290270470476,4.196200958136213,2.286774977886303,25.642780366638117,3244.780579452037
4286,428.60000000002896,42.51140962437972,35.12754582675608,7.383863792336038,3244.699522507253,25.685973305428995,116.9267908011059,116.92679200000002,11.274674912100089,0.1,7.366014406562421,3245.7033648522356,35.12,25.750592101556904,3249.9640872403365,4.1318790349575325,2.3168713645636334,4.195800000000006,2.287000000000001,77.01525487538984,39.729868943716,25.785181523972913,0.5158701221985003,0.6490124988960304,11.290734872733097,42.48601440656242,35.164100846259174,4.19616865852782,2.2882642538898477,25.891559284820758,3244.6534449103256
4287,428.700000000029,42.51140962299458,35.12754582797103,7.383863790273947,3244.6995192632025,25.68597330582809,116.92679092309652,116.92679200000002,11.27467489501561,0.1,7.387561268981017,3245.7033648522356,35.12,25.671696749536615,3247.1800979603468,4.1318790349575325,2.3168713645636334,4.195800000000006,2.287000000000001,77.01525485354632,39.72986894544456,25.785181484900708,0.5158701223672587,0.6490124978843467,11.240545033082515,42.507561268981014,35.1410831147641,4.196632398946779,2.286296460121984,25.785901827766445,3244.918810803757
4288,428.800000000029,42.51140962175036,35.12754582906237,7.383863788421679,3244.699516349243,25.685973306186575,116.92679103267429,116.92679200000002,11.27467487966952,0.1,7.345468020928941,3245.7033648522356,35.12,25.671696749536615,3247.1800979603468,4.1318790349575325,2.3168713645636334,4.195800000000006,2.287000000000001,77.01525483392547,39.729868946997236,25.785181449804202,0.5158701225188455,0.6490124969756044,11.240993908015758,42.46546802092894,35.15813835198733,4.194848591491572,2.287798218998813,25.71619366844988,3244.789403108407
4289,428.900000000029,42.51140962063273,35.127545830042656,7.383863786757882,3244.6995137317863,25.685973306508583,116.92679113110223,116.92679200000002,11.274674865884936,0.1,7.377340825777999,3245.7033648522356,35.12,25.671696749536615,3247.1800979603468,4.1318790349575325,2.3168713645636334,4.195800000000006,2.287000000000001,77.01525481630104,39.72986894839193,25.78518141827886,0.5158701226550083,0.6490124961593289,11.261160138942207,42.497340825778,35.1015408750979,4.195409912480961,2.28818401724724,25.705435782921484,3244.590255423039
4290,429.00000000002905,42.51140961962885,35.1275458309232,7.383863785263384,3244.699511380663,25.685973306797827,116.92679121951487,116.92679200000002,11.274674853502969,0.1,7.3711609772621856,3245.7033648522356,35.12,25.671696749536615,3247.1800979603468,4.133583101175706,2.316643079658277,4.195800000000006,2.287000000000001,77.01525480046998,39.7298689496447,25.7851813899613,0.5158701227773157,0.6490124954261117,11.265905378877203,42.49116097726218,35.092420861934336,4.196352172548232,2.285601956912517,25.559394103162404,3244.523746153709
4291,429.10000000002907,42.5114096187271,35.127545831714144,7.383863783920952,3244.6995092687725,25.68597330705764,116.92679129893129,116.92679200000002,11.2746748423809,0.1,7.372447121113581,3245.7033648522356,35.12,25.671696749536615,3247.1800979603468,4.133583101175706,2.316643079658277,4.195800000000006,2.287000000000001,77.01525478624974,39.72986895077001,25.785181364525126,0.5158701228871785,0.6490124947675011,11.25617460967486,42.49244712111358,35.13036872632148,4.195692450654791,2.286457760505365,25.79921889909855,3244.659699070386
4292,429.2000000000291,42.51140961791711,35.12754583242461,7.3838637827151175,3244.6995073717726,25.685973307291015,116.92679137026687,116.92679200000002,11.274674832390533,0.1,7.403327892805692,3245.7033648522356,35.12,25.53943158257922,3240.2420977539778,4.133583101175706,2.316643079658277,4.195800000000006,2.287000000000001,77.01525477347646,39.7298689517808,25.785181341677156,0.5158701229858621,0.6490124941759062,11.206119860671814,42.52332789280569,35.12573396941902,4.196690540545322,2.286594910597978,25.720032321684474,3244.8222292452892
4293,429.3000000000291,42.51140961718954,35.12754583306278,7.38386378163198,3244.6995056677974,25.685973307500642,116.92679143434388,116.92679200000002,11.27467482341671,0.1,7.3876182450408265,3245.7033648522356,35.12,25.53943158257922,3240.2420977539778,4.133583101175706,2.316643079658277,4.195800000000006,2.287000000000001,77.01525476200291,39.72986895268876,25.785181321154024,0.5158701230745045,0.6490124936445073,11.274944413614069,42.507618245040824,35.14895003718182,4.195332697446729,2.2870994432098546,25.76199853443692,3244.718814310846
4294,429.40000000002914,42.511409616536,35.12754583363601,7.3838637806590555,3244.699504137206,25.68597330768894,116.92679149190087,116.92679200000002,11.274674815355999,0.1,7.334799738028231,3245.7033648522356,35.12,25.53943158257922,3240.2420977539778,4.133583101175706,2.316643079658277,4.195800000000006,2.287000000000001,77.01525475169682,39.72986895350431,25.785181302719177,0.5158701231541271,0.6490124931671801,11.240809802441836,42.45479973802823,35.119639204823,4.195922498725618,2.2856431472126926,25.840436716282877,3244.6420465822507
4295,429.50000000002916,42.51140961594896,35.127545834150915,7.383863779785128,3244.6995027623566,25.685973307858077,116.9267915436013,116.92679200000002,11.274674808115485,0.1,7.414983253597477,3245.7033648522356,35.12,25.53943158257922,3240.2420977539778,4.136953347999632,2.316570667083095,4.195800000000006,2.287000000000001,77.0152547424394,39.72986895423689,25.785181286160125,0.5158701232256481,0.6490124927384219,11.26513470179458,42.534983253597474,35.140035242493255,4.194509019875167,2.2865152959976585,25.54661737345012,3244.772522189403
4296,429.6000000000292,42.51140961542167,35.127545834613436,7.383863779000125,3244.6995015274015,25.685973308010006,116.92679159004106,116.92679200000002,11.274674801611713,0.1,7.355408208772829,3245.7033648522356,35.12,25.53943158257922,3240.2420977539778,4.136953347999632,2.316570667083095,4.195800000000006,2.287000000000001,77.01525473412393,39.729868954894926,25.785181271285996,0.5158701232898917,0.649012492353291,11.35099255648382,42.475408208772826,35.066423731769014,4.195730929429596,2.2879161573677385,25.7138739749812,3244.843288351329
4297,429.7000000000292,42.51140961494801,35.12754583502888,7.383863778294999,3244.6995004181063,25.685973308146476,116.92679163175546,116.92679200000002,11.274674795769716,0.1,7.360121253611673,3245.7033648522356,35.12,25.71962178506004,3240.732071506506,4.136953347999632,2.316570667083095,4.195800000000006,2.287000000000001,77.01525472665463,39.729868955486,25.78518125792535,0.5158701233475979,0.6490124920073482,11.278081465106967,42.48012125361167,35.089427725190866,4.196641379235218,2.2857991725556555,25.541747095427485,3244.744031768914
4298,429.80000000002923,42.51140961452255,35.12754583540207,7.3838637776616185,3244.699499421685,25.68597330826906,116.92679166922532,116.92679200000002,11.274674790522157,0.1,7.365515709723979,3245.7033648522356,35.12,25.71962178506004,3240.732071506506,4.136953347999632,2.316570667083095,4.195800000000006,2.287000000000001,77.01525471994529,39.72986895601694,25.785181245924182,0.515870123399433,0.6490124916966059,11.307710491792902,42.48551570972398,35.09460340262762,4.194391347591036,2.287590882212514,25.607416001580535,3244.7865806558134
4299,429.90000000002925,42.51140961414039,35.12754583573727,7.383863777092689,3244.699498526652,25.685973308379168,116.92679170288251,116.92679200000002,11.274674785808552,0.1,7.400643364409099,3245.7033648522356,35.12,25.71962178506004,3240.732071506506,4.136953347999632,2.316570667083095,4.195800000000006,2.287000000000001,77.01525471391868,39.729868956493846,25.785181235144165,0.5158701234459933,0.6490124914174825,11.350104327599448,42.520643364409096,35.11329695258485,4.19635390982755,2.287992372624965,25.737704228684642,3244.7538054751617
4300,430.0000000000293,42.51140961379711,35.127545836038365,7.383863776581649,3244.699497722691,25.685973308478076,116.926791733115,116.92679200000002,11.27467478157457,0.1,7.38770848142989,3245.7033648522356,35.12,25.71962178506004,3240.732071506506,4.135300658519515,2.316400496794113,4.195800000000006,2.287000000000001,77.01525470850528,39.729868956922225,25.78518122546105,0.515870123487816,0.6490124911667607,11.280235496017687,42.50770848142989,35.16059689049185,4.196152550327486,2.2874893016340256,25.664418414573277,3244.676545176175
4301,430.1000000000293,42.51140961348875,35.12754583630883,7.383863776122606,3244.6994970005353,25.68597330856692,116.92679176027126,116.92679200000002,11.274674777771404,0.1,7.377195690741914,3245.7033648522356,35.12,25.71962178506004,3240.732071506506,4.135300658519515,2.316400496794113,4.195800000000006,2.287000000000001,77.0152547036427,39.729868957307026,25.78518121676321,0.5158701235253834,0.6490124909415503,11.250111688607326,42.49719569074191,35.10643351344424,4.196316277281899,2.284688227781653,25.73813615408014,3244.800569252782
4302,430.2000000000293,42.51140961321178,35.12754583655178,7.3838637757102745,3244.699496351861,25.68597330864672,116.92679178466429,116.92679200000002,11.274674774355223,0.1,7.401703385548998,3245.7033648522356,35.12,25.754248742198577,3241.9723268458833,4.135300658519515,2.316400496794113,4.195800000000006,2.287000000000001,77.0152546992749,39.72986895765268,25.785181208950405,0.5158701235591282,0.6490124907392558,11.288939059166411,42.521703385548996,35.121813194512605,4.197310176541834,2.2866816291510337,25.679934570606676,3244.733546612496
4303,430.30000000002934,42.51140961296299,35.12754583676999,7.383863775339899,3244.699495769191,25.685973308718403,116.92679180657525,116.92679200000002,11.274674771286646,0.1,7.370123034867667,3245.7033648522356,35.12,25.754248742198577,3241.9723268458833,4.135300658519515,2.316400496794113,4.195800000000006,2.287000000000001,77.01525469535156,39.72986895796314,25.78518120193257,0.5158701235894392,0.6490124905575454,11.338210349110502,42.490123034867665,35.082020956996075,4.195040933642892,2.285118357530172,25.657272915175117,3244.8071704886393
4304,430.40000000002937,42.51140961273951,35.127545836966014,7.3838637750072085,3244.699495245809,25.685973308782792,116.92679182625673,116.92679200000002,11.274674768530307,0.1,7.42265074714161,3245.7033648522356,35.12,25.754248742198577,3241.9723268458833,4.135300658519515,2.316400496794113,4.195800000000006,2.287000000000001,77.01525469182741,39.72986895824202,25.785181195628823,0.5158701236166661,0.6490124903943245,11.26023160643875,42.54265074714161,35.14336927057726,4.196178276737085,2.2871277522765436,25.766832111207933,3244.788884137096
4305,430.5000000000294,42.51140961253877,35.127545837142094,7.38386377470837,3244.6994947756825,25.68597330884063,116.92679184393556,116.92679200000002,11.27467476605443,0.1,7.340349028499837,3245.7033648522356,35.12,25.754248742198577,3241.9723268458833,4.137241862935017,2.3162270108482583,4.195800000000006,2.287000000000001,77.01525468866186,39.729868958492524,25.78518118996649,0.5158701236411224,0.6490124902477116,11.25771432252979,42.460349028499834,35.18583338440585,4.1968576333139795,2.2886801328124724,25.781967648355803,3244.579021879099
4306,430.6000000000294,42.51140961235846,35.12754583730025,7.38386377443994,3244.6994943533928,25.68597330889258,116.92679185981554,116.92679200000002,11.27467476383048,0.1,7.4574474336956555,3245.7033648522356,35.12,25.754248742198577,3241.9723268458833,4.137241862935017,2.3162270108482583,4.195800000000006,2.287000000000001,77.0152546858184,39.72986895871753,25.78518118488032,0.5158701236630903,0.6490124901160171,11.207291824782068,42.57744743369565,35.106362255147346,4.196040023730283,2.2864885343423227,25.71258440738303,3244.629717876022
4307,430.70000000002943,42.51140961219649,35.12754583744231,7.383863774198822,3244.699493974072,25.685973308939246,116.92679187407967,116.92679200000002,11.274674761832825,0.1,7.320833980260751,3245.7033648522356,35.12,25.71653858570619,3239.517404331869,4.137241862935017,2.3162270108482583,4.195800000000006,2.287000000000001,77.01525468326427,39.72986895891966,25.78518118031168,0.515870123682823,0.6490124899977228,11.184664464019361,42.44083398026075,35.186232033072045,4.194896200986383,2.2865302916676713,25.66889740953895,3244.598414675523
4308,430.80000000002946,42.51140961205101,35.12754583756992,7.38386377398224,3244.699493633348,25.68597330898116,116.92679188689239,116.92679200000002,11.274674760038437,0.1,7.376546050691772,3245.7033648522356,35.12,25.71653858570619,3239.517404331869,4.137241862935017,2.3162270108482583,4.195800000000006,2.287000000000001,77.01525468097003,39.7298689591012,25.785181176207914,0.5158701237005479,0.6490124898914654,11.21133435878032,42.49654605069177,35.077751165961935,4.196251223714756,2.285643743730104,25.712557976540538,3244.8565677330016
4309,430.9000000000295,42.51140961192034,35.127545837684536,7.383863773787698,3244.6994933272936,25.685973309018813,116.92679189840138,116.92679200000002,11.27467475842663,0.1,7.400036602669864,3245.7033648522356,35.12,25.71653858570619,3239.517404331869,4.137241862935017,2.3162270108482583,4.195800000000006,2.287000000000001,77.01525467890927,39.72986895926428,25.78518117252171,0.5158701237164688,0.6490124897960198,11.315987327680451,42.52003660266986,35.14414497632702,4.19579644996923,2.286636776186516,25.689244399235154,3244.63349683478
4310,431.0000000000295,42.51140961180296,35.127545837787494,7.383863773612949,3244.699493052381,25.685973309052635,116.92679190873932,116.92679200000002,11.274674756978829,0.1,7.365890577175016,3245.7033648522356,35.12,25.71653858570619,3239.517404331869,4.134084696764492,2.3161514322685433,4.195800000000006,2.287000000000001,77.01525467705817,39.729868959410766,25.785181169210592,0.5158701237307701,0.649012489710286,11.181388642756227,42.48589057717501,35.083052040773325,4.197883421203886,2.2866458090797632,25.67333234510506,3244.824505449305
4311,431.1000000000295,42.511409611697516,35.12754583787998,7.38386377345598,3244.6994928054414,25.685973309083014,116.92679191802533,116.92679200000002,11.274674755678346,0.1,7.382360568785529,3245.7033648522356,35.12,25.71653858570619,3239.517404331869,4.134084696764492,2.3161514322685433,4.195800000000006,2.287000000000001,77.01525467539541,39.729868959542344,25.785181166236384,0.5158701237436162,0.6490124896332758,11.311087684241302,42.50236056878553,35.14961330233472,4.196490920103718,2.287769473769157,25.683727430857065,3244.767624777667
4312,431.20000000002955,42.5114096116028,35.127545837963055,7.383863773314984,3244.699492583629,25.685973309110302,116.92679192636648,116.92679200000002,11.274674754510189,0.1,7.393073252954629,3245.7033648522356,35.12,25.733814669605945,3238.420332745672,4.134084696764492,2.3161514322685433,4.195800000000006,2.287000000000001,77.01525467390186,39.72986895966054,25.78518116356481,0.5158701237551551,0.6490124895641016,11.2355266775917,42.51307325295463,35.10518435950741,4.194319610087112,2.287110608153734,25.634869372706753,3244.6196531910145
4313,431.30000000002957,42.51140961151772,35.127545838037676,7.3838637731883345,3244.6994923843863,25.685973309134816,116.92679193385888,116.92679200000002,11.274674753460898,0.1,7.393139199703754,3245.7033648522356,35.12,25.733814669605945,3238.420332745672,4.134084696764492,2.3161514322685433,4.195800000000006,2.287000000000001,77.01525467256029,39.729868959766705,25.785181161165085,0.5158701237655198,0.6490124895019663,11.290953757873352,42.51313919970375,35.15958491295655,4.196235625562023,2.2872433927865448,25.70861579069517,3244.4902416397767
4314,431.4000000000296,42.51140961144131,35.12754583810471,7.383863773074571,3244.699492205417,25.685973309156832,116.92679194058891,116.92679200000002,11.274674752518374,0.1,7.376560236272063,3245.7033648522356,35.12,25.733814669605945,3238.420332745672,4.134084696764492,2.3161514322685433,4.195800000000006,2.287000000000001,77.0152546713552,39.72986895986206,25.78518115900953,0.51587012377483,0.6490124894461533,11.255294334456233,42.49656023627206,35.19246233320006,4.19668476699322,2.2874181620699217,25.80505230708565,3244.5992440582836
4315,431.5000000000296,42.51140961137267,35.12754583816491,7.383863772972385,3244.699492044658,25.68597330917661,116.92679194663415,116.92679200000002,11.274674751671753,0.1,7.343354768080069,3245.7033648522356,35.12,25.733814669605945,3238.420332745672,4.136144201543131,2.3159535051117803,4.195800000000006,2.287000000000001,77.01525467027275,39.72986895994772,25.78518115707331,0.5158701237831927,0.6490124893960194,11.231421765624665,42.463354768080066,35.072428646031284,4.196660502306937,2.2857546383932585,25.71300470383457,3244.698867563217
4316,431.60000000002964,42.51140961131101,35.12754583821899,7.383863772880595,3244.6994919002573,25.685973309194377,116.92679195206428,116.92679200000002,11.274674750911279,0.1,7.385434159375087,3245.7033648522356,35.12,25.733814669605945,3238.420332745672,4.136144201543131,2.3159535051117803,4.195800000000006,2.287000000000001,77.01525466930045,39.729868960024675,25.785181155334104,0.5158701237907047,0.6490124893509865,11.28338590135371,42.505434159375085,35.16979615904668,4.196322699856222,2.2871849230333128,25.407188463041294,3244.940726067962
4317,431.70000000002966,42.511409611255615,35.12754583826758,7.3838637727981435,3244.6994917705492,25.685973309210336,116.92679195694187,116.92679200000002,11.274674750228185,0.1,7.372151302381802,3245.7033648522356,35.12,25.75090948651591,3239.6894026946443,4.136144201543131,2.3159535051117803,4.195800000000006,2.287000000000001,77.01525466842703,39.72986896009378,25.785181153771866,0.5158701237974525,0.6490124893105361,11.284295770373898,42.4921513023818,35.08634039096264,4.194619176312756,2.2880550321685393,25.70044092864713,3244.7781887189394
4318,431.8000000000297,42.51140961120586,35.12754583831122,7.383863772724083,3244.6994916540393,25.685973309224668,116.92679196132316,116.92679200000002,11.274674749614597,0.1,7.3928596493286065,3245.7033648522356,35.12,25.75090948651591,3239.6894026946443,4.136144201543131,2.3159535051117803,4.195800000000006,2.287000000000001,77.01525466764252,39.72986896015586,25.785181152368594,0.5158701238035134,0.6490124892742016,11.227634213879105,42.512859649328604,35.086502505761395,4.195416980406219,2.2872247151299936,25.532498299808665,3244.77692870615
4319,431.9000000000297,42.511409611161184,35.12754583835041,7.38386377265756,3244.6994915493847,25.685973309237543,116.92679196525863,116.92679200000002,11.274674749063443,0.1,7.430584790827481,3245.7033648522356,35.12,25.75090948651591,3239.6894026946443,4.136144201543131,2.3159535051117803,4.195800000000006,2.287000000000001,77.01525466693786,39.729868960211626,25.785181151108105,0.5158701238089575,0.6490124892415643,11.290115911193507,42.55058479082748,35.14362630385662,4.196516156030388,2.2870003039254914,25.892979488424853,3244.6700909415154
4320,432.00000000002973,42.51140961112104,35.127545838385615,7.383863772597805,3244.699491455379,25.685973309249107,116.92679196879367,116.92679200000002,11.274674748568371,0.1,7.373054709593035,3245.7033648522356,35.12,25.75090948651591,3239.6894026946443,4.140763253246996,2.315829673068949,4.195800000000006,2.287000000000001,77.01525466630487,39.72986896026172,25.785181149975873,0.5158701238138479,0.6490124892122477,11.252878018894025,42.49305470959303,35.17006583826636,4.196352362540771,2.2880839340972483,25.67119756639857,3244.7465300634303
4321,432.10000000002975,42.511409611084986,35.12754583841724,7.383863772544131,3244.6994913709386,25.685973309259495,116.92679197196901,116.92679200000002,11.274674748123672,0.1,7.411468131280088,3245.7033648522356,35.12,25.75090948651591,3239.6894026946443,4.140763253246996,2.315829673068949,4.195800000000006,2.287000000000001,77.01525466573631,39.72986896030672,25.78518114895885,0.5158701238182406,0.6490124891859141,11.229758792188429,42.531468131280086,35.11558740213026,4.195462399683869,2.2883351640811855,25.779718535929145,3244.620197837387
4322,432.2000000000298,42.5114096110526,35.12754583844565,7.383863772495918,3244.6994912950904,25.685973309268824,116.92679197482123,116.92679200000002,11.274674747724225,0.1,7.4163472127707095,3245.7033648522356,35.12,25.773940218717108,3241.514643773794,4.140763253246996,2.315829673068949,4.195800000000006,2.287000000000001,77.01525466522558,39.729868960347126,25.78518114804531,0.5158701238221862,0.6490124891622603,11.307543400713419,42.53634721277071,35.10816446575232,4.194810208689219,2.287412005809145,25.70796340246398,3244.7561004491236
4323,432.3000000000298,42.511409611023524,35.127545838471164,7.383863772452611,3244.6994912269597,25.685973309277205,116.92679197738323,116.92679200000002,11.274674747365422,0.1,7.39293141138495,3245.7033648522356,35.12,25.773940218717108,3241.514643773794,4.140763253246996,2.315829673068949,4.195800000000006,2.287000000000001,77.01525466476684,39.72986896038343,25.78518114722473,0.5158701238257304,0.6490124891410133,11.248173360332085,42.51293141138495,35.168515251388065,4.196544780156869,2.288098460526835,25.767877455678175,3244.6908622718715
4324,432.4000000000298,42.51140961099739,35.12754583849408,7.38386377241371,3244.6994911657616,25.685973309284734,116.92679197968455,116.92679200000002,11.274674747043129,0.1,7.426555432974183,3245.7033648522356,35.12,25.773940218717108,3241.514643773794,4.140763253246996,2.315829673068949,4.195800000000006,2.287000000000001,77.01525466435476,39.729868960416034,25.785181146487645,0.515870123828914,0.6490124891219282,11.301639391535296,42.54655543297418,35.10275863431811,4.195036267797881,2.288346766568323,25.733219212530777,3244.731256348736
4325,432.50000000002984,42.511409610973914,35.12754583851466,7.383863772378769,3244.699491110791,25.685973309291498,116.9267919817517,116.92679200000002,11.274674746753629,0.1,7.404989115711729,3245.7033648522356,35.12,25.773940218717108,3241.514643773794,4.140192595539408,2.3156314065113266,4.195800000000006,2.287000000000001,77.01525466398465,39.72986896044532,25.785181145825558,0.5158701238317733,0.649012489104785,11.290773685318856,42.524989115711726,35.12800908054567,4.196565613818024,2.2880243741914845,25.6550740696078,3244.5977111576617
4326,432.60000000002987,42.511409610952825,35.12754583853316,7.383863772347381,3244.6994910614135,25.685973309297573,116.92679198360851,116.92679200000002,11.274674746493588,0.1,7.416620984773367,3245.7033648522356,35.12,25.773940218717108,3241.514643773794,4.140192595539408,2.3156314065113266,4.195800000000006,2.287000000000001,77.01525466365216,39.729868960471634,25.785181145230844,0.5158701238343422,0.6490124890893862,11.309526333402241,42.536620984773364,35.12895917572643,4.193723089878379,2.287387607871377,25.675246440944612,3244.622594017087
4327,432.7000000000299,42.511409610933896,35.12754583854977,7.383863772319188,3244.69949101706,25.68597330930303,116.92679198527638,116.92679200000002,11.274674746260006,0.1,7.367109231712014,3245.7033648522356,35.12,25.795951361301274,3243.222799905445,4.140192595539408,2.3156314065113266,4.195800000000006,2.287000000000001,77.01525466335352,39.72986896049527,25.785181144696644,0.5158701238366494,0.6490124890755544,11.32542339936892,42.48710923171201,35.13120436613576,4.195762289175403,2.285494513421961,25.678468203179747,3244.683946333932
4328,432.8000000000299,42.511409610916886,35.12754583856469,7.3838637722938625,3244.6994909772197,25.685973309307933,116.92679198677456,116.92679200000002,11.274674746050191,0.1,7.453109496236209,3245.7033648522356,35.12,25.795951361301274,3243.222799905445,4.140192595539408,2.3156314065113266,4.195800000000006,2.287000000000001,77.01525466308524,39.7298689605165,25.785181144216796,0.515870123838722,0.6490124890631299,11.289072681936346,42.573109496236206,35.1574587913602,4.196514004989578,2.286919668041,25.771868634030657,3244.6879886913425
4329,432.90000000002993,42.511409610901595,35.1275458385781,7.383863772271114,3244.6994909414334,25.685973309312335,116.9267919881203,116.92679200000002,11.274674745861725,0.1,7.34825857155348,3245.7033648522356,35.12,25.795951361301274,3243.222799905445,4.140192595539408,2.3156314065113266,4.195800000000006,2.287000000000001,77.01525466284427,39.72986896053557,25.785181143785774,0.5158701238405837,0.6490124890519695,11.335201825934552,42.46825857155348,35.149734455544646,4.194162670343624,2.287426204519571,25.771854277542907,3244.6173589827845
4330,433.00000000002996,42.51140961088787,35.127545838590144,7.383863772250681,3244.699490909288,25.68597330931629,116.92679198932909,116.92679200000002,11.274674745692437,0.1,7.392666021110223,3245.7033648522356,35.12,25.795951361301274,3243.222799905445,4.144802894941843,2.315457985844411,4.195800000000006,2.287000000000001,77.01525466262783,39.72986896055269,25.785181143398614,0.515870123842256,0.649012489041945,11.314408980287194,42.51266602111022,35.15716446926323,4.19621053033267,2.28694368926658,25.69254708556994,3244.554668992315
4331,433.10000000003,42.511409610875546,35.12754583860095,7.383863772232328,3244.699490880414,25.685973309319838,116.9267919904149,116.92679200000002,11.274674745540374,0.1,7.418284849519715,3245.7033648522356,35.12,25.795951361301274,3243.222799905445,4.144802894941843,2.315457985844411,4.195800000000006,2.287000000000001,77.0152546624334,39.72986896056808,25.785181143050842,0.515870123843758,0.6490124890329402,11.13884975668082,42.53828484951971,35.14289526112081,4.197772448566979,2.2869521577545493,25.668575631099497,3244.692111387169
4332,433.20000000003,42.511409610864476,35.12754583861066,7.383863772215843,3244.699490854478,25.68597330932303,116.92679199139019,116.92679200000002,11.274674745403782,0.1,7.42711889697992,3245.7033648522356,35.12,25.74075905516527,3244.0027516796563,4.144802894941843,2.315457985844411,4.195800000000006,2.287000000000001,77.01525466225878,39.729868960581896,25.78518114273846,0.515870123845107,0.6490124890248519,11.250894708052822,42.54711889697992,35.13687201000892,4.193604799559445,2.285811985237985,25.675161411595962,3244.7418168774225
4333,433.30000000003,42.51140961085453,35.12754583861938,7.383863772201035,3244.699490831181,25.685973309325895,116.92679199226626,116.92679200000002,11.274674745281091,0.1,7.403440338077189,3245.7033648522356,35.12,25.74075905516527,3244.0027516796563,4.144802894941843,2.315457985844411,4.195800000000006,2.287000000000001,77.01525466210192,39.72986896059431,25.785181142457866,0.5158701238463189,0.6490124890175865,11.22225756735501,42.52344033807719,35.14321229776589,4.19608975381846,2.2879536552655555,25.606908844279488,3244.58371735332
4334,433.40000000003005,42.51140961084559,35.12754583862722,7.383863772187732,3244.6994908102542,25.68597330932847,116.9267919930532,116.92679200000002,11.274674745170882,0.1,7.415676073147708,3245.7033648522356,35.12,25.74075905516527,3244.0027516796563,4.144802894941843,2.315457985844411,4.195800000000006,2.287000000000001,77.01525466196101,39.72986896060546,25.78518114220582,0.5158701238474076,0.6490124890110603,11.199148381845717,42.535676073147705,35.06373575598706,4.196032641294545,2.286064867568895,25.681823752139206,3244.5964742088927
4335,433.50000000003007,42.51140961083756,35.12754583863426,7.383863772175782,3244.6994907914573,25.685973309330784,116.92679199376006,116.92679200000002,11.27467474507189,0.1,7.411973036863145,3245.7033648522356,35.12,25.74075905516527,3244.0027516796563,4.145738664346725,2.3153568497526775,4.195800000000006,2.287000000000001,77.01525466183442,39.729868960615484,25.78518114197942,0.5158701238483857,0.6490124890051981,11.312337058791227,42.53197303686314,35.15082072893831,4.1964237093571075,2.2855305366126175,25.757294813387006,3244.7343810272496
4336,433.6000000000301,42.511409610830356,35.127545838640586,7.383863772165049,3244.699490774573,25.685973309332862,116.92679199439499,116.92679200000002,11.274674744982969,0.1,7.402546847139959,3245.7033648522356,35.12,25.74075905516527,3244.0027516796563,4.145738664346725,2.3153568497526775,4.195800000000006,2.287000000000001,77.01525466172073,39.72986896062448,25.785181141776057,0.515870123849264,0.6490124889999326,11.262781763585318,42.52254684713996,35.13561977239642,4.195801729737627,2.286775076277598,25.729274224481223,3244.486855221246
4337,433.7000000000301,42.511409610823875,35.12754583864627,7.383863772155408,3244.6994907594067,25.685973309334727,116.92679199496531,116.92679200000002,11.274674744903098,0.1,7.3905231188717195,3245.7033648522356,35.12,25.740141163914014,3244.3990663360605,4.145738664346725,2.3153568497526775,4.195800000000006,2.287000000000001,77.01525466161861,39.729868960632565,25.785181141593394,0.515870123850053,0.6490124889952028,11.282828730297162,42.51052311887172,35.13580913750307,4.196320411329604,2.2864979820909133,25.697411313015152,3244.703372751913
4338,433.80000000003014,42.51140961081806,35.12754583865137,7.38386377214675,3244.6994907457834,25.685973309336404,116.9267919954776,116.92679200000002,11.274674744831353,0.1,7.376777017111465,3245.7033648522356,35.12,25.740141163914014,3244.3990663360605,4.145738664346725,2.3153568497526775,4.195800000000006,2.287000000000001,77.0152546615269,39.72986896063982,25.785181141429312,0.5158701238507616,0.6490124889909544,11.260317204596074,42.49677701711146,35.16215739411268,4.195155289266737,2.286990936499398,25.809888695338756,3244.632638703311
4339,433.90000000003016,42.511409610812834,35.12754583865596,7.3838637721389695,3244.699490733546,25.68597330933791,116.92679199593778,116.92679200000002,11.274674744766907,0.1,7.406438636494883,3245.7033648522356,35.12,25.740141163914014,3244.3990663360605,4.145738664346725,2.3153568497526775,4.195800000000006,2.287000000000001,77.01525466144449,39.729868960646336,25.785181141281925,0.5158701238513982,0.6490124889871383,11.251633817258126,42.52643863649488,35.189352057949655,4.19493738267143,2.2859361686611854,25.772875837316278,3244.6488298539107
4340,434.0000000000302,42.51140961080813,35.12754583866008,7.383863772131982,3244.6994907225544,25.68597330933926,116.92679199635113,116.92679200000002,11.274674744709019,0.1,7.38692913250182,3245.7033648522356,35.12,25.740141163914014,3244.3990663360605,4.15025405975049,2.3151802819271694,4.195800000000006,2.287000000000001,77.01525466137046,39.729868960652205,25.785181141149536,0.5158701238519702,0.6490124889837101,11.37410014922883,42.50692913250182,35.139197773551,4.195204581486382,2.2877151696925337,25.853342783432623,3244.682122165427
4341,434.1000000000302,42.51140961080392,35.12754583866377,7.383863772125707,3244.699490712681,25.685973309340472,116.9267919967224,116.92679200000002,11.274674744657021,0.1,7.39007979539263,3245.7033648522356,35.12,25.740141163914014,3244.3990663360605,4.15025405975049,2.3151802819271694,4.195800000000006,2.287000000000001,77.01525466130397,39.729868960657456,25.785181141030616,0.5158701238524838,0.6490124889806311,11.219833503904908,42.51007979539263,35.0954766746641,4.195184988301761,2.284982478402253,25.547640834134896,3244.670028616991
4342,434.20000000003023,42.51140961080014,35.12754583866708,7.383863772120073,3244.699490703812,25.685973309341563,116.92679199705589,116.92679200000002,11.274674744610316,0.1,7.330082012659474,3245.7033648522356,35.12,25.787556255389294,3246.141960669327,4.15025405975049,2.3151802819271694,4.195800000000006,2.287000000000001,77.01525466124428,39.72986896066218,25.7851811409238,0.5158701238529448,0.6490124889778655,11.332338756148328,42.45008201265947,35.15808151818612,4.195348941215938,2.286505642819763,25.743603909562314,3244.747470650453
4343,434.30000000003025,42.51140961079675,35.127545838670066,7.383863772115009,3244.6994906958457,25.685973309342543,116.92679199735547,116.92679200000002,11.27467474456836,0.1,7.38937525582044,3245.7033648522356,35.12,25.787556255389294,3246.141960669327,4.15025405975049,2.3151802819271694,4.195800000000006,2.287000000000001,77.01525466119065,39.72986896066642,25.78518114082785,0.5158701238533592,0.649012488975381,11.293261336900885,42.50937525582044,35.13807161270868,4.196490290887686,2.2853604579607407,25.71464652885719,3244.6388687914427
4344,434.4000000000303,42.51140961079369,35.127545838672745,7.383863772110461,3244.69949068869,25.685973309343424,116.92679199762455,116.92679200000002,11.274674744530676,0.1,7.3597162973559875,3245.7033648522356,35.12,25.787556255389294,3246.141960669327,4.15025405975049,2.3151802819271694,4.195800000000006,2.287000000000001,77.01525466114246,39.72986896067023,25.785181140741667,0.5158701238537314,0.6490124889731496,11.315402047724987,42.479716297355985,35.121722761964485,4.19415554893086,2.286336900574209,25.71920268888516,3244.864607576354
4345,434.5000000000303,42.51140961079095,35.127545838675154,7.383863772106373,3244.699490682262,25.685973309344217,116.92679199786627,116.92679200000002,11.274674744496824,0.1,7.357005920609474,3245.7033648522356,35.12,25.787556255389294,3246.141960669327,4.150835859096419,2.315019349779298,4.195800000000006,2.287000000000001,77.01525466109919,39.72986896067366,25.785181140664246,0.5158701238540658,0.6490124889711448,11.34116098323912,42.47700592060947,35.12261925877928,4.195388695660556,2.286777169761329,25.543830655994622,3244.6411513955595
4346,434.6000000000303,42.511409610788476,35.12754583867732,7.383863772102702,3244.6994906764885,25.685973309344927,116.92679199808339,116.92679200000002,11.274674744466417,0.1,7.366681209111093,3245.7033648522356,35.12,25.787556255389294,3246.141960669327,4.150835859096419,2.315019349779298,4.195800000000006,2.287000000000001,77.0152546610603,39.72986896067675,25.785181140594705,0.5158701238543665,0.6490124889693442,11.232107489318029,42.48668120911109,35.19932525468183,4.195866730216294,2.2868919435338237,25.728802354698775,3244.727122514722
4347,434.70000000003034,42.51140961078626,35.12754583867926,7.3838637720994065,3244.6994906713026,25.685973309345567,116.9267919982784,116.92679200000002,11.274674744439105,0.1,7.41608096275219,3245.7033648522356,35.12,25.706314368725312,3245.7388735988097,4.150835859096419,2.315019349779298,4.195800000000006,2.287000000000001,77.0152546610254,39.729868960679504,25.78518114053224,0.515870123854636,0.6490124889677269,11.245811377881465,42.53608096275219,35.12058529620242,4.195187909475561,2.288298729767971,25.69900369688261,3244.7646417445812
4348,434.80000000003037,42.51140961078427,35.12754583868101,7.3838637720964435,3244.699490666644,25.68597330934614,116.9267919984536,116.92679200000002,11.274674744414574,0.1,7.383199701190456,3245.7033648522356,35.12,25.706314368725312,3245.7388735988097,4.150835859096419,2.315019349779298,4.195800000000006,2.287000000000001,77.015254660994,39.72986896068199,25.78518114047614,0.5158701238548786,0.6490124889662742,11.311841153115594,42.503199701190454,35.14411245136757,4.196326543847722,2.289338070609797,25.737476404995256,3244.7372601225
4349,434.9000000000304,42.51140961078248,35.12754583868258,7.383863772093784,3244.6994906624595,25.685973309346654,116.92679199861094,116.92679200000002,11.274674744392536,0.1,7.3784672674218825,3245.7033648522356,35.12,25.706314368725312,3245.7388735988097,4.150835859096419,2.315019349779298,4.195800000000006,2.287000000000001,77.01525466096584,39.729868960684215,25.78518114042574,0.5158701238550961,0.6490124889649692,11.254244016541758,42.49846726742188,35.13031879354018,4.195321591028372,2.2865104382235706,25.721198810121564,3244.604756233474
4350,435.0000000000304,42.51140961078087,35.127545838683986,7.383863772091395,3244.699490658701,25.685973309347116,116.9267919987523,116.92679200000002,11.27467474437274,0.1,7.356699781715918,3245.7033648522356,35.12,25.706314368725312,3245.7388735988097,4.152519604046229,2.3148609588128566,4.195800000000006,2.287000000000001,77.01525466094051,39.729868960686225,25.785181140380466,0.5158701238552919,0.6490124889637969,11.319192340019997,42.476699781715915,35.092201147323806,4.195787828891033,2.288300102432049,25.779610335390625,3244.6195326109205
4351,435.10000000003043,42.51140961077944,35.12754583868525,7.383863772089249,3244.699490655325,25.68597330934753,116.92679199887924,116.92679200000002,11.27467474435496,0.1,7.436457193785984,3245.7033648522356,35.12,25.706314368725312,3245.7388735988097,4.152519604046229,2.3148609588128566,4.195800000000006,2.287000000000001,77.01525466091779,39.72986896068802,25.785181140339805,0.5158701238554674,0.6490124889627441,11.298573474721831,42.55645719378598,35.10081205171734,4.193822193319426,2.2860187509816696,25.624828406168614,3244.671169623561
4352,435.20000000003046,42.511409610778145,35.12754583868639,7.383863772087321,3244.6994906522923,25.685973309347904,116.92679199899328,116.92679200000002,11.274674744338991,0.1,7.343267041019914,3245.7033648522356,35.12,25.789922310862995,3248.615073076066,4.152519604046229,2.3148609588128566,4.195800000000006,2.287000000000001,77.01525466089737,39.729868960689636,25.785181140303283,0.5158701238556251,0.6490124889617985,11.348207134904419,42.46326704101991,35.139868584063784,4.196710147777902,2.2863749159275844,25.609559965456018,3244.615923710145
4353,435.3000000000305,42.51140961077698,35.12754583868741,7.383863772085589,3244.6994906495684,25.68597330934824,116.92679199909571,116.92679200000002,11.274674744324646,0.1,7.426752597191751,3245.7033648522356,35.12,25.789922310862995,3248.615073076066,4.152519604046229,2.3148609588128566,4.195800000000006,2.287000000000001,77.01525466087902,39.729868960691086,25.785181140270474,0.5158701238557668,0.649012488960949,11.305383820883259,42.54675259719175,35.16534173144708,4.197572737396342,2.2858762674885487,25.663450506091955,3244.5984986771828
4354,435.4000000000305,42.51140961077594,35.12754583868831,7.383863772084036,3244.6994906471214,25.68597330934854,116.92679199918771,116.92679200000002,11.27467474431176,0.1,7.378760854574594,3245.7033648522356,35.12,25.789922310862995,3248.615073076066,4.152519604046229,2.3148609588128566,4.195800000000006,2.287000000000001,77.01525466086257,39.72986896069238,25.785181140241004,0.5158701238558938,0.6490124889601862,11.242436164526255,42.49876085457459,35.13258273963328,4.195998474831993,2.2875230394307917,25.636899528608915,3244.7801894035624
4355,435.5000000000305,42.51140961077499,35.127545838689144,7.383863772082638,3244.6994906449236,25.68597330934881,116.92679199927038,116.92679200000002,11.274674744300183,0.1,7.398362851425063,3245.7033648522356,35.12,25.789922310862995,3248.615073076066,4.154575640875695,2.3147487098298543,4.195800000000006,2.287000000000001,77.01525466084775,39.72986896069356,25.78518114021453,0.5158701238560085,0.6490124889595005,11.223326953721404,42.51836285142506,35.111065300722245,4.196214799062327,2.288011307248724,25.625139596134463,3244.7549760171996
4356,435.60000000003055,42.51140961077415,35.12754583868988,7.383863772081384,3244.699490642949,25.685973309349052,116.92679199934462,116.92679200000002,11.274674744289786,0.1,7.414232061543714,3245.7033648522356,35.12,25.789922310862995,3248.615073076066,4.154575640875695,2.3147487098298543,4.195800000000006,2.287000000000001,77.01525466083447,39.72986896069461,25.78518114019075,0.515870123856111,0.6490124889588849,11.343052110730664,42.53423206154371,35.13772076098267,4.195275543016105,2.287539153391973,25.771773109567402,3244.6388228844503
4357,435.70000000003057,42.5114096107734,35.127545838690544,7.383863772080257,3244.6994906411755,25.68597330934927,116.92679199941131,116.92679200000002,11.274674744280446,0.1,7.388915966592293,3245.7033648522356,35.12,25.721088965795353,3244.7043305802836,4.154575640875695,2.3147487098298543,4.195800000000006,2.287000000000001,77.01525466082254,39.729868960695555,25.78518114016939,0.5158701238562032,0.6490124889583316,11.233334974086224,42.50891596659229,35.19919951058226,4.195108798098482,2.287097468587935,25.76128427256208,3244.677439673983
4358,435.8000000000306,42.51140961077273,35.127545838691134,7.383863772079245,3244.6994906395826,25.685973309349464,116.9267919994712,116.92679200000002,11.274674744272057,0.1,7.36494282861392,3245.7033648522356,35.12,25.721088965795353,3244.7043305802836,4.154575640875695,2.3147487098298543,4.195800000000006,2.287000000000001,77.0152546608118,39.7298689606964,25.785181140150204,0.5158701238562861,0.649012488957835,11.236110554294697,42.48494282861392,35.13527386794166,4.1973238095700705,2.2889390184458445,25.641504547821626,3244.727887276447
4359,435.9000000000306,42.51140961077212,35.12754583869167,7.383863772078336,3244.6994906381515,25.68597330934964,116.92679199952501,116.92679200000002,11.274674744264521,0.1,7.362596856429924,3245.7033648522356,35.12,25.721088965795353,3244.7043305802836,4.154575640875695,2.3147487098298543,4.195800000000006,2.287000000000001,77.01525466080219,39.72986896069716,25.78518114013297,0.5158701238563604,0.6490124889573888,11.308079489849577,42.48259685642992,35.05072313671907,4.195056642239308,2.2864985293071283,25.4814854813848,3244.8040234596106
4360,436.00000000003064,42.511409610771565,35.12754583869216,7.383863772077518,3244.6994906368664,25.6859733093498,116.92679199957335,116.92679200000002,11.274674744257752,0.1,7.443522302502856,3245.7033648522356,35.12,25.721088965795353,3244.7043305802836,4.158148576267256,2.3145591346530034,4.195800000000006,2.287000000000001,77.01525466079353,39.72986896069785,25.785181140117487,0.5158701238564273,0.6490124889569878,11.263616843909839,42.563522302502854,35.15362293544096,4.197164225919821,2.287044455914342,25.575525832986564,3244.627203506998
4361,436.10000000003066,42.51140961077107,35.1275458386926,7.383863772076783,3244.6994906357118,25.685973309349944,116.92679199961677,116.92679200000002,11.274674744251671,0.1,7.383570098275513,3245.7033648522356,35.12,25.721088965795353,3244.7043305802836,4.158148576267256,2.3145591346530034,4.195800000000006,2.287000000000001,77.01525466078574,39.72986896069847,25.78518114010358,0.5158701238564876,0.6490124889566278,11.230048595168533,42.50357009827551,35.14025841081886,4.195524530720438,2.2871642201147293,25.686069815316838,3244.8246645204226
4362,436.2000000000307,42.51140961077063,35.12754583869298,7.383863772076124,3244.699490634675,25.68597330935007,116.92679199965576,116.92679200000002,11.27467474424621,0.1,7.40882791174019,3245.7033648522356,35.12,25.78492387202832,3246.631686904105,4.158148576267256,2.3145591346530034,4.195800000000006,2.287000000000001,77.01525466077875,39.72986896069902,25.785181140091094,0.5158701238565415,0.6490124889563044,11.345322417076872,42.52882791174019,35.131898247381265,4.1962908517413195,2.2858835261589494,25.573585592045905,3244.6916425241425
4363,436.3000000000307,42.511409610770215,35.12754583869333,7.383863772075531,3244.6994906337436,25.685973309350185,116.92679199969079,116.92679200000002,11.274674744241306,0.1,7.393886776502555,3245.7033648522356,35.12,25.78492387202832,3246.631686904105,4.158148576267256,2.3145591346530034,4.195800000000006,2.287000000000001,77.01525466077247,39.72986896069952,25.785181140079874,0.51587012385659,0.6490124889560138,11.312299446832228,42.51388677650255,35.13046709288587,4.19547675670501,2.2878616759853103,25.544931282750944,3244.720817016384
4364,436.40000000003073,42.511409610769874,35.12754583869364,7.383863772074999,3244.699490632907,25.685973309350288,116.92679199972224,116.92679200000002,11.274674744236899,0.1,7.382802666571941,3245.7033648522356,35.12,25.78492387202832,3246.631686904105,4.158148576267256,2.3145591346530034,4.195800000000006,2.287000000000001,77.01525466076684,39.72986896069996,25.785181140069795,0.5158701238566334,0.6490124889557529,11.322296893703781,42.50280266657194,35.13313789010663,4.196193439312228,2.286990235882008,25.678179042924654,3244.8401786879695
4365,436.50000000003075,42.51140961076955,35.127545838693926,7.383863772074522,3244.699490632155,25.68597330935038,116.92679199975052,116.92679200000002,11.274674744232941,0.1,7.366154911924667,3245.7033648522356,35.12,25.78492387202832,3246.631686904105,4.1586913436759305,2.3144187496759745,4.195800000000006,2.287000000000001,77.0152546607618,39.72986896070036,25.785181140060747,0.5158701238566724,0.6490124889555187,11.347285633819485,42.486154911924665,35.11797677060208,4.1963693787710925,2.2868826892270535,25.837465901424657,3244.639277940722
4366,436.6000000000308,42.51140961076926,35.127545838694175,7.383863772074093,3244.69949063148,25.685973309350462,116.9267919997759,116.92679200000002,11.274674744229385,0.1,7.333144729362829,3245.7033648522356,35.12,25.78492387202832,3246.631686904105,4.1586913436759305,2.3144187496759745,4.195800000000006,2.287000000000001,77.01525466075725,39.72986896070073,25.78518114005261,0.5158701238567077,0.6490124889553079,11.236609861206137,42.453144729362826,35.180772029643926,4.194563049313047,2.2899984382231295,25.515681157202064,3244.661789748503
4367,436.7000000000308,42.51140961076901,35.127545838694395,7.383863772073708,3244.6994906308732,25.685973309350537,116.92679199979871,116.92679200000002,11.274674744226191,0.1,7.353629795127723,3245.7033648522356,35.12,25.775300895480285,3247.047159434822,4.1586913436759305,2.3144187496759745,4.195800000000006,2.287000000000001,77.01525466075316,39.72986896070104,25.785181140045307,0.5158701238567391,0.649012488955119,11.30501544686272,42.47362979512772,35.11247744760896,4.195989634378922,2.2871953629675756,25.572905900248596,3244.612049498611
4368,436.8000000000308,42.511409610768766,35.1275458386946,7.383863772073362,3244.6994906303285,25.685973309350604,116.9267919998192,116.92679200000002,11.27467474422332,0.1,7.358194448488618,3245.7033648522356,35.12,25.775300895480285,3247.047159434822,4.1586913436759305,2.3144187496759745,4.195800000000006,2.287000000000001,77.01525466074949,39.72986896070133,25.78518114003874,0.5158701238567676,0.6490124889549489,11.266346671550583,42.478194448488615,35.12088984059547,4.194752376090104,2.288102275545852,25.683688014285753,3244.7947502222323
4369,436.90000000003084,42.51140961076857,35.12754583869479,7.383863772073051,3244.699490629839,25.685973309350665,116.9267919998376,116.92679200000002,11.274674744220745,0.1,7.392487066143481,3245.7033648522356,35.12,25.775300895480285,3247.047159434822,4.1586913436759305,2.3144187496759745,4.195800000000006,2.287000000000001,77.0152546607462,39.729868960701594,25.78518114003285,0.515870123856793,0.6490124889547964,11.269482605916581,42.51248706614348,35.16942945020342,4.197091909692597,2.286962646131435,25.654710374696663,3244.8431558254915
4370,437.00000000003087,42.51140961076837,35.12754583869496,7.383863772072772,3244.6994906294,25.685973309350718,116.92679199985413,116.92679200000002,11.27467474421843,0.1,7.363588137723184,3245.7033648522356,35.12,25.775300895480285,3247.047159434822,4.1637119275456715,2.314212380850151,4.195800000000006,2.287000000000001,77.01525466074324,39.72986896070183,25.785181140027557,0.5158701238568159,0.6490124889546594,11.321194258940508,42.48358813772318,35.15088039910417,4.196733220981478,2.28566730211244,25.69526912971319,3244.465354319343
4371,437.1000000000309,42.51140961076821,35.1275458386951,7.383863772072521,3244.699490629005,25.685973309350768,116.92679199986897,116.92679200000002,11.274674744216352,0.1,7.338173533601207,3245.7033648522356,35.12,25.775300895480285,3247.047159434822,4.1637119275456715,2.314212380850151,4.195800000000006,2.287000000000001,77.0152546607406,39.729868960702035,25.785181140022807,0.5158701238568363,0.6490124889545363,11.206565019901461,42.458173533601204,35.042007349172835,4.196194419005606,2.2880969847189028,25.701290406687914,3244.723622518315
4372,437.2000000000309,42.511409610768055,35.127545838695234,7.383863772072294,3244.6994906286504,25.685973309350814,116.92679199988231,116.92679200000002,11.274674744214485,0.1,7.40986491207255,3245.7033648522356,35.12,25.68326507136789,3244.115509036564,4.1637119275456715,2.314212380850151,4.195800000000006,2.287000000000001,77.01525466073818,39.729868960702234,25.785181140018537,0.515870123856855,0.6490124889544256,11.220182139450484,42.52986491207255,35.156194572480416,4.195421294586797,2.286648112486017,25.556292013664088,3244.7628582613197
4373,437.30000000003093,42.51140961076791,35.12754583869536,7.38386377207209,3244.699490628332,25.685973309350853,116.92679199989429,116.92679200000002,11.274674744212806,0.1,7.441791586739626,3245.7033648522356,35.12,25.68326507136789,3244.115509036564,4.1637119275456715,2.314212380850151,4.195800000000006,2.287000000000001,77.01525466073603,39.729868960702404,25.785181140014696,0.5158701238568716,0.6490124889543262,11.304810190628254,42.56179158673962,35.131217755844936,4.197039091101465,2.2865811372638207,25.676208013125787,3244.614917775094
4374,437.40000000003096,42.511409610767785,35.12754583869547,7.383863772071909,3244.699490628046,25.68597330935089,116.92679199990505,116.92679200000002,11.2746747442113,0.1,7.335010093549094,3245.7033648522356,35.12,25.68326507136789,3244.115509036564,4.1637119275456715,2.314212380850151,4.195800000000006,2.287000000000001,77.01525466073412,39.72986896070256,25.78518114001125,0.5158701238568865,0.6490124889542369,11.266672137032382,42.45501009354909,35.11800526856596,4.196122767842429,2.2875414840704997,25.92556667035282,3244.6090571910117
4375,437.500000000031,42.51140961076767,35.12754583869557,7.383863772071745,3244.699490627789,25.68597330935092,116.92679199991471,116.92679200000002,11.274674744209948,0.1,7.353982937628224,3245.7033648522356,35.12,25.68326507136789,3244.115509036564,4.161240923350093,2.3141229778642676,4.195800000000006,2.287000000000001,77.01525466073237,39.72986896070269,25.78518114000816,0.5158701238568998,0.649012488954157,11.233076900048175,42.47398293762822,35.11054432326035,4.195538340337407,2.2873657812978396,25.72682004956602,3244.6799829254023
4376,437.600000000031,42.51140961076757,35.12754583869566,7.383863772071598,3244.699490627558,25.68597330935095,116.92679199992338,116.92679200000002,11.274674744208731,0.1,7.416561470972276,3245.7033648522356,35.12,25.68326507136789,3244.115509036564,4.161240923350093,2.3141229778642676,4.195800000000006,2.287000000000001,77.01525466073082,39.72986896070282,25.785181140005378,0.5158701238569119,0.6490124889540849,11.3934727934819,42.53656147097227,35.16378390463798,4.1969682845406595,2.287738167712036,25.759758694076186,3244.6724450055885
4377,437.700000000031,42.51140961076749,35.12754583869573,7.383863772071466,3244.6994906273508,25.685973309350974,116.9267919999312,116.92679200000002,11.274674744207639,0.1,7.4346232220549595,3245.7033648522356,35.12,25.549810203977106,3234.826425972728,4.161240923350093,2.3141229778642676,4.195800000000006,2.287000000000001,77.01525466072943,39.72986896070293,25.78518114000288,0.5158701238569227,0.6490124889540202,11.1927075996048,42.55462322205496,35.136388533010084,4.196819871478186,2.2870587938302984,25.59133101523953,3244.8992086804233
4378,437.80000000003105,42.511409610767416,35.1275458386958,7.383863772071348,3244.6994906271643,25.685973309350995,116.92679199993819,116.92679200000002,11.274674744206658,0.1,7.413079813872422,3245.7033648522356,35.12,25.549810203977106,3234.826425972728,4.161240923350093,2.3141229778642676,4.195800000000006,2.287000000000001,77.01525466072817,39.729868960703016,25.785181140000635,0.5158701238569322,0.6490124889539622,11.225812006166043,42.53307981387242,35.14812426233883,4.194285649415304,2.287063297850534,25.66206031696962,3244.5515640366393
4379,437.90000000003107,42.511409610767345,35.12754583869586,7.383863772071242,3244.699490626997,25.685973309351017,116.92679199994448,116.92679200000002,11.274674744205775,0.1,7.418227418678079,3245.7033648522356,35.12,25.549810203977106,3234.826425972728,4.161240923350093,2.3141229778642676,4.195800000000006,2.287000000000001,77.01525466072705,39.729868960703115,25.785181139998617,0.515870123856941,0.6490124889539098,11.26835543780004,42.538227418678076,35.1094800314326,4.196804907783325,2.2887590442572034,25.74619199958243,3244.6729803963244
4380,438.0000000000311,42.511409610767274,35.127545838695916,7.383863772071146,3244.699490626847,25.685973309351034,116.92679199995014,116.92679200000002,11.274674744204985,0.1,7.347968137673391,3245.7033648522356,35.12,25.549810203977106,3234.826425972728,4.164889487969411,2.3140109433838374,4.195800000000006,2.287000000000001,77.01525466072603,39.7298689607032,25.78518113999681,0.515870123856949,0.649012488953863,11.259713332168843,42.46796813767339,35.1371932062424,4.19413284815074,2.2854807349808826,25.964872593696146,3244.7987247922933
4381,438.1000000000311,42.51140961076722,35.127545838695966,7.383863772071062,3244.699490626712,25.685973309351052,116.92679199995521,116.92679200000002,11.274674744204274,0.1,7.367365253473665,3245.7033648522356,35.12,25.549810203977106,3234.826425972728,4.164889487969411,2.3140109433838374,4.195800000000006,2.287000000000001,77.01525466072515,39.729868960703264,25.785181139995185,0.5158701238569556,0.649012488953821,11.206402895015524,42.48736525347366,35.118611189418864,4.195838671712497,2.286914554198318,25.77260834642491,3244.770813019021
4382,438.20000000003114,42.51140961076716,35.127545838696015,7.383863772070983,3244.6994906265904,25.685973309351066,116.92679199995978,116.92679200000002,11.274674744203635,0.1,7.417710484006506,3245.7033648522356,35.12,25.744285211107872,3239.5070026392614,4.164889487969411,2.3140109433838374,4.195800000000006,2.287000000000001,77.01525466072431,39.72986896070332,25.78518113999372,0.5158701238569621,0.6490124889537833,11.282603482851226,42.5377104840065,35.12410167639172,4.19544929589848,2.2879563642244367,25.707182103466344,3244.683052667198
4383,438.30000000003116,42.51140961076712,35.12754583869605,7.3838637720709155,3244.6994906264817,25.685973309351077,116.92679199996388,116.92679200000002,11.274674744203061,0.1,7.413836464618306,3245.7033648522356,35.12,25.744285211107872,3239.5070026392614,4.164889487969411,2.3140109433838374,4.195800000000006,2.287000000000001,77.01525466072358,39.729868960703385,25.78518113999241,0.5158701238569677,0.6490124889537492,11.286813616044013,42.533836464618304,35.057902672397525,4.194283974122758,2.286706421664763,25.92819621373552,3244.643613837907
4384,438.4000000000312,42.51140961076709,35.12754583869608,7.383863772070855,3244.699490626384,25.685973309351088,116.92679199996753,116.92679200000002,11.274674744202548,0.1,7.454560640309737,3245.7033648522356,35.12,25.744285211107872,3239.5070026392614,4.164889487969411,2.3140109433838374,4.195800000000006,2.287000000000001,77.01525466072293,39.729868960703435,25.785181139991234,0.5158701238569727,0.6490124889537188,11.237824440293652,42.574560640309734,35.12364264659345,4.195135099506737,2.2890875822813346,25.630627123400455,3244.6340475185602
4385,438.5000000000312,42.51140961076706,35.12754583869611,7.3838637720708,3244.699490626296,25.6859733093511,116.92679199997083,116.92679200000002,11.274674744202084,0.1,7.38915177381638,3245.7033648522356,35.12,25.744285211107872,3239.5070026392614,4.164723062627691,2.3138019468935087,4.195800000000006,2.287000000000001,77.01525466072235,39.729868960703485,25.785181139990176,0.5158701238569773,0.6490124889536913,11.194911051232529,42.50915177381638,35.15369375502506,4.195956736624512,2.289701751625957,25.62573194317847,3244.618726860345
4386,438.60000000003123,42.51140961076702,35.12754583869614,7.38386377207075,3244.699490626217,25.68597330935111,116.9267919999738,116.92679200000002,11.27467474420167,0.1,7.357105590875626,3245.7033648522356,35.12,25.744285211107872,3239.5070026392614,4.164723062627691,2.3138019468935087,4.195800000000006,2.287000000000001,77.01525466072184,39.72986896070352,25.785181139989227,0.5158701238569812,0.6490124889536669,11.276905121781992,42.477105590875624,35.12835307300037,4.195081750601855,2.28810357402688,25.742306355224567,3244.750002322657
4387,438.70000000003125,42.51140961076699,35.12754583869617,7.383863772070704,3244.699490626146,25.68597330935112,116.92679199997647,116.92679200000002,11.274674744201295,0.1,7.4175545701392025,3245.7033648522356,35.12,25.78818689963532,3243.313419217338,4.164723062627691,2.3138019468935087,4.195800000000006,2.287000000000001,77.01525466072134,39.72986896070356,25.78518113998837,0.515870123856985,0.6490124889536446,11.321543550820623,42.5375545701392,35.13068501335472,4.194699127693016,2.2875792023819885,25.615293533474407,3244.7354124123567
4388,438.8000000000313,42.51140961076696,35.12754583869619,7.383863772070663,3244.6994906260825,25.685973309351127,116.92679199997887,116.92679200000002,11.27467474420096,0.1,7.380910080436074,3245.7033648522356,35.12,25.78818689963532,3243.313419217338,4.164723062627691,2.3138019468935087,4.195800000000006,2.287000000000001,77.01525466072091,39.7298689607036,25.785181139987603,0.5158701238569884,0.6490124889536247,11.253824869465973,42.50091008043607,35.099881051050986,4.196971035012543,2.2863629921975037,25.643838291737488,3244.693090671171
4389,438.9000000000313,42.51140961076693,35.12754583869622,7.383863772070626,3244.699490626025,25.685973309351134,116.92679199998102,116.92679200000002,11.274674744200658,0.1,7.38029512189339,3245.7033648522356,35.12,25.78818689963532,3243.313419217338,4.164723062627691,2.3138019468935087,4.195800000000006,2.287000000000001,77.0152546607205,39.72986896070362,25.785181139986914,0.5158701238569914,0.6490124889536071,11.238068210733344,42.50029512189339,35.11909689276889,4.1961426735720275,2.2879541501884173,25.679753805980152,3244.6752647606513
4390,439.0000000000313,42.511409610766904,35.127545838696236,7.383863772070593,3244.699490625974,25.68597330935114,116.92679199998295,116.92679200000002,11.274674744200388,0.1,7.380290243428604,3245.7033648522356,35.12,25.78818689963532,3243.313419217338,4.163326042664446,2.313649333349423,4.195800000000006,2.287000000000001,77.01525466072016,39.72986896070365,25.785181139986296,0.515870123856994,0.6490124889535911,11.272330986674751,42.5002902434286,35.11455519637096,4.195799727288941,2.286825458927182,25.692623916143205,3244.614836778328
4391,439.10000000003134,42.51140961076689,35.12754583869626,7.383863772070564,3244.6994906259274,25.685973309351148,116.9267919999847,116.92679200000002,11.274674744200144,0.1,7.422009462267241,3245.7033648522356,35.12,25.78818689963532,3243.313419217338,4.163326042664446,2.313649333349423,4.195800000000006,2.287000000000001,77.01525466071986,39.729868960703676,25.78518113998574,0.5158701238569964,0.6490124889535765,11.256413439128,42.54200946226724,35.14941919263958,4.1974560161834,2.284903761138569,25.575362687467482,3244.737507426624
4392,439.20000000003137,42.51140961076686,35.12754583869627,7.383863772070536,3244.699490625886,25.685973309351155,116.92679199998628,116.92679200000002,11.274674744199924,0.1,7.341661949145859,3245.7033648522356,35.12,25.74405852404459,3241.744557158272,4.163326042664446,2.313649333349423,4.195800000000006,2.287000000000001,77.01525466071958,39.72986896070371,25.785181139985234,0.5158701238569988,0.6490124889535632,11.243778653458085,42.46166194914586,35.14012094906074,4.1963962378558906,2.2861051695255514,25.532711908541078,3244.6506203171266
4393,439.3000000000314,42.51140961076685,35.12754583869629,7.3838637720705105,3244.6994906258487,25.68597330935116,116.92679199998767,116.92679200000002,11.274674744199729,0.1,7.3478901530576906,3245.7033648522356,35.12,25.74405852404459,3241.744557158272,4.163326042664446,2.313649333349423,4.195800000000006,2.287000000000001,77.0152546607193,39.72986896070373,25.78518113998479,0.5158701238570009,0.6490124889535518,11.241941919243876,42.46789015305769,35.12614124043445,4.195138846299221,2.2877120607686328,25.43578495255462,3244.7755272604286
4394,439.4000000000314,42.51140961076683,35.12754583869631,7.383863772070491,3244.6994906258155,25.685973309351162,116.92679199998892,116.92679200000002,11.274674744199553,0.1,7.340051070422987,3245.7033648522356,35.12,25.74405852404459,3241.744557158272,4.163326042664446,2.313649333349423,4.195800000000006,2.287000000000001,77.0152546607191,39.72986896070375,25.785181139984385,0.5158701238570025,0.6490124889535414,11.325616752725328,42.460051070422985,35.14512628090462,4.196023134392114,2.2871745870657816,25.744406188809638,3244.6928578433026
4395,439.50000000003143,42.51140961076682,35.127545838696314,7.383863772070472,3244.6994906257855,25.685973309351166,116.92679199999006,116.92679200000002,11.274674744199396,0.1,7.361516792878888,3245.7033648522356,35.12,25.74405852404459,3241.744557158272,4.164819082309712,2.3135092679995664,4.195800000000006,2.287000000000001,77.0152546607189,39.72986896070377,25.78518113998403,0.5158701238570041,0.649012488953532,11.314387332254537,42.481516792878885,35.10175776075356,4.195008949307286,2.2863401944031136,25.699772049536648,3244.649075836522
4396,439.60000000003146,42.511409610766805,35.12754583869632,7.383863772070455,3244.6994906257587,25.68597330935117,116.92679199999105,116.92679200000002,11.274674744199254,0.1,7.399542754848611,3245.7033648522356,35.12,25.74405852404459,3241.744557158272,4.164819082309712,2.3135092679995664,4.195800000000006,2.287000000000001,77.01525466071872,39.72986896070377,25.785181139983703,0.5158701238570053,0.6490124889535238,11.328817749924614,42.51954275484861,35.1181849599403,4.195061051522932,2.287365280468099,25.60692141098565,3244.8127379688203
4397,439.7000000000315,42.511409610766805,35.127545838696335,7.383863772070439,3244.6994906257346,25.685973309351173,116.92679199999196,116.92679200000002,11.274674744199126,0.1,7.407360903364051,3245.7033648522356,35.12,25.757583761765694,3243.1316545454324,4.164819082309712,2.3135092679995664,4.195800000000006,2.287000000000001,77.01525466071855,39.72986896070379,25.78518113998341,0.5158701238570067,0.6490124889535162,11.29860837813251,42.52736090336405,35.12544078012561,4.194210975388108,2.287383046991532,25.882144291265018,3244.6662027909474
4398,439.8000000000315,42.51140961076679,35.12754583869634,7.383863772070425,3244.6994906257128,25.685973309351176,116.92679199999279,116.92679200000002,11.274674744199013,0.1,7.425518931747206,3245.7033648522356,35.12,25.757583761765694,3243.1316545454324,4.164819082309712,2.3135092679995664,4.195800000000006,2.287000000000001,77.0152546607184,39.729868960703804,25.785181139983152,0.5158701238570079,0.6490124889535094,11.316139183024504,42.5455189317472,35.14041710804892,4.195028480558175,2.286406954933379,25.746601524837345,3244.5971293586044
4399,439.9000000000315,42.511409610766776,35.12754583869635,7.383863772070412,3244.699490625693,25.685973309351176,116.92679199999353,116.92679200000002,11.27467474419891,0.1,7.417959227019757,3245.7033648522356,35.12,25.757583761765694,3243.1316545454324,4.164819082309712,2.3135092679995664,4.195800000000006,2.287000000000001,77.01525466071826,39.72986896070381,25.785181139982914,0.5158701238570089,0.6490124889535033,11.26127772720414,42.537959227019755,35.08088429731083,4.195746992778108,2.287180755873651,25.700443558498947,3244.6717912515273
4400,440.00000000003155,42.511409610766776,35.12754583869635,7.383863772070403,3244.6994906256755,25.685973309351176,116.92679199999418,116.92679200000002,11.274674744198817,0.1,7.436982968906527,3245.7033648522356,35.12,25.757583761765694,3243.1316545454324,4.168645565390469,2.313345549871141,4.195800000000006,2.287000000000001,77.01525466071814,39.72986896070381,25.785181139982704,0.5158701238570097,0.649012488953498,11.257835543652375,42.556982968906524,35.182190025676555,4.195727789037674,2.2866340694958662,25.82564360625955,3244.618404573545
4401,440.10000000003157,42.511409610766776,35.12754583869635,7.383863772070394,3244.6994906256596,25.685973309351176,116.92679199999478,116.92679200000002,11.274674744198734,0.1,7.425186029842301,3245.7033648522356,35.12,25.757583761765694,3243.1316545454324,4.168645565390469,2.313345549871141,4.195800000000006,2.287000000000001,77.01525466071806,39.729868960703826,25.785181139982512,0.5158701238570105,0.649012488953493,11.291761374884983,42.5451860298423,35.15179907514784,4.195480310150675,2.2871476067014735,25.62520489393013,3244.741848618934
4402,440.2000000000316,42.511409610766776,35.12754583869635,7.383863772070386,3244.6994906256455,25.68597330935118,116.9267919999953,116.92679200000002,11.274674744198657,0.1,7.407736558357698,3245.7033648522356,35.12,25.723392089072714,3243.0143192726864,4.168645565390469,2.313345549871141,4.195800000000006,2.287000000000001,77.01525466071797,39.72986896070383,25.78518113998234,0.5158701238570111,0.6490124889534884,11.248217123061306,42.527736558357695,35.10978551570085,4.196738280007383,2.2880242190602953,25.61047988624818,3244.768734301664
4403,440.3000000000316,42.51140961076676,35.12754583869636,7.383863772070377,3244.6994906256327,25.685973309351184,116.92679199999579,116.92679200000002,11.274674744198592,0.1,7.355260193151693,3245.7033648522356,35.12,25.723392089072714,3243.0143192726864,4.168645565390469,2.313345549871141,4.195800000000006,2.287000000000001,77.01525466071789,39.72986896070384,25.78518113998219,0.5158701238570118,0.6490124889534845,11.239888512094877,42.47526019315169,35.122015392161764,4.1967284411308174,2.2859800353456565,25.678299489165866,3244.539738543534
4404,440.40000000003164,42.51140961076676,35.12754583869637,7.383863772070368,3244.6994906256214,25.685973309351184,116.92679199999623,116.92679200000002,11.274674744198531,0.1,7.339779766732704,3245.7033648522356,35.12,25.723392089072714,3243.0143192726864,4.168645565390469,2.313345549871141,4.195800000000006,2.287000000000001,77.01525466071779,39.72986896070385,25.78518113998205,0.5158701238570126,0.649012488953481,11.32940503101929,42.4597797667327,35.12083656653843,4.196729108018798,2.287785233545231,25.692736985930775,3244.724316987936
4405,440.50000000003166,42.51140961076676,35.12754583869637,7.383863772070363,3244.699490625611,25.685973309351184,116.9267919999966,116.92679200000002,11.274674744198476,0.1,7.3927019754103185,3245.7033648522356,35.12,25.723392089072714,3243.0143192726864,4.16466854158677,2.313173568294949,4.195800000000006,2.287000000000001,77.01525466071773,39.72986896070384,25.785181139981923,0.5158701238570128,0.6490124889534779,11.37231033451406,42.512701975410316,35.07259300800217,4.197150741610932,2.285669009073084,25.719532391900522,3244.5630465761965
4406,440.6000000000317,42.51140961076676,35.12754583869637,7.383863772070358,3244.699490625602,25.685973309351187,116.92679199999695,116.92679200000002,11.274674744198428,0.1,7.402380860699793,3245.7033648522356,35.12,25.723392089072714,3243.0143192726864,4.16466854158677,2.313173568294949,4.195800000000006,2.287000000000001,77.01525466071769,39.729868960703854,25.785181139981816,0.5158701238570133,0.649012488953475,11.281455866296719,42.52238086069979,35.18030616440927,4.196674632449389,2.287231961061225,25.660375879256115,3244.6889773911857
4407,440.7000000000317,42.51140961076675,35.127545838696385,7.383863772070351,3244.6994906255936,25.68597330935119,116.92679199999726,116.92679200000002,11.274674744198384,0.1,7.36530979619728,3245.7033648522356,35.12,25.734216371503482,3242.9360803778873,4.16466854158677,2.313173568294949,4.195800000000006,2.287000000000001,77.01525466071762,39.72986896070386,25.785181139981713,0.5158701238570139,0.6490124889534722,11.272874551584259,42.48530979619728,35.08477436917927,4.197945393902789,2.2866766720468084,25.4990285879061,3244.666680072079
4408,440.80000000003173,42.511409610766734,35.12754583869639,7.383863772070344,3244.6994906255863,25.68597330935119,116.92679199999755,116.92679200000002,11.274674744198347,0.1,7.395034121223823,3245.7033648522356,35.12,25.734216371503482,3242.9360803778873,4.16466854158677,2.313173568294949,4.195800000000006,2.287000000000001,77.01525466071753,39.72986896070387,25.785181139981628,0.5158701238570146,0.64901248895347,11.255971128020978,42.51503412122382,35.12977525243884,4.194143223195491,2.2865811105659124,25.69572330864741,3244.4668438425297
4409,440.90000000003175,42.511409610766734,35.12754583869639,7.38386377207034,3244.6994906255795,25.68597330935119,116.92679199999779,116.92679200000002,11.274674744198311,0.1,7.377928381198764,3245.7033648522356,35.12,25.734216371503482,3242.9360803778873,4.16466854158677,2.313173568294949,4.195800000000006,2.287000000000001,77.01525466071749,39.72986896070387,25.785181139981546,0.5158701238570148,0.6490124889534679,11.246788867385353,42.49792838119876,35.16751660213035,4.195536649415992,2.2866505182714043,25.5708066531407,3244.5904234241343
4410,441.0000000000318,42.511409610766734,35.12754583869639,7.383863772070338,3244.6994906255736,25.68597330935119,116.92679199999802,116.92679200000002,11.274674744198279,0.1,7.363586483857034,3245.7033648522356,35.12,25.734216371503482,3242.9360803778873,4.173418422283195,2.3130608700968858,4.195800000000006,2.287000000000001,77.01525466071746,39.729868960703875,25.785181139981475,0.5158701238570151,0.649012488953466,11.247731669113913,42.48358648385703,35.20094165486263,4.195077625802197,2.2867373877273773,25.604965357832818,3244.7252507901003
4411,441.1000000000318,42.511409610766734,35.12754583869639,7.383863772070335,3244.699490625568,25.68597330935119,116.92679199999822,116.92679200000002,11.27467474419825,0.1,7.363258371573075,3245.7033648522356,35.12,25.734216371503482,3242.9360803778873,4.173418422283195,2.3130608700968858,4.195800000000006,2.287000000000001,77.01525466071743,39.729868960703875,25.785181139981407,0.5158701238570153,0.6490124889534643,11.311681513678467,42.48325837157307,35.06042452271836,4.196269188950732,2.2860427464588136,25.74511099097576,3244.8904202735675
4412,441.2000000000318,42.511409610766734,35.12754583869639,7.383863772070333,3244.699490625563,25.68597330935119,116.9267919999984,116.92679200000002,11.274674744198226,0.1,7.333296462564633,3245.7033648522356,35.12,25.748479407905805,3243.741185575332,4.173418422283195,2.3130608700968858,4.195800000000006,2.287000000000001,77.0152546607174,39.729868960703875,25.78518113998135,0.5158701238570155,0.6490124889534629,11.281629392064199,42.45329646256463,35.14089065299382,4.195677156744695,2.286191150149648,25.616883299032022,3244.6908157730118
4413,441.30000000003184,42.511409610766734,35.12754583869639,7.383863772070329,3244.6994906255586,25.68597330935119,116.92679199999857,116.92679200000002,11.274674744198201,0.1,7.386859108540435,3245.7033648522356,35.12,25.748479407905805,3243.741185575332,4.173418422283195,2.3130608700968858,4.195800000000006,2.287000000000001,77.01525466071737,39.729868960703875,25.785181139981294,0.5158701238570157,0.6490124889534614,11.229303122710979,42.50685910854043,35.13354578531946,4.194755497221199,2.2841639389205395,25.758039822849593,3244.822503497101
4414,441.40000000003187,42.511409610766734,35.12754583869639,7.3838637720703275,3244.6994906255545,25.68597330935119,116.92679199999871,116.92679200000002,11.27467474419818,0.1,7.397372261023179,3245.7033648522356,35.12,25.748479407905805,3243.741185575332,4.173418422283195,2.3130608700968858,4.195800000000006,2.287000000000001,77.01525466071735,39.729868960703875,25.785181139981248,0.5158701238570158,0.6490124889534603,11.316747179638071,42.517372261023176,35.157395977335824,4.195686726457529,2.2881590594374437,25.608172645412015,3244.837162670115
4415,441.5000000000319,42.511409610766734,35.12754583869639,7.383863772070326,3244.699490625551,25.68597330935119,116.92679199999885,116.92679200000002,11.27467474419816,0.1,7.408911096366438,3245.7033648522356,35.12,25.748479407905805,3243.741185575332,4.170793541423922,2.312914015286484,4.195800000000006,2.287000000000001,77.01525466071733,39.729868960703875,25.7851811399812,0.5158701238570159,0.6490124889534591,11.292531498571938,42.528911096366436,35.110594343926365,4.194960790515652,2.285453899951052,25.73389611211845,3244.693933600152
4416,441.6000000000319,42.511409610766734,35.12754583869639,7.383863772070324,3244.6994906255477,25.68597330935119,116.92679199999897,116.92679200000002,11.274674744198144,0.1,7.360533208675314,3245.7033648522356,35.12,25.748479407905805,3243.741185575332,4.170793541423922,2.312914015286484,4.195800000000006,2.287000000000001,77.0152546607173,39.729868960703875,25.785181139981166,0.5158701238570161,0.6490124889534582,11.26029308149319,42.48053320867531,35.14083571499284,4.196377738985496,2.288411775960354,25.741852553062603,3244.600704126734
4417,441.70000000003193,42.511409610766734,35.12754583869639,7.383863772070322,3244.699490625545,25.68597330935119,116.92679199999908,116.92679200000002,11.274674744198128,0.1,7.383419479522949,3245.7033648522356,35.12,25.709744942259803,3243.015731305063,4.170793541423922,2.312914015286484,4.195800000000006,2.287000000000001,77.01525466071729,39.729868960703875,25.785181139981127,0.5158701238570162,0.6490124889534572,11.244727108617731,42.50341947952295,35.11690202727063,4.195757998270152,2.2871553113939584,25.74890850453378,3244.609701767978
4418,441.80000000003196,42.511409610766734,35.12754583869639,7.38386377207032,3244.6994906255422,25.68597330935119,116.92679199999918,116.92679200000002,11.274674744198116,0.1,7.328381677667153,3245.7033648522356,35.12,25.709744942259803,3243.015731305063,4.170793541423922,2.312914015286484,4.195800000000006,2.287000000000001,77.01525466071728,39.72986896070388,25.7851811399811,0.5158701238570165,0.6490124889534564,11.242978352430447,42.44838167766715,35.1409746825098,4.194138100607222,2.286274131962657,25.756471574184715,3244.760201134017
4419,441.900000000032,42.511409610766734,35.12754583869639,7.3838637720703195,3244.69949062554,25.68597330935119,116.92679199999927,116.92679200000002,11.274674744198103,0.1,7.361735133181675,3245.7033648522356,35.12,25.709744942259803,3243.015731305063,4.170793541423922,2.312914015286484,4.195800000000006,2.287000000000001,77.01525466071726,39.72986896070388,25.78518113998107,0.5158701238570165,0.6490124889534556,11.339424115891052,42.48173513318167,35.12161669035228,4.195885250441419,2.2855922312276413,25.561729864989815,3244.5744696885367
4420,442.000000000032,42.511409610766734,35.12754583869639,7.383863772070319,3244.699490625538,25.68597330935119,116.92679199999934,116.92679200000002,11.274674744198093,0.1,7.374794724319145,3245.7033648522356,35.12,25.709744942259803,3243.015731305063,4.172192820878339,2.312741179381593,4.195800000000006,2.287000000000001,77.01525466071725,39.72986896070388,25.785181139981045,0.5158701238570166,0.6490124889534551,11.248275654473158,42.49479472431914,35.118453938640684,4.196766192275493,2.286744282733577,25.55537658397186,3244.6499897014296
4421,442.100000000032,42.511409610766734,35.12754583869639,7.383863772070318,3244.6994906255363,25.68597330935119,116.9267919999994,116.92679200000002,11.274674744198084,0.1,7.361764398167509,3245.7033648522356,35.12,25.709744942259803,3243.015731305063,4.172192820878339,2.312741179381593,4.195800000000006,2.287000000000001,77.01525466071723,39.72986896070388,25.785181139981027,0.5158701238570167,0.6490124889534546,11.376830818190136,42.481764398167506,35.115986329026285,4.197745445447506,2.286269550344214,25.42434445349783,3244.659761225497
4422,442.20000000003205,42.511409610766734,35.12754583869639,7.383863772070317,3244.6994906255345,25.68597330935119,116.92679199999947,116.92679200000002,11.274674744198075,0.1,7.356606236606808,3245.7033648522356,35.12,25.769919161080406,3244.4741902051264,4.172192820878339,2.312741179381593,4.195800000000006,2.287000000000001,77.01525466071723,39.72986896070388,25.785181139981006,0.5158701238570167,0.6490124889534541,11.305463320327046,42.476606236606806,35.125160978258386,4.198038015458064,2.286588744626684,25.578972913316758,3244.5157651748336
4423,442.30000000003207,42.511409610766734,35.12754583869639,7.383863772070316,3244.699490625533,25.685973309351194,116.92679199999952,116.92679200000002,11.274674744198066,0.1,7.32063270784716,3245.7033648522356,35.12,25.769919161080406,3244.4741902051264,4.172192820878339,2.312741179381593,4.195800000000006,2.287000000000001,77.01525466071723,39.72986896070388,25.785181139980985,0.5158701238570167,0.6490124889534535,11.29216755323964,42.44063270784716,35.10999414003085,4.194239456680016,2.283999284807887,25.64221715264403,3244.6677448690325
4424,442.4000000000321,42.51140961076672,35.1275458386964,7.383863772070313,3244.699490625532,25.685973309351198,116.92679199999958,116.92679200000002,11.27467474419806,0.1,7.351297917975266,3245.7033648522356,35.12,25.769919161080406,3244.4741902051264,4.172192820878339,2.312741179381593,4.195800000000006,2.287000000000001,77.01525466071722,39.72986896070389,25.785181139980974,0.5158701238570169,0.6490124889534531,11.26517452664817,42.471297917975264,35.091215006142406,4.193884372534117,2.286558860178795,25.879929326128803,3244.7097804623195
4425,442.5000000000321,42.511409610766705,35.12754583869641,7.38386377207031,3244.6994906255304,25.685973309351198,116.92679199999964,116.92679200000002,11.274674744198053,0.1,7.38212598718561,3245.7033648522356,35.12,25.769919161080406,3244.4741902051264,4.172783253504331,2.31260051844795,4.195800000000006,2.287000000000001,77.01525466071716,39.72986896070389,25.785181139980956,0.5158701238570172,0.6490124889534526,11.341917912436694,42.50212598718561,35.147889286357895,4.195910698709553,2.285393947936559,25.68012065764083,3244.7068156141536
4426,442.60000000003214,42.511409610766705,35.12754583869641,7.383863772070308,3244.6994906255295,25.685973309351198,116.92679199999968,116.92679200000002,11.274674744198046,0.1,7.3702736774150495,3245.7033648522356,35.12,25.769919161080406,3244.4741902051264,4.172783253504331,2.31260051844795,4.195800000000006,2.287000000000001,77.01525466071716,39.7298689607039,25.785181139980942,0.5158701238570174,0.6490124889534522,11.16096426680417,42.49027367741505,35.1167335446015,4.19599122221257,2.2872995804104796,25.75734230726537,3244.8015072299095
4427,442.70000000003216,42.511409610766705,35.12754583869641,7.383863772070308,3244.6994906255286,25.685973309351198,116.92679199999971,116.92679200000002,11.274674744198043,0.1,7.40023463842941,3245.7033648522356,35.12,25.746459727375623,3245.511268708963,4.172783253504331,2.31260051844795,4.195800000000006,2.287000000000001,77.01525466071716,39.72986896070389,25.78518113998093,0.5158701238570172,0.6490124889534521,11.283262804693695,42.52023463842941,35.0863154973941,4.196792574869736,2.2881398540182443,25.86407810322191,3244.6068876414133
4428,442.8000000000322,42.511409610766705,35.12754583869641,7.383863772070308,3244.6994906255277,25.685973309351198,116.92679199999974,116.92679200000002,11.274674744198038,0.1,7.384431158319728,3245.7033648522356,35.12,25.746459727375623,3245.511268708963,4.172783253504331,2.31260051844795,4.195800000000006,2.287000000000001,77.01525466071716,39.72986896070389,25.78518113998092,0.5158701238570172,0.6490124889534518,11.276283837184083,42.504431158319726,35.101730016855804,4.196265524462999,2.2872704006406965,25.636380414399103,3244.7128941879296
4429,442.9000000000322,42.511409610766705,35.12754583869641,7.383863772070308,3244.699490625527,25.685973309351198,116.92679199999978,116.92679200000002,11.274674744198034,0.1,7.337377995750607,3245.7033648522356,35.12,25.746459727375623,3245.511268708963,4.172783253504331,2.31260051844795,4.195800000000006,2.287000000000001,77.01525466071716,39.7298689607039,25.785181139980914,0.5158701238570174,0.6490124889534515,11.271933824944679,42.457377995750605,35.03962093202186,4.193764513885725,2.2853551892656454,25.80251018140405,3244.6951772281595
4430,443.00000000003223,42.511409610766705,35.12754583869641,7.383863772070306,3244.6994906255263,25.685973309351198,116.9267919999998,116.92679200000002,11.27467474419803,0.1,7.410309621126309,3245.7033648522356,35.12,25.746459727375623,3245.511268708963,4.169293712194794,2.3125083081167426,4.195800000000006,2.287000000000001,77.01525466071713,39.7298689607039,25.785181139980903,0.5158701238570176,0.6490124889534512,11.220354173407928,42.53030962112631,35.1435856259167,4.196284844776315,2.287731394488657,25.83787964891329,3244.881348764398
4431,443.10000000003225,42.511409610766705,35.12754583869641,7.383863772070306,3244.699490625526,25.685973309351198,116.92679199999982,116.92679200000002,11.274674744198027,0.1,7.365909425334614,3245.7033648522356,35.12,25.746459727375623,3245.511268708963,4.169293712194794,2.3125083081167426,4.195800000000006,2.287000000000001,77.01525466071713,39.7298689607039,25.785181139980896,0.5158701238570176,0.6490124889534511,11.319630619176525,42.48590942533461,35.074171042299064,4.196193766584611,2.2876225956532736,25.68952612205556,3244.8888338554434
4432,443.2000000000323,42.511409610766705,35.12754583869641,7.383863772070306,3244.6994906255254,25.685973309351198,116.92679199999984,116.92679200000002,11.274674744198025,0.1,7.384179823159911,3245.7033648522356,35.12,25.73069619989298,3245.168542896565,4.169293712194794,2.3125083081167426,4.195800000000006,2.287000000000001,77.01525466071713,39.7298689607039,25.785181139980892,0.5158701238570176,0.649012488953451,11.271546788747518,42.50417982315991,35.11619075849353,4.196254254062975,2.287614570654177,25.673054945862276,3244.551526405289
4433,443.3000000000323,42.511409610766705,35.12754583869641,7.383863772070306,3244.699490625525,25.685973309351198,116.92679199999985,116.92679200000002,11.274674744198023,0.1,7.352337440425664,3245.7033648522356,35.12,25.73069619989298,3245.168542896565,4.169293712194794,2.3125083081167426,4.195800000000006,2.287000000000001,77.01525466071713,39.7298689607039,25.78518113998089,0.5158701238570176,0.6490124889534509,11.249983462347911,42.47233744042566,35.118979087344,4.196682388539605,2.285808751081785,25.744729274953396,3244.6872718987433
4434,443.4000000000323,42.511409610766705,35.12754583869641,7.383863772070306,3244.6994906255245,25.685973309351198,116.92679199999986,116.92679200000002,11.274674744198022,0.1,7.375181377006442,3245.7033648522356,35.12,25.73069619989298,3245.168542896565,4.169293712194794,2.3125083081167426,4.195800000000006,2.287000000000001,77.01525466071713,39.7298689607039,25.785181139980885,0.5158701238570176,0.6490124889534508,11.259596036248421,42.49518137700644,35.172405728057605,4.196216616506001,2.287544335724688,25.477231902926754,3244.7013785916747
4435,443.50000000003234,42.511409610766705,35.12754583869641,7.383863772070306,3244.699490625524,25.685973309351198,116.92679199999988,116.92679200000002,11.274674744198018,0.1,7.3691256296789405,3245.7033648522356,35.12,25.73069619989298,3245.168542896565,4.169910682618336,2.3122410605123322,4.195800000000006,2.287000000000001,77.01525466071713,39.7298689607039,25.785181139980875,0.5158701238570176,0.6490124889534505,11.263516210908715,42.48912562967894,35.1412023452536,4.193831550241567,2.2867901576043783,25.650249945704147,3244.508458879423
4436,443.60000000003237,42.511409610766705,35.12754583869641,7.383863772070306,3244.6994906255236,25.685973309351198,116.92679199999989,116.92679200000002,11.274674744198016,0.1,7.367692045019787,3245.7033648522356,35.12,25.73069619989298,3245.168542896565,4.169910682618336,2.3122410605123322,4.195800000000006,2.287000000000001,77.01525466071713,39.7298689607039,25.78518113998087,0.5158701238570176,0.6490124889534504,11.315905617603537,42.487692045019784,35.21139081108945,4.196906219220019,2.2852396204679226,25.613370570335665,3244.674746222651
4437,443.7000000000324,42.511409610766705,35.12754583869641,7.383863772070306,3244.699490625523,25.685973309351198,116.9267919999999,116.92679200000002,11.274674744198014,0.1,7.387241537056937,3245.7033648522356,35.12,25.72314001459434,3245.1781469777684,4.169910682618336,2.3122410605123322,4.195800000000006,2.287000000000001,77.01525466071713,39.7298689607039,25.785181139980867,0.5158701238570176,0.6490124889534503,11.274154032292737,42.507241537056935,35.127111220518024,4.195136172742582,2.287139571020744,25.714104896552854,3244.7132095277175
4438,443.8000000000324,42.511409610766705,35.12754583869641,7.383863772070305,3244.6994906255227,25.685973309351198,116.92679199999992,116.92679200000002,11.274674744198013,0.1,7.361251267230493,3245.7033648522356,35.12,25.72314001459434,3245.1781469777684,4.169910682618336,2.3122410605123322,4.195800000000006,2.287000000000001,77.01525466071712,39.72986896070389,25.785181139980864,0.5158701238570176,0.6490124889534503,11.422204807156149,42.48125126723049,35.10788423276562,4.197283881816296,2.2880330282229897,25.573357994590044,3244.60700549086
4439,443.90000000003243,42.511409610766705,35.12754583869641,7.383863772070305,3244.6994906255222,25.685973309351198,116.92679199999994,116.92679200000002,11.27467474419801,0.1,7.416698196831469,3245.7033648522356,35.12,25.72314001459434,3245.1781469777684,4.169910682618336,2.3122410605123322,4.195800000000006,2.287000000000001,77.01525466071712,39.72986896070389,25.78518113998086,0.5158701238570176,0.6490124889534503,11.286691921972727,42.536698196831466,35.11548695887298,4.196332934336616,2.2863672862313633,25.73413628475815,3244.753238633631
4440,444.00000000003246,42.511409610766705,35.12754583869641,7.383863772070304,3244.699490625522,25.685973309351198,116.92679199999995,116.92679200000002,11.274674744198007,0.1,7.326707683244791,3245.7033648522356,35.12,25.72314001459434,3245.1781469777684,4.171985480758927,2.312198505474472,4.195800000000006,2.287000000000001,77.0152546607171,39.72986896070389,25.785181139980853,0.5158701238570177,0.6490124889534501,11.31713937451505,42.44670768324479,35.12424453001362,4.194611729084592,2.2870413917688404,25.667537548247452,3244.857701083504
4441,444.1000000000325,42.511409610766705,35.12754583869641,7.383863772070304,3244.699490625522,25.685973309351198,116.92679199999998,116.92679200000002,11.274674744198006,0.1,7.405120272753912,3245.7033648522356,35.12,25.72314001459434,3245.1781469777684,4.171985480758927,2.312198505474472,4.195800000000006,2.287000000000001,77.0152546607171,39.729868960703904,25.785181139980846,0.5158701238570178,0.6490124889534497,11.246005885794434,42.52512027275391,35.1488196460619,4.195324481343508,2.2880660034615974,25.753307794774255,3244.640226548988
4442,444.2000000000325,42.511409610766705,35.12754583869641,7.383863772070304,3244.699490625522,25.685973309351198,116.92679199999998,116.92679200000002,11.274674744198006,0.1,7.36769934249088,3245.7033648522356,35.12,25.748396067689814,3245.302597398503,4.171985480758927,2.312198505474472,4.195800000000006,2.287000000000001,77.0152546607171,39.729868960703904,25.785181139980846,0.5158701238570178,0.6490124889534497,11.293238668691354,42.48769934249088,35.09916084141317,4.19605915008512,2.286438949121799,25.74206994626066,3244.9138498804723
4443,444.3000000000325,42.511409610766705,35.12754583869641,7.383863772070304,3244.699490625522,25.685973309351198,116.92679199999998,116.92679200000002,11.274674744198006,0.1,7.4246917208500065,3245.7033648522356,35.12,25.748396067689814,3245.302597398503,4.171985480758927,2.312198505474472,4.195800000000006,2.287000000000001,77.0152546607171,39.729868960703904,25.785181139980846,0.5158701238570178,0.6490124889534497,11.321131986800953,42.544691720850004,35.11021869793278,4.195480975265922,2.287885173647949,25.682362310762155,3244.5357627423386
4444,444.40000000003255,42.511409610766705,35.12754583869641,7.383863772070304,3244.699490625522,25.685973309351198,116.92679199999998,116.92679200000002,11.274674744198006,0.1,7.388762388071427,3245.7033648522356,35.12,25.748396067689814,3245.302597398503,4.171985480758927,2.312198505474472,4.195800000000006,2.287000000000001,77.0152546607171,39.729868960703904,25.785181139980846,0.5158701238570178,0.6490124889534497,11.22335296376224,42.508762388071425,35.13934337222422,4.197305476432493,2.2873848992281474,25.861003316012766,3244.7011807311137
4445,444.50000000003257,42.511409610766705,35.12754583869641,7.383863772070304,3244.699490625522,25.685973309351198,116.92679199999998,116.92679200000002,11.274674744198006,0.1,7.348765992116363,3245.7033648522356,35.12,25.748396067689814,3245.302597398503,4.174444758091217,2.311990989459097,4.195800000000006,2.287000000000001,77.0152546607171,39.729868960703904,25.785181139980846,0.5158701238570178,0.6490124889534497,11.256992479521664,42.46876599211636,35.15433894172891,4.195856655373393,2.2872825361671323,25.766619814486347,3244.671419516437
4446,444.6000000000326,42.511409610766705,35.12754583869641,7.383863772070304,3244.699490625522,25.685973309351198,116.92679199999998,116.92679200000002,11.274674744198006,0.1,7.389970484181525,3245.7033648522356,35.12,25.748396067689814,3245.302597398503,4.174444758091217,2.311990989459097,4.195800000000006,2.287000000000001,77.0152546607171,39.729868960703904,25.785181139980846,0.5158701238570178,0.6490124889534497,11.234488852077817,42.50997048418152,35.11067360186219,4.194896184894105,2.286537399483084,25.716071837023637,3244.771874515187
4447,444.7000000000326,42.511409610766705,35.12754583869641,7.383863772070304,3244.699490625522,25.685973309351198,116.92679199999998,116.92679200000002,11.274674744198006,0.1,7.371446686281004,3245.7033648522356,35.12,25.738166308344738,3245.3352046239497,4.174444758091217,2.311990989459097,4.195800000000006,2.287000000000001,77.0152546607171,39.729868960703904,25.785181139980846,0.5158701238570178,0.6490124889534497,11.279401735927598,42.491446686281,35.09838399015024,4.19586684283519,2.284683624871533,25.707932300502655,3244.6244947165624
4448,444.80000000003264,42.511409610766705,35.12754583869641,7.383863772070304,3244.699490625522,25.685973309351198,116.92679199999998,116.92679200000002,11.274674744198006,0.1,7.422407494152871,3245.7033648522356,35.12,25.738166308344738,3245.3352046239497,4.174444758091217,2.311990989459097,4.195800000000006,2.287000000000001,77.0152546607171,39.729868960703904,25.785181139980846,0.5158701238570178,0.6490124889534497,11.219422654834252,42.54240749415287,35.07193485676844,4.196303280672809,2.2879734400084257,25.65991890167416,3244.6832826850564
4449,444.90000000003266,42.511409610766705,35.12754583869641,7.383863772070304,3244.699490625522,25.685973309351198,116.92679199999998,116.92679200000002,11.274674744198006,0.1,7.411135841716465,3245.7033648522356,35.12,25.738166308344738,3245.3352046239497,4.174444758091217,2.311990989459097,4.195800000000006,2.287000000000001,77.0152546607171,39.729868960703904,25.785181139980846,0.5158701238570178,0.6490124889534497,11.259537159720036,42.53113584171646,35.11609616529079,4.197029771650323,2.2874000901781595,25.640532742231006,3244.5813515671866
4450,445.0000000000327,42.511409610766705,35.12754583869641,7.383863772070304,3244.699490625522,25.685973309351198,116.92679199999998,116.92679200000002,11.274674744198006,0.1,7.3760853894619345,3245.7033648522356,35.12,25.738166308344738,3245.3352046239497,4.170856464349418,2.3118912713390944,4.195800000000006,2.287000000000001,77.0152546607171,39.729868960703904,25.785181139980846,0.5158701238570178,0.6490124889534497,11.246868326253884,42.49608538946193,35.118820268131984,4.193574583021325,2.2887274297656495,25.55534222237189,3244.8405526007386
4451,445.1000000000327,42.511409610766705,35.12754583869641,7.383863772070304,3244.699490625522,25.685973309351198,116.92679199999998,116.92679200000002,11.274674744198006,0.1,7.394996148319358,3245.7033648522356,35.12,25.738166308344738,3245.3352046239497,4.170856464349418,2.3118912713390944,4.195800000000006,2.287000000000001,77.0152546607171,39.729868960703904,25.785181139980846,0.5158701238570178,0.6490124889534497,11.256382537913073,42.514996148319355,35.172754794318315,4.194748907712802,2.287034355812385,25.558175424995284,3244.6965807481547
4452,445.20000000003273,42.511409610766705,35.12754583869641,7.383863772070304,3244.699490625522,25.685973309351198,116.92679199999998,116.92679200000002,11.274674744198006,0.1,7.39703262075453,3245.7033648522356,35.12,25.687529990252198,3243.869501678618,4.170856464349418,2.3118912713390944,4.195800000000006,2.287000000000001,77.0152546607171,39.729868960703904,25.785181139980846,0.5158701238570178,0.6490124889534497,11.236101854182577,42.51703262075453,35.13869892612758,4.1955069165906265,2.2868687347374443,25.683661528247917,3244.657284624688
4453,445.30000000003275,42.511409610766705,35.12754583869641,7.383863772070304,3244.699490625522,25.685973309351198,116.92679199999998,116.92679200000002,11.274674744198006,0.1,7.464098334687222,3245.7033648522356,35.12,25.687529990252198,3243.869501678618,4.170856464349418,2.3118912713390944,4.195800000000006,2.287000000000001,77.0152546607171,39.729868960703904,25.785181139980846,0.5158701238570178,0.6490124889534497,11.269390431281787,42.58409833468722,35.120284570801886,4.197224647941871,2.287839937912221,25.475948004258658,3244.677252312075
4454,445.4000000000328,42.511409610766705,35.12754583869641,7.383863772070304,3244.699490625522,25.685973309351198,116.92679199999998,116.92679200000002,11.274674744198006,0.1,7.360206513479163,3245.7033648522356,35.12,25.687529990252198,3243.869501678618,4.170856464349418,2.3118912713390944,4.195800000000006,2.287000000000001,77.0152546607171,39.729868960703904,25.785181139980846,0.5158701238570178,0.6490124889534497,11.19899853800501,42.48020651347916,35.190114579469515,4.196930617016203,2.287345047871307,26.126137828529924,3244.624759211114
4455,445.5000000000328,42.511409610766705,35.12754583869641,7.383863772070304,3244.699490625522,25.685973309351198,116.92679199999998,116.92679200000002,11.274674744198006,0.1,7.347584241629086,3245.7033648522356,35.12,25.687529990252198,3243.869501678618,4.176517272192765,2.31173514562475,4.195800000000006,2.287000000000001,77.0152546607171,39.729868960703904,25.785181139980846,0.5158701238570178,0.6490124889534497,11.301993324527713,42.46758424162908,35.14283049609646,4.194223881827287,2.2883553042665032,25.742950627313224,3244.82384389949
4456,445.6000000000328,42.511409610766705,35.12754583869641,7.383863772070304,3244.699490625522,25.685973309351198,116.92679199999998,116.92679200000002,11.274674744198006,0.1,7.398838590850204,3245.7033648522356,35.12,25.687529990252198,3243.869501678618,4.176517272192765,2.31173514562475,4.195800000000006,2.287000000000001,77.0152546607171,39.729868960703904,25.785181139980846,0.5158701238570178,0.6490124889534497,11.340474195655029,42.5188385908502,35.187679628907084,4.195926188972194,2.286646021593249,25.692834716127482,3244.80409110783
4457,445.70000000003284,42.511409610766705,35.12754583869641,7.383863772070304,3244.699490625522,25.685973309351198,116.92679199999998,116.92679200000002,11.274674744198006,0.1,7.417328659582793,3245.7033648522356,35.12,25.65211097351449,3240.901493583825,4.176517272192765,2.31173514562475,4.195800000000006,2.287000000000001,77.0152546607171,39.729868960703904,25.785181139980846,0.5158701238570178,0.6490124889534497,11.273554616121272,42.53732865958279,35.124391521459636,4.195744602690018,2.2863698058697324,25.7199668402395,3244.7838033852267
4458,445.80000000003287,42.511409610766705,35.12754583869641,7.383863772070304,3244.699490625522,25.685973309351198,116.92679199999998,116.92679200000002,11.274674744198006,0.1,7.399495318376793,3245.7033648522356,35.12,25.65211097351449,3240.901493583825,4.176517272192765,2.31173514562475,4.195800000000006,2.287000000000001,77.0152546607171,39.729868960703904,25.785181139980846,0.5158701238570178,0.6490124889534497,11.264246736530701,42.51949531837679,35.145632756612244,4.196624987325722,2.287202279827674,25.731461725671075,3244.8745580593363
4459,445.9000000000329,42.511409610766705,35.12754583869641,7.383863772070304,3244.699490625522,25.685973309351198,116.92679199999998,116.92679200000002,11.274674744198006,0.1,7.406502647951356,3245.7033648522356,35.12,25.65211097351449,3240.901493583825,4.176517272192765,2.31173514562475,4.195800000000006,2.287000000000001,77.0152546607171,39.729868960703904,25.785181139980846,0.5158701238570178,0.6490124889534497,11.22162488812301,42.526502647951354,35.14982758805593,4.195164415626056,2.286583305631111,25.678380906491338,3244.7791275257464
4460,446.0000000000329,42.511409610766705,35.12754583869641,7.383863772070304,3244.699490625522,25.685973309351198,116.92679199999998,116.92679200000002,11.274674744198006,0.1,7.443143327825908,3245.7033648522356,35.12,25.65211097351449,3240.901493583825,4.178232865575541,2.3115483632499787,4.195800000000006,2.287000000000001,77.0152546607171,39.729868960703904,25.785181139980846,0.5158701238570178,0.6490124889534497,11.321645832357396,42.563143327825905,35.096242723577035,4.195659713390851,2.2868687382028208,25.643434889352335,3244.662509456263
4461,446.10000000003294,42.511409610766705,35.12754583869641,7.383863772070304,3244.699490625522,25.685973309351198,116.92679199999998,116.92679200000002,11.274674744198006,0.1,7.40489978017488,3245.7033648522356,35.12,25.65211097351449,3240.901493583825,4.178232865575541,2.3115483632499787,4.195800000000006,2.287000000000001,77.0152546607171,39.729868960703904,25.785181139980846,0.5158701238570178,0.6490124889534497,11.346356102513969,42.52489978017488,35.07522177089667,4.1955686142407655,2.2885371131667442,25.71482398037283,3244.7904875763816
4462,446.20000000003296,42.511409610766705,35.12754583869641,7.383863772070304,3244.699490625522,25.685973309351198,116.92679199999998,116.92679200000002,11.274674744198006,0.1,7.3923357237923355,3245.7033648522356,35.12,25.69783327202114,3242.1491982355647,4.178232865575541,2.3115483632499787,4.195800000000006,2.287000000000001,77.0152546607171,39.729868960703904,25.785181139980846,0.5158701238570178,0.6490124889534497,11.286605426503407,42.51233572379233,35.16611738037484,4.196184667850788,2.2874695495856185,25.69073153380798,3244.6147014462263
4463,446.300000000033,42.511409610766705,35.12754583869641,7.383863772070304,3244.699490625522,25.685973309351198,116.92679199999998,116.92679200000002,11.274674744198006,0.1,7.323014547747668,3245.7033648522356,35.12,25.69783327202114,3242.1491982355647,4.178232865575541,2.3115483632499787,4.195800000000006,2.287000000000001,77.0152546607171,39.729868960703904,25.785181139980846,0.5158701238570178,0.6490124889534497,11.22837958124602,42.443014547747666,35.11575158698074,4.196286106436767,2.2872323944238424,25.647067925081156,3244.726173383242
4464,446.400000000033,42.511409610766705,35.12754583869641,7.383863772070304,3244.699490625522,25.685973309351198,116.92679199999998,116.92679200000002,11.274674744198006,0.1,7.363858432106561,3245.7033648522356,35.12,25.69783327202114,3242.1491982355647,4.178232865575541,2.3115483632499787,4.195800000000006,2.287000000000001,77.0152546607171,39.729868960703904,25.785181139980846,0.5158701238570178,0.6490124889534497,11.272285144405213,42.48385843210656,35.1792181862088,4.1973847436210985,2.2869811758365493,25.78971574068769,3244.8042643299596
4465,446.500000000033,42.511409610766705,35.12754583869641,7.383863772070304,3244.699490625522,25.685973309351198,116.92679199999998,116.92679200000002,11.274674744198006,0.1,7.410911228307512,3245.7033648522356,35.12,25.69783327202114,3242.1491982355647,4.182630912817887,2.3114157150933936,4.195800000000006,2.287000000000001,77.0152546607171,39.729868960703904,25.785181139980846,0.5158701238570178,0.6490124889534497,11.190642335565874,42.53091122830751,35.15326768693041,4.195074198115489,2.2862066807691983,25.748946682828265,3244.7076988062263
4466,446.60000000003305,42.511409610766705,35.12754583869641,7.383863772070304,3244.699490625522,25.685973309351198,116.92679199999998,116.92679200000002,11.274674744198006,0.1,7.41068988816145,3245.7033648522356,35.12,25.69783327202114,3242.1491982355647,4.182630912817887,2.3114157150933936,4.195800000000006,2.287000000000001,77.0152546607171,39.729868960703904,25.785181139980846,0.5158701238570178,0.6490124889534497,11.252988045745695,42.53068988816145,35.08970850543979,4.197808229358308,2.285524875574771,25.573201282041587,3244.748391273371
4467,446.70000000003307,42.511409610766705,35.12754583869641,7.383863772070304,3244.699490625522,25.685973309351198,116.92679199999998,116.92679200000002,11.274674744198006,0.1,7.428159905957244,3245.7033648522356,35.12,25.748646366809965,3235.444644871855,4.182630912817887,2.3114157150933936,4.195800000000006,2.287000000000001,77.0152546607171,39.729868960703904,25.785181139980846,0.5158701238570178,0.6490124889534497,11.208983973051737,42.54815990595724,35.150473958228886,4.1963674176467824,2.2876571752796977,25.653610514366093,3244.684015626869
4468,446.8000000000331,42.511409610766705,35.12754583869641,7.383863772070304,3244.699490625522,25.685973309351198,116.92679199999998,116.92679200000002,11.274674744198006,0.1,7.372405553362199,3245.7033648522356,35.12,25.748646366809965,3235.444644871855,4.182630912817887,2.3114157150933936,4.195800000000006,2.287000000000001,77.0152546607171,39.729868960703904,25.785181139980846,0.5158701238570178,0.6490124889534497,11.342784150033353,42.4924055533622,35.085510129019944,4.19462322231785,2.287293561933625,25.898369517067604,3244.740851282197
4469,446.9000000000331,42.511409610766705,35.12754583869641,7.383863772070304,3244.699490625522,25.685973309351198,116.92679199999998,116.92679200000002,11.274674744198006,0.1,7.391908969754631,3245.7033648522356,35.12,25.748646366809965,3235.444644871855,4.182630912817887,2.3114157150933936,4.195800000000006,2.287000000000001,77.0152546607171,39.729868960703904,25.785181139980846,0.5158701238570178,0.6490124889534497,11.295524770672552,42.51190896975463,35.10415335783075,4.195009269297795,2.2873546762155916,25.737917890741073,3244.563235322201
4470,447.00000000003314,42.511409610766705,35.12754583869641,7.383863772070304,3244.699490625522,25.685973309351198,116.92679199999998,116.92679200000002,11.274674744198006,0.1,7.394970320801939,3245.7033648522356,35.12,25.748646366809965,3235.444644871855,4.18115298730598,2.311253458853099,4.195800000000006,2.287000000000001,77.0152546607171,39.729868960703904,25.785181139980846,0.5158701238570178,0.6490124889534497,11.366545218012504,42.514970320801936,35.137078776340395,4.195235884622788,2.2886962008303606,25.607345176521406,3244.677161588695
4471,447.10000000003316,42.511409610766705,35.12754583869641,7.383863772070304,3244.699490625522,25.685973309351198,116.92679199999998,116.92679200000002,11.274674744198006,0.1,7.39943665051284,3245.7033648522356,35.12,25.748646366809965,3235.444644871855,4.18115298730598,2.311253458853099,4.195800000000006,2.287000000000001,77.0152546607171,39.729868960703904,25.785181139980846,0.5158701238570178,0.6490124889534497,11.284985545538222,42.51943665051284,35.10325138849717,4.196202971073284,2.289549026230858,25.703262035547713,3244.8943020050156
4472,447.2000000000332,42.511409610766705,35.12754583869641,7.383863772070304,3244.699490625522,25.685973309351198,116.92679199999998,116.92679200000002,11.274674744198006,0.1,7.386300850152374,3245.7033648522356,35.12,25.731124291989985,3234.683161342569,4.18115298730598,2.311253458853099,4.195800000000006,2.287000000000001,77.0152546607171,39.729868960703904,25.785181139980846,0.5158701238570178,0.6490124889534497,11.201762739632068,42.50630085015237,35.172865455210506,4.19568075253984,2.288715858001926,25.77842017113474,3244.7746911682566
4473,447.3000000000332,42.511409610766705,35.12754583869641,7.383863772070304,3244.699490625522,25.685973309351198,116.92679199999998,116.92679200000002,11.274674744198006,0.1,7.421725008584772,3245.7033648522356,35.12,25.731124291989985,3234.683161342569,4.18115298730598,2.311253458853099,4.195800000000006,2.287000000000001,77.0152546607171,39.729868960703904,25.785181139980846,0.5158701238570178,0.6490124889534497,11.265497046050497,42.54172500858477,35.122212090377616,4.196041698031356,2.287378285479409,25.689042656898405,3244.557870981468
4474,447.40000000003323,42.511409610766705,35.12754583869641,7.383863772070304,3244.699490625522,25.685973309351198,116.92679199999998,116.92679200000002,11.274674744198006,0.1,7.440357679081231,3245.7033648522356,35.12,25.731124291989985,3234.683161342569,4.18115298730598,2.311253458853099,4.195800000000006,2.287000000000001,77.0152546607171,39.729868960703904,25.785181139980846,0.5158701238570178,0.6490124889534497,11.259961712824529,42.56035767908123,35.17938289502775,4.195840840355792,2.287116319847828,25.58239069556847,3244.6725985682965
4475,447.50000000003325,42.511409610766705,35.12754583869641,7.383863772070304,3244.699490625522,25.685973309351198,116.92679199999998,116.92679200000002,11.274674744198006,0.1,7.4171197820512305,3245.7033648522356,35.12,25.731124291989985,3234.683161342569,4.1864534199418655,2.311137901940506,4.195800000000006,2.287000000000001,77.0152546607171,39.729868960703904,25.785181139980846,0.5158701238570178,0.6490124889534497,11.262544315560904,42.53711978205123,35.16802401754511,4.195216533300205,2.287004323182048,25.871469605868832,3244.776098212605
4476,447.6000000000333,42.511409610766705,35.12754583869641,7.383863772070304,3244.699490625522,25.685973309351198,116.92679199999998,116.92679200000002,11.274674744198006,0.1,7.371896985038184,3245.7033648522356,35.12,25.731124291989985,3234.683161342569,4.1864534199418655,2.311137901940506,4.195800000000006,2.287000000000001,77.0152546607171,39.729868960703904,25.785181139980846,0.5158701238570178,0.6490124889534497,11.306202325597885,42.49189698503818,35.13992547376953,4.193393183343488,2.2866242873845524,25.719945083053844,3244.5531402286592
4477,447.7000000000333,42.511409610766705,35.12754583869641,7.383863772070304,3244.699490625522,25.685973309351198,116.92679199999998,116.92679200000002,11.274674744198006,0.1,7.425471601593657,3245.7033648522356,35.12,25.737688985229976,3235.6750587881206,4.1864534199418655,2.311137901940506,4.195800000000006,2.287000000000001,77.0152546607171,39.729868960703904,25.785181139980846,0.5158701238570178,0.6490124889534497,11.235144754157885,42.545471601593654,35.18257481393549,4.197013669731196,2.2859925885066987,25.574487165569256,3244.701564204467
4478,447.8000000000333,42.511409610766705,35.12754583869641,7.383863772070304,3244.699490625522,25.685973309351198,116.92679199999998,116.92679200000002,11.274674744198006,0.1,7.409256872164043,3245.7033648522356,35.12,25.737688985229976,3235.6750587881206,4.1864534199418655,2.311137901940506,4.195800000000006,2.287000000000001,77.0152546607171,39.729868960703904,25.785181139980846,0.5158701238570178,0.6490124889534497,11.224088025882597,42.52925687216404,35.132856849288295,4.197256534908493,2.2869740427993386,25.70129654838528,3244.57711315563
4479,447.90000000003334,42.511409610766705,35.12754583869641,7.383863772070304,3244.699490625522,25.685973309351198,116.92679199999998,116.92679200000002,11.274674744198006,0.1,7.376058355185492,3245.7033648522356,35.12,25.737688985229976,3235.6750587881206,4.1864534199418655,2.311137901940506,4.195800000000006,2.287000000000001,77.0152546607171,39.729868960703904,25.785181139980846,0.5158701238570178,0.6490124889534497,11.221069059211988,42.49605835518549,35.07779254350957,4.19767994926529,2.286352117452122,25.577707763637246,3244.6802430334055
4480,448.00000000003337,42.511409610766705,35.12754583869641,7.383863772070304,3244.699490625522,25.685973309351198,116.92679199999998,116.92679200000002,11.274674744198006,0.1,7.408520687136296,3245.7033648522356,35.12,25.737688985229976,3235.6750587881206,4.18747050529007,2.3109164012312085,4.195800000000006,2.287000000000001,77.0152546607171,39.729868960703904,25.785181139980846,0.5158701238570178,0.6490124889534497,11.335556565524106,42.52852068713629,35.13438859099117,4.197158876270162,2.2874132118625607,25.842861382650092,3244.58021716259
4481,448.1000000000334,42.511409610766705,35.12754583869641,7.383863772070304,3244.699490625522,25.685973309351198,116.92679199999998,116.92679200000002,11.274674744198006,0.1,7.337112798350759,3245.7033648522356,35.12,25.737688985229976,3235.6750587881206,4.18747050529007,2.3109164012312085,4.195800000000006,2.287000000000001,77.0152546607171,39.729868960703904,25.785181139980846,0.5158701238570178,0.6490124889534497,11.329778047997412,42.45711279835076,35.12833668072334,4.196494990925571,2.2895015646886483,25.4302185541892,3244.738082375396
4482,448.2000000000334,42.511409610766705,35.12754583869641,7.383863772070304,3244.699490625522,25.685973309351198,116.92679199999998,116.92679200000002,11.274674744198006,0.1,7.370119402808825,3245.7033648522356,35.12,25.770606752283484,3237.8351880188093,4.18747050529007,2.3109164012312085,4.195800000000006,2.287000000000001,77.0152546607171,39.729868960703904,25.785181139980846,0.5158701238570178,0.6490124889534497,11.27667996243148,42.49011940280882,35.19051931121217,4.193374459454154,2.284962772271175,25.805216946191837,3244.6902172250366
4483,448.30000000003344,42.511409610766705,35.12754583869641,7.383863772070304,3244.699490625522,25.685973309351198,116.92679199999998,116.92679200000002,11.274674744198006,0.1,7.412214479162969,3245.7033648522356,35.12,25.770606752283484,3237.8351880188093,4.18747050529007,2.3109164012312085,4.195800000000006,2.287000000000001,77.0152546607171,39.729868960703904,25.785181139980846,0.5158701238570178,0.6490124889534497,11.277022723759265,42.53221447916297,35.16717076359301,4.1966772600492845,2.28699339470983,25.80138926822183,3244.7059564912856
4484,448.40000000003346,42.511409610766705,35.12754583869641,7.383863772070304,3244.699490625522,25.685973309351198,116.92679199999998,116.92679200000002,11.274674744198006,0.1,7.38485574872287,3245.7033648522356,35.12,25.770606752283484,3237.8351880188093,4.18747050529007,2.3109164012312085,4.195800000000006,2.287000000000001,77.0152546607171,39.729868960703904,25.785181139980846,0.5158701238570178,0.6490124889534497,11.247731383744187,42.50485574872287,35.1089541148308,4.197145089431483,2.2871588081733965,25.573592655924273,3244.725824456195
4485,448.5000000000335,42.511409610766705,35.12754583869641,7.383863772070304,3244.699490625522,25.685973309351198,116.92679199999998,116.92679200000002,11.274674744198006,0.1,7.370397155178729,3245.7033648522356,35.12,25.770606752283484,3237.8351880188093,4.192533140452128,2.3108661621038684,4.195800000000006,2.287000000000001,77.0152546607171,39.729868960703904,25.785181139980846,0.5158701238570178,0.6490124889534497,11.344488867610053,42.49039715517873,35.15408111301687,4.196416739276212,2.286580382638769,25.643894856016946,3244.88947979647
4486,448.6000000000335,42.511409610766705,35.12754583869641,7.383863772070304,3244.699490625522,25.685973309351198,116.92679199999998,116.92679200000002,11.274674744198006,0.1,7.432354806052992,3245.7033648522356,35.12,25.770606752283484,3237.8351880188093,4.192533140452128,2.3108661621038684,4.195800000000006,2.287000000000001,77.0152546607171,39.729868960703904,25.785181139980846,0.5158701238570178,0.6490124889534497,11.2852644755828,42.55235480605299,35.078473238382884,4.1963437353563044,2.2863470931113885,25.883675082288217,3244.656784794274
4487,448.7000000000335,42.511409610766705,35.12754583869641,7.383863772070304,3244.699490625522,25.685973309351198,116.92679199999998,116.92679200000002,11.274674744198006,0.1,7.402134482194882,3245.7033648522356,35.12,25.77399846880703,3240.0007914617636,4.192533140452128,2.3108661621038684,4.195800000000006,2.287000000000001,77.0152546607171,39.729868960703904,25.785181139980846,0.5158701238570178,0.6490124889534497,11.287109888094323,42.52213448219488,35.12843210261694,4.195583409826251,2.2852239569607704,25.515045712589174,3244.8101125491494
4488,448.80000000003355,42.511409610766705,35.12754583869641,7.383863772070304,3244.699490625522,25.685973309351198,116.92679199999998,116.92679200000002,11.274674744198006,0.1,7.398258632630522,3245.7033648522356,35.12,25.77399846880703,3240.0007914617636,4.192533140452128,2.3108661621038684,4.195800000000006,2.287000000000001,77.0152546607171,39.729868960703904,25.785181139980846,0.5158701238570178,0.6490124889534497,11.218861479151887,42.51825863263052,35.09498935415087,4.196602543040431,2.2866448332268656,25.696019099511282,3244.7972684377005
4489,448.9000000000336,42.511409610766705,35.12754583869641,7.383863772070304,3244.699490625522,25.685973309351198,116.92679199999998,116.92679200000002,11.274674744198006,0.1,7.421817383283141,3245.7033648522356,35.12,25.77399846880703,3240.0007914617636,4.192533140452128,2.3108661621038684,4.195800000000006,2.287000000000001,77.0152546607171,39.729868960703904,25.785181139980846,0.5158701238570178,0.6490124889534497,11.292011558521915,42.54181738328314,35.07139366294928,4.197087761365864,2.2870522287061075,25.647667527583813,3244.5775333834013
4490,449.0000000000336,42.511409610766705,35.12754583869641,7.383863772070304,3244.699490625522,25.685973309351198,116.92679199999998,116.92679200000002,11.274674744198006,0.1,7.33930600768911,3245.7033648522356,35.12,25.77399846880703,3240.0007914617636,4.190386042865261,2.310640477623656,4.195800000000006,2.287000000000001,77.0152546607171,39.729868960703904,25.785181139980846,0.5158701238570178,0.6490124889534497,11.25508554963917,42.45930600768911,35.154611417677316,4.1963609816495,2.286096482830397,25.795192385571593,3244.6406460958437
4491,449.1000000000336,42.511409610766705,35.12754583869641,7.383863772070304,3244.699490625522,25.685973309351198,116.92679199999998,116.92679200000002,11.274674744198006,0.1,7.388990920647096,3245.7033648522356,35.12,25.77399846880703,3240.0007914617636,4.190386042865261,2.310640477623656,4.195800000000006,2.287000000000001,77.0152546607171,39.729868960703904,25.785181139980846,0.5158701238570178,0.6490124889534497,11.281896590344468,42.50899092064709,35.12278248306006,4.195968568403932,2.2867036855286,25.60653002209921,3244.6982901914726
4492,449.20000000003364,42.511409610766705,35.12754583869641,7.383863772070304,3244.699490625522,25.685973309351198,116.92679199999998,116.92679200000002,11.274674744198006,0.1,7.373863073685726,3245.7033648522356,35.12,25.772275061442947,3241.06947679111,4.190386042865261,2.310640477623656,4.195800000000006,2.287000000000001,77.0152546607171,39.729868960703904,25.785181139980846,0.5158701238570178,0.6490124889534497,11.283158603567955,42.49386307368572,35.148118118637484,4.1973268192308675,2.2874869618806866,25.663993741503894,3244.620842647101
4493,449.30000000003366,42.511409610766705,35.12754583869641,7.383863772070304,3244.699490625522,25.685973309351198,116.92679199999998,116.92679200000002,11.274674744198006,0.1,7.370508372745334,3245.7033648522356,35.12,25.772275061442947,3241.06947679111,4.190386042865261,2.310640477623656,4.195800000000006,2.287000000000001,77.0152546607171,39.729868960703904,25.785181139980846,0.5158701238570178,0.6490124889534497,11.238881632731113,42.49050837274533,35.161617277622966,4.194620948801902,2.287494889588171,25.88865639089127,3244.8257385350835
4494,449.4000000000337,42.511409610766705,35.12754583869641,7.383863772070304,3244.699490625522,25.685973309351198,116.92679199999998,116.92679200000002,11.274674744198006,0.1,7.367639252770466,3245.7033648522356,35.12,25.772275061442947,3241.06947679111,4.190386042865261,2.310640477623656,4.195800000000006,2.287000000000001,77.0152546607171,39.729868960703904,25.785181139980846,0.5158701238570178,0.6490124889534497,11.287323307260927,42.487639252770464,35.09567666295384,4.195552562239435,2.287956797888436,25.925040561454317,3244.5942605964087
4495,449.5000000000337,42.511409610766705,35.12754583869641,7.383863772070304,3244.699490625522,25.685973309351198,116.92679199999998,116.92679200000002,11.274674744198006,0.1,7.387975925481541,3245.7033648522356,35.12,25.772275061442947,3241.06947679111,4.193733230541752,2.310512741398049,4.195800000000006,2.287000000000001,77.0152546607171,39.729868960703904,25.785181139980846,0.5158701238570178,0.6490124889534497,11.269016789391182,42.50797592548154,35.16899489897633,4.196719004336009,2.2851100545297363,25.692807768189336,3244.7205708238757
4496,449.60000000003373,42.511409610766705,35.12754583869641,7.383863772070304,3244.699490625522,25.685973309351198,116.92679199999998,116.92679200000002,11.274674744198006,0.1,7.403058770936262,3245.7033648522356,35.12,25.772275061442947,3241.06947679111,4.193733230541752,2.310512741398049,4.195800000000006,2.287000000000001,77.0152546607171,39.729868960703904,25.785181139980846,0.5158701238570178,0.6490124889534497,11.380402718830531,42.52305877093626,35.11924741014751,4.195138155257691,2.2879771480678714,25.82829526730167,3244.7458657019965
4497,449.70000000003375,42.511409610766705,35.12754583869641,7.383863772070304,3244.699490625522,25.685973309351198,116.92679199999998,116.92679200000002,11.274674744198006,0.1,7.388491322002658,3245.7033648522356,35.12,25.74242857416102,3241.164450549326,4.193733230541752,2.310512741398049,4.195800000000006,2.287000000000001,77.0152546607171,39.729868960703904,25.785181139980846,0.5158701238570178,0.6490124889534497,11.252412617141749,42.508491322002655,35.13626548064367,4.1963008807949755,2.285021188231793,25.58812397719623,3244.7842402797132
4498,449.8000000000338,42.511409610766705,35.12754583869641,7.383863772070304,3244.699490625522,25.685973309351198,116.92679199999998,116.92679200000002,11.274674744198006,0.1,7.328739512777766,3245.7033648522356,35.12,25.74242857416102,3241.164450549326,4.193733230541752,2.310512741398049,4.195800000000006,2.287000000000001,77.0152546607171,39.729868960703904,25.785181139980846,0.5158701238570178,0.6490124889534497,11.303143945055393,42.44873951277776,35.13396212611623,4.195488250909795,2.2858506867453094,25.537357490974646,3244.7744688045145
4499,449.9000000000338,42.511409610766705,35.12754583869641,7.383863772070304,3244.699490625522,25.685973309351198,116.92679199999998,116.92679200000002,11.274674744198006,0.1,7.419942122754733,3245.7033648522356,35.12,25.74242857416102,3241.164450549326,4.193733230541752,2.310512741398049,4.195800000000006,2.287000000000001,77.0152546607171,39.729868960703904,25.785181139980846,0.5158701238570178,0.6490124889534497,11.223663091193696,42.53994212275473,35.1117169239951,4.1957675965357915,2.2846134256045185,25.618505833157446,3244.762098189148
4500,450.0000000000338,42.511409610766705,35.12754583869641,7.383863772070304,3244.699490625522,25.685973309351198,116.92679199999998,116.92679200000002,11.274674744198006,0.1,7.403951380051538,3245.7033648522356,35.12,25.74242857416102,3241.164450549326,4.191682985844691,2.3103398709793743,4.195800000000006,2.287000000000001,77.0152546607171,39.729868960703904,25.785181139980846,0.5158701238570178,0.6490124889534497,11.236877358642358,42.523951380051535,35.099730734085895,4.194737988828036,2.286662841940831,25.690183368121552,3244.626682930493
4501,450.10000000003384,42.511409610766705,35.12754583869641,7.383863772070304,3244.699490625522,25.685973309351198,116.92679199999998,116.92679200000002,11.274674744198006,0.1,7.380738464964907,3245.7033648522356,35.12,25.74242857416102,3241.164450549326,4.191682985844691,2.3103398709793743,4.195800000000006,2.287000000000001,77.0152546607171,39.729868960703904,25.785181139980846,0.5158701238570178,0.6490124889534497,11.261928798572164,42.500738464964904,35.087498359177104,4.1960369638855815,2.2875158148181964,25.742059889795748,3244.680213002561
4502,450.20000000003387,42.511409610766705,35.12754583869641,7.383863772070304,3244.699490625522,25.685973309351198,116.92679199999998,116.92679200000002,11.274674744198006,0.1,7.400831603813316,3245.7033648522356,35.12,25.765621580784085,3242.3968596235077,4.191682985844691,2.3103398709793743,4.195800000000006,2.287000000000001,77.0152546607171,39.729868960703904,25.785181139980846,0.5158701238570178,0.6490124889534497,11.288855959873922,42.52083160381331,35.136320503495604,4.196109824736451,2.286104090268208,25.49158318772144,3244.8215828424827
4503,450.3000000000339,42.511409610766705,35.12754583869641,7.383863772070304,3244.699490625522,25.685973309351198,116.92679199999998,116.92679200000002,11.274674744198006,0.1,7.41479854028313,3245.7033648522356,35.12,25.765621580784085,3242.3968596235077,4.191682985844691,2.3103398709793743,4.195800000000006,2.287000000000001,77.0152546607171,39.729868960703904,25.785181139980846,0.5158701238570178,0.6490124889534497,11.203467990427287,42.53479854028313,35.11130532582116,4.194812987594488,2.2884581965350024,25.700432685397793,3244.5728485031145
4504,450.4000000000339,42.511409610766705,35.12754583869641,7.383863772070304,3244.699490625522,25.685973309351198,116.92679199999998,116.92679200000002,11.274674744198006,0.1,7.412107565459699,3245.7033648522356,35.12,25.765621580784085,3242.3968596235077,4.191682985844691,2.3103398709793743,4.195800000000006,2.287000000000001,77.0152546607171,39.729868960703904,25.785181139980846,0.5158701238570178,0.6490124889534497,11.32016182845001,42.5321075654597,35.122829057050346,4.196455224709935,2.2869354775081994,25.579705035282483,3244.6434362525165
4505,450.50000000003394,42.511409610766705,35.12754583869641,7.383863772070304,3244.699490625522,25.685973309351198,116.92679199999998,116.92679200000002,11.274674744198006,0.1,7.463532654390235,3245.7033648522356,35.12,25.765621580784085,3242.3968596235077,4.188741821766392,2.3101816662036345,4.195800000000006,2.287000000000001,77.0152546607171,39.729868960703904,25.785181139980846,0.5158701238570178,0.6490124889534497,11.226588513221545,42.58353265439023,35.07186934296583,4.197107075808932,2.2873526774013335,25.865428501427445,3244.6174618582518
4506,450.60000000003396,42.511409610766705,35.12754583869641,7.383863772070304,3244.699490625522,25.685973309351198,116.92679199999998,116.92679200000002,11.274674744198006,0.1,7.404221859712244,3245.7033648522356,35.12,25.765621580784085,3242.3968596235077,4.188741821766392,2.3101816662036345,4.195800000000006,2.287000000000001,77.0152546607171,39.729868960703904,25.785181139980846,0.5158701238570178,0.6490124889534497,11.26092552913281,42.52422185971224,35.09052278321504,4.196287473744703,2.2878919539634213,25.692855491927638,3244.5113813619346
4507,450.700000000034,42.511409610766705,35.12754583869641,7.383863772070304,3244.699490625522,25.685973309351198,116.92679199999998,116.92679200000002,11.274674744198006,0.1,7.3958942656186935,3245.7033648522356,35.12,25.67845830421375,3240.310918519836,4.188741821766392,2.3101816662036345,4.195800000000006,2.287000000000001,77.0152546607171,39.729868960703904,25.785181139980846,0.5158701238570178,0.6490124889534497,11.199549003176633,42.51589426561869,35.14116037427971,4.195237246315065,2.28689767396319,25.6592742288662,3244.730805469048
4508,450.800000000034,42.511409610766705,35.12754583869641,7.383863772070304,3244.699490625522,25.685973309351198,116.92679199999998,116.92679200000002,11.274674744198006,0.1,7.428863386852598,3245.7033648522356,35.12,25.67845830421375,3240.310918519836,4.188741821766392,2.3101816662036345,4.195800000000006,2.287000000000001,77.0152546607171,39.729868960703904,25.785181139980846,0.5158701238570178,0.6490124889534497,11.240848957658166,42.548863386852595,35.13300894944041,4.197191403638835,2.2872560227740903,25.767306917511707,3244.6341338377965
4509,450.900000000034,42.511409610766705,35.12754583869641,7.383863772070304,3244.699490625522,25.685973309351198,116.92679199999998,116.92679200000002,11.274674744198006,0.1,7.433849415515084,3245.7033648522356,35.12,25.67845830421375,3240.310918519836,4.188741821766392,2.3101816662036345,4.195800000000006,2.287000000000001,77.0152546607171,39.729868960703904,25.785181139980846,0.5158701238570178,0.6490124889534497,11.2962629699388,42.55384941551508,35.139721580880526,4.197426999510951,2.287157356452274,25.65997413853776,3244.800905879389
4510,451.00000000003405,42.511409610766705,35.12754583869641,7.383863772070304,3244.699490625522,25.685973309351198,116.92679199999998,116.92679200000002,11.274674744198006,0.1,7.34889043670362,3245.7033648522356,35.12,25.67845830421375,3240.310918519836,4.191610728501322,2.3100418866972925,4.195800000000006,2.287000000000001,77.0152546607171,39.729868960703904,25.785181139980846,0.5158701238570178,0.6490124889534497,11.37865584499646,42.46889043670362,35.13154293982391,4.197264332648049,2.287719003587597,25.606249563075693,3244.6686272197703
4511,451.1000000000341,42.511409610766705,35.12754583869641,7.383863772070304,3244.699490625522,25.685973309351198,116.92679199999998,116.92679200000002,11.274674744198006,0.1,7.35386043760932,3245.7033648522356,35.12,25.67845830421375,3240.310918519836,4.191610728501322,2.3100418866972925,4.195800000000006,2.287000000000001,77.0152546607171,39.729868960703904,25.785181139980846,0.5158701238570178,0.6490124889534497,11.24952886651826,42.47386043760932,35.12028363832969,4.195674399405181,2.286204827909784,25.591410766034,3244.8816299939576
4512,451.2000000000341,42.511409610766705,35.12754583869641,7.383863772070304,3244.699490625522,25.685973309351198,116.92679199999998,116.92679200000002,11.274674744198006,0.1,7.375462085913384,3245.7033648522356,35.12,25.736651139479537,3241.7271769737017,4.191610728501322,2.3100418866972925,4.195800000000006,2.287000000000001,77.0152546607171,39.729868960703904,25.785181139980846,0.5158701238570178,0.6490124889534497,11.308210623527474,42.49546208591338,35.13310011028468,4.1955535190830355,2.2877503654606985,25.646046399406796,3244.7481812459764
4513,451.3000000000341,42.511409610766705,35.12754583869641,7.383863772070304,3244.699490625522,25.685973309351198,116.92679199999998,116.92679200000002,11.274674744198006,0.1,7.411197288897448,3245.7033648522356,35.12,25.736651139479537,3241.7271769737017,4.191610728501322,2.3100418866972925,4.195800000000006,2.287000000000001,77.0152546607171,39.729868960703904,25.785181139980846,0.5158701238570178,0.6490124889534497,11.289038631455677,42.531197288897445,35.073038414533514,4.196201327001663,2.286857739889004,25.54199275667689,3244.7025886896467
4514,451.40000000003414,42.511409610766705,35.12754583869641,7.383863772070304,3244.699490625522,25.685973309351198,116.92679199999998,116.92679200000002,11.274674744198006,0.1,7.396987453990079,3245.7033648522356,35.12,25.736651139479537,3241.7271769737017,4.191610728501322,2.3100418866972925,4.195800000000006,2.287000000000001,77.0152546607171,39.729868960703904,25.785181139980846,0.5158701238570178,0.6490124889534497,11.291293492221284,42.516987453990076,35.14820700374628,4.196273648412857,2.2874386279532177,25.784937308595435,3244.6414885570302
4515,451.50000000003416,42.511409610766705,35.12754583869641,7.383863772070304,3244.699490625522,25.685973309351198,116.92679199999998,116.92679200000002,11.274674744198006,0.1,7.394709090005115,3245.7033648522356,35.12,25.736651139479537,3241.7271769737017,4.188717590179731,2.3098814726590167,4.195800000000006,2.287000000000001,77.0152546607171,39.729868960703904,25.785181139980846,0.5158701238570178,0.6490124889534497,11.276856161817003,42.51470909000511,35.080237914438335,4.1962987968690415,2.2870004378097386,25.56800710803039,3244.6256430330063
4516,451.6000000000342,42.511409610766705,35.12754583869641,7.383863772070304,3244.699490625522,25.685973309351198,116.92679199999998,116.92679200000002,11.274674744198006,0.1,7.321883493921547,3245.7033648522356,35.12,25.736651139479537,3241.7271769737017,4.188717590179731,2.3098814726590167,4.195800000000006,2.287000000000001,77.0152546607171,39.729868960703904,25.785181139980846,0.5158701238570178,0.6490124889534497,11.364191308936478,42.441883493921544,35.091952496616045,4.196342048356491,2.2856744437853243,25.699976550157505,3244.8837569004063
4517,451.7000000000342,42.511409610766705,35.12754583869641,7.383863772070304,3244.699490625522,25.685973309351198,116.92679199999998,116.92679200000002,11.274674744198006,0.1,7.392728499974176,3245.7033648522356,35.12,25.689313692475718,3240.139933555062,4.188717590179731,2.3098814726590167,4.195800000000006,2.287000000000001,77.0152546607171,39.729868960703904,25.785181139980846,0.5158701238570178,0.6490124889534497,11.225243896169372,42.51272849997417,35.121370132042195,4.1958395925479,2.2870970834423945,25.627182981632576,3244.6124727922047
4518,451.80000000003423,42.511409610766705,35.12754583869641,7.383863772070304,3244.699490625522,25.685973309351198,116.92679199999998,116.92679200000002,11.274674744198006,0.1,7.395525552911842,3245.7033648522356,35.12,25.689313692475718,3240.139933555062,4.188717590179731,2.3098814726590167,4.195800000000006,2.287000000000001,77.0152546607171,39.729868960703904,25.785181139980846,0.5158701238570178,0.6490124889534497,11.228676269051384,42.51552555291184,35.12797632266141,4.195930832396715,2.286628770401207,25.73411844003079,3244.726996436302
4519,451.90000000003425,42.511409610766705,35.12754583869641,7.383863772070304,3244.699490625522,25.685973309351198,116.92679199999998,116.92679200000002,11.274674744198006,0.1,7.3721846653332435,3245.7033648522356,35.12,25.689313692475718,3240.139933555062,4.188717590179731,2.3098814726590167,4.195800000000006,2.287000000000001,77.0152546607171,39.729868960703904,25.785181139980846,0.5158701238570178,0.6490124889534497,11.250690889977172,42.49218466533324,35.133043628931084,4.196819470900271,2.2869447205734095,25.681316043765673,3244.718662680995
4520,452.0000000000343,42.511409610766705,35.12754583869641,7.383863772070304,3244.699490625522,25.685973309351198,116.92679199999998,116.92679200000002,11.274674744198006,0.1,7.374384058390461,3245.7033648522356,35.12,25.689313692475718,3240.139933555062,4.190462609444852,2.309737139434683,4.195800000000006,2.287000000000001,77.0152546607171,39.729868960703904,25.785181139980846,0.5158701238570178,0.6490124889534497,11.279471605244463,42.49438405839046,35.13203132151247,4.196413491830008,2.2867703802566033,25.592768258750773,3244.638205300322
4521,452.1000000000343,42.511409610766705,35.12754583869641,7.383863772070304,3244.699490625522,25.685973309351198,116.92679199999998,116.92679200000002,11.274674744198006,0.1,7.386447070000479,3245.7033648522356,35.12,25.689313692475718,3240.139933555062,4.190462609444852,2.309737139434683,4.195800000000006,2.287000000000001,77.0152546607171,39.729868960703904,25.785181139980846,0.5158701238570178,0.6490124889534497,11.2716997992494,42.506447070000476,35.16371839534861,4.1971448564754725,2.287718911500456,25.62001622962507,3244.616509128058
4522,452.2000000000343,42.511409610766705,35.12754583869641,7.383863772070304,3244.699490625522,25.685973309351198,116.92679199999998,116.92679200000002,11.274674744198006,0.1,7.394648494284155,3245.7033648522356,35.12,25.626336220549298,3234.442044230741,4.190462609444852,2.309737139434683,4.195800000000006,2.287000000000001,77.0152546607171,39.729868960703904,25.785181139980846,0.5158701238570178,0.6490124889534497,11.23589049727672,42.51464849428415,35.098957155900464,4.19543296065918,2.287717897045858,25.835486251575,3244.5410829799007
4523,452.30000000003434,42.511409610766705,35.12754583869641,7.383863772070304,3244.699490625522,25.685973309351198,116.92679199999998,116.92679200000002,11.274674744198006,0.1,7.3661095609435066,3245.7033648522356,35.12,25.626336220549298,3234.442044230741,4.190462609444852,2.309737139434683,4.195800000000006,2.287000000000001,77.0152546607171,39.729868960703904,25.785181139980846,0.5158701238570178,0.6490124889534497,11.19579257863244,42.486109560943504,35.15150334781785,4.195856774306277,2.286970358704606,25.737403037779984,3244.6881534757435
4524,452.40000000003437,42.511409610766705,35.12754583869641,7.383863772070304,3244.699490625522,25.685973309351198,116.92679199999998,116.92679200000002,11.274674744198006,0.1,7.366265370958807,3245.7033648522356,35.12,25.626336220549298,3234.442044230741,4.190462609444852,2.309737139434683,4.195800000000006,2.287000000000001,77.0152546607171,39.729868960703904,25.785181139980846,0.5158701238570178,0.6490124889534497,11.301238107821392,42.486265370958805,35.112067743080225,4.1928945868778005,2.287006783285101,25.78257886184922,3244.879659014175
4525,452.5000000000344,42.511409610766705,35.12754583869641,7.383863772070304,3244.699490625522,25.685973309351198,116.92679199999998,116.92679200000002,11.274674744198006,0.1,7.421107421772028,3245.7033648522356,35.12,25.626336220549298,3234.442044230741,4.192256043474735,2.309616360975838,4.195800000000006,2.287000000000001,77.0152546607171,39.729868960703904,25.785181139980846,0.5158701238570178,0.6490124889534497,11.233484477571107,42.541107421772026,35.13278290684738,4.195664201643982,2.2878260938928476,25.564678570616376,3244.740684003486
4526,452.6000000000344,42.511409610766705,35.12754583869641,7.383863772070304,3244.699490625522,25.685973309351198,116.92679199999998,116.92679200000002,11.274674744198006,0.1,7.360757762509685,3245.7033648522356,35.12,25.626336220549298,3234.442044230741,4.192256043474735,2.309616360975838,4.195800000000006,2.287000000000001,77.0152546607171,39.729868960703904,25.785181139980846,0.5158701238570178,0.6490124889534497,11.31813470235609,42.48075776250968,35.101404320548205,4.194256875034211,2.2878633877705705,25.518909853598103,3244.6745362906736
4527,452.70000000003444,42.511409610766705,35.12754583869641,7.383863772070304,3244.699490625522,25.685973309351198,116.92679199999998,116.92679200000002,11.274674744198006,0.1,7.383614001183005,3245.7033648522356,35.12,25.678898308195812,3237.297683581583,4.192256043474735,2.309616360975838,4.195800000000006,2.287000000000001,77.0152546607171,39.729868960703904,25.785181139980846,0.5158701238570178,0.6490124889534497,11.262915052498089,42.503614001183,35.133455717928236,4.194903493595761,2.2882474710889578,25.562444015318476,3244.6237525633974
4528,452.80000000003446,42.511409610766705,35.12754583869641,7.383863772070304,3244.699490625522,25.685973309351198,116.92679199999998,116.92679200000002,11.274674744198006,0.1,7.459847288389483,3245.7033648522356,35.12,25.678898308195812,3237.297683581583,4.192256043474735,2.309616360975838,4.195800000000006,2.287000000000001,77.0152546607171,39.729868960703904,25.785181139980846,0.5158701238570178,0.6490124889534497,11.247378339344047,42.57984728838948,35.12607478661617,4.195528556496602,2.285761592399103,25.51280752857161,3244.6313575932368
4529,452.9000000000345,42.511409610766705,35.12754583869641,7.383863772070304,3244.699490625522,25.685973309351198,116.92679199999998,116.92679200000002,11.274674744198006,0.1,7.428021930098602,3245.7033648522356,35.12,25.678898308195812,3237.297683581583,4.192256043474735,2.309616360975838,4.195800000000006,2.287000000000001,77.0152546607171,39.729868960703904,25.785181139980846,0.5158701238570178,0.6490124889534497,11.280907976340883,42.5480219300986,35.13452699156402,4.195517730190486,2.2879779789673402,25.751918002272483,3244.753229881959
4530,453.0000000000345,42.511409610766705,35.12754583869641,7.383863772070304,3244.699490625522,25.685973309351198,116.92679199999998,116.92679200000002,11.274674744198006,0.1,7.390678052530745,3245.7033648522356,35.12,25.678898308195812,3237.297683581583,4.1945984611182885,2.309504934315809,4.195800000000006,2.287000000000001,77.0152546607171,39.729868960703904,25.785181139980846,0.5158701238570178,0.6490124889534497,11.320483030475785,42.51067805253074,35.157700839154586,4.195188277726697,2.2868191538561247,25.77083407719273,3244.8660514514377
4531,453.1000000000345,42.511409610766705,35.12754583869641,7.383863772070304,3244.699490625522,25.685973309351198,116.92679199999998,116.92679200000002,11.274674744198006,0.1,7.334754041942638,3245.7033648522356,35.12,25.678898308195812,3237.297683581583,4.1945984611182885,2.309504934315809,4.195800000000006,2.287000000000001,77.0152546607171,39.729868960703904,25.785181139980846,0.5158701238570178,0.6490124889534497,11.25861067512456,42.454754041942635,35.11652631330703,4.195555455518867,2.286270323807464,25.935353199935104,3244.640023094481
4532,453.20000000003455,42.511409610766705,35.12754583869641,7.383863772070304,3244.699490625522,25.685973309351198,116.92679199999998,116.92679200000002,11.274674744198006,0.1,7.4122985236217644,3245.7033648522356,35.12,25.663790504041472,3237.164088001658,4.1945984611182885,2.309504934315809,4.195800000000006,2.287000000000001,77.0152546607171,39.729868960703904,25.785181139980846,0.5158701238570178,0.6490124889534497,11.257940246068436,42.53229852362176,35.13684931809959,4.194248946688195,2.286244752263367,25.667983240214507,3244.679373372097
4533,453.3000000000346,42.511409610766705,35.12754583869641,7.383863772070304,3244.699490625522,25.685973309351198,116.92679199999998,116.92679200000002,11.274674744198006,0.1,7.371548556890204,3245.7033648522356,35.12,25.663790504041472,3237.164088001658,4.1945984611182885,2.309504934315809,4.195800000000006,2.287000000000001,77.0152546607171,39.729868960703904,25.785181139980846,0.5158701238570178,0.6490124889534497,11.402306589356945,42.4915485568902,35.09084951001676,4.1958868503705355,2.2875786832814344,25.68081335730279,3244.5455708562195
4534,453.4000000000346,42.511409610766705,35.12754583869641,7.383863772070304,3244.699490625522,25.685973309351198,116.92679199999998,116.92679200000002,11.274674744198006,0.1,7.347003030280227,3245.7033648522356,35.12,25.663790504041472,3237.164088001658,4.1945984611182885,2.309504934315809,4.195800000000006,2.287000000000001,77.0152546607171,39.729868960703904,25.785181139980846,0.5158701238570178,0.6490124889534497,11.261476365181666,42.467003030280225,35.120627368490304,4.195072431480579,2.287355645989102,25.83706776735618,3244.6939092243488
4535,453.5000000000346,42.511409610766705,35.12754583869641,7.383863772070304,3244.699490625522,25.685973309351198,116.92679199999998,116.92679200000002,11.274674744198006,0.1,7.400327360120151,3245.7033648522356,35.12,25.663790504041472,3237.164088001658,4.19310931054848,2.3093508804264635,4.195800000000006,2.287000000000001,77.0152546607171,39.729868960703904,25.785181139980846,0.5158701238570178,0.6490124889534497,11.263475789556672,42.52032736012015,35.12160498845696,4.195750329010968,2.28673278748376,25.679182832878396,3244.8621211439604
4536,453.60000000003464,42.511409610766705,35.12754583869641,7.383863772070304,3244.699490625522,25.685973309351198,116.92679199999998,116.92679200000002,11.274674744198006,0.1,7.410703411632646,3245.7033648522356,35.12,25.663790504041472,3237.164088001658,4.19310931054848,2.3093508804264635,4.195800000000006,2.287000000000001,77.0152546607171,39.729868960703904,25.785181139980846,0.5158701238570178,0.6490124889534497,11.3278503380793,42.53070341163264,35.114231156212135,4.19514283773565,2.2862367889344455,25.688863772016997,3244.8859291561857
4537,453.70000000003466,42.511409610766705,35.12754583869641,7.383863772070304,3244.699490625522,25.685973309351198,116.92679199999998,116.92679200000002,11.274674744198006,0.1,7.38731044326736,3245.7033648522356,35.12,25.733050197216528,3240.8152483005942,4.19310931054848,2.3093508804264635,4.195800000000006,2.287000000000001,77.0152546607171,39.729868960703904,25.785181139980846,0.5158701238570178,0.6490124889534497,11.310550624476983,42.50731044326736,35.19125446795377,4.194108041176994,2.288522253925483,25.5416410485639,3244.8429119766242
4538,453.8000000000347,42.511409610766705,35.12754583869641,7.383863772070304,3244.699490625522,25.685973309351198,116.92679199999998,116.92679200000002,11.274674744198006,0.1,7.371061980917126,3245.7033648522356,35.12,25.733050197216528,3240.8152483005942,4.19310931054848,2.3093508804264635,4.195800000000006,2.287000000000001,77.0152546607171,39.729868960703904,25.785181139980846,0.5158701238570178,0.6490124889534497,11.216965157381054,42.491061980917124,35.14342396375896,4.195790462045764,2.287875194615775,25.66726039676261,3244.6803194549257
4539,453.9000000000347,42.511409610766705,35.12754583869641,7.383863772070304,3244.699490625522,25.685973309351198,116.92679199999998,116.92679200000002,11.274674744198006,0.1,7.421571727179327,3245.7033648522356,35.12,25.733050197216528,3240.8152483005942,4.19310931054848,2.3093508804264635,4.195800000000006,2.287000000000001,77.0152546607171,39.729868960703904,25.785181139980846,0.5158701238570178,0.6490124889534497,11.309141430666958,42.541571727179324,35.140959170336835,4.1979504179519225,2.2861826570710386,25.63892204209943,3244.5671873136816
4540,454.00000000003473,42.511409610766705,35.12754583869641,7.383863772070304,3244.699490625522,25.685973309351198,116.92679199999998,116.92679200000002,11.274674744198006,0.1,7.394010024526651,3245.7033648522356,35.12,25.733050197216528,3240.8152483005942,4.195471833750121,2.309169668102375,4.195800000000006,2.287000000000001,77.0152546607171,39.729868960703904,25.785181139980846,0.5158701238570178,0.6490124889534497,11.334241797616043,42.51401002452665,35.105243501791634,4.197281421281944,2.2850429543504327,25.53957478014667,3244.7382979087643
4541,454.10000000003475,42.511409610766705,35.12754583869641,7.383863772070304,3244.699490625522,25.685973309351198,116.92679199999998,116.92679200000002,11.274674744198006,0.1,7.315107391843888,3245.7033648522356,35.12,25.733050197216528,3240.8152483005942,4.195471833750121,2.309169668102375,4.195800000000006,2.287000000000001,77.0152546607171,39.729868960703904,25.785181139980846,0.5158701238570178,0.6490124889534497,11.221294264001397,42.435107391843886,35.14738388481591,4.197315817746853,2.2862105855881034,25.365586840410547,3244.5999750326323
4542,454.2000000000348,42.511409610766705,35.12754583869641,7.383863772070304,3244.699490625522,25.685973309351198,116.92679199999998,116.92679200000002,11.274674744198006,0.1,7.393482028569807,3245.7033648522356,35.12,25.788287586554304,3244.638241921903,4.195471833750121,2.309169668102375,4.195800000000006,2.287000000000001,77.0152546607171,39.729868960703904,25.785181139980846,0.5158701238570178,0.6490124889534497,11.329290567737843,42.513482028569804,35.117457059414754,4.196952976967788,2.288096401458765,25.74160992324037,3244.700303695636
4543,454.3000000000348,42.511409610766705,35.12754583869641,7.383863772070304,3244.699490625522,25.685973309351198,116.92679199999998,116.92679200000002,11.274674744198006,0.1,7.359770394926933,3245.7033648522356,35.12,25.788287586554304,3244.638241921903,4.195471833750121,2.309169668102375,4.195800000000006,2.287000000000001,77.0152546607171,39.729868960703904,25.785181139980846,0.5158701238570178,0.6490124889534497,11.298074212085503,42.47977039492693,35.13646544432815,4.196937264365864,2.287055973009549,25.7181867262084,3244.7063243075186
4544,454.4000000000348,42.511409610766705,35.12754583869641,7.383863772070304,3244.699490625522,25.685973309351198,116.92679199999998,116.92679200000002,11.274674744198006,0.1,7.382814079650281,3245.7033648522356,35.12,25.788287586554304,3244.638241921903,4.195471833750121,2.309169668102375,4.195800000000006,2.287000000000001,77.0152546607171,39.729868960703904,25.785181139980846,0.5158701238570178,0.6490124889534497,11.122130131167951,42.50281407965028,35.07353639419313,4.195495875134411,2.287292657986951,25.890375836980077,3244.8591962386827
4545,454.50000000003485,42.511409610766705,35.12754583869641,7.383863772070304,3244.699490625522,25.685973309351198,116.92679199999998,116.92679200000002,11.274674744198006,0.1,7.3540739486966515,3245.7033648522356,35.12,25.788287586554304,3244.638241921903,4.194178578254551,2.3090492953622386,4.195800000000006,2.287000000000001,77.0152546607171,39.729868960703904,25.785181139980846,0.5158701238570178,0.6490124889534497,11.314116238878217,42.47407394869665,35.09364610126034,4.195477072975254,2.2872150108204767,25.550287981945626,3244.820143582103
4546,454.60000000003487,42.511409610766705,35.12754583869641,7.383863772070304,3244.699490625522,25.685973309351198,116.92679199999998,116.92679200000002,11.274674744198006,0.1,7.405669203056405,3245.7033648522356,35.12,25.788287586554304,3244.638241921903,4.194178578254551,2.3090492953622386,4.195800000000006,2.287000000000001,77.0152546607171,39.729868960703904,25.785181139980846,0.5158701238570178,0.6490124889534497,11.236540396468843,42.5256692030564,35.17140220878199,4.198157225732376,2.2864846122344904,25.857512890900775,3244.670623304116
4547,454.7000000000349,42.511409610766705,35.12754583869641,7.383863772070304,3244.699490625522,25.685973309351198,116.92679199999998,116.92679200000002,11.274674744198006,0.1,7.382455346451408,3245.7033648522356,35.12,25.76541041475679,3247.8484990892853,4.194178578254551,2.3090492953622386,4.195800000000006,2.287000000000001,77.0152546607171,39.729868960703904,25.785181139980846,0.5158701238570178,0.6490124889534497,11.333907105660073,42.502455346451406,35.077526376434385,4.19513938113683,2.285993671889616,25.794846137647102,3244.798389544686
4548,454.8000000000349,42.511409610766705,35.12754583869641,7.383863772070304,3244.699490625522,25.685973309351198,116.92679199999998,116.92679200000002,11.274674744198006,0.1,7.389343827074576,3245.7033648522356,35.12,25.76541041475679,3247.8484990892853,4.194178578254551,2.3090492953622386,4.195800000000006,2.287000000000001,77.0152546607171,39.729868960703904,25.785181139980846,0.5158701238570178,0.6490124889534497,11.263572517535012,42.509343827074574,35.08518100538819,4.1947748755435965,2.2859622871773655,25.644128437818086,3244.7780335267707
4549,454.90000000003494,42.511409610766705,35.12754583869641,7.383863772070304,3244.699490625522,25.685973309351198,116.92679199999998,116.92679200000002,11.274674744198006,0.1,7.400251625874809,3245.7033648522356,35.12,25.76541041475679,3247.8484990892853,4.194178578254551,2.3090492953622386,4.195800000000006,2.287000000000001,77.0152546607171,39.729868960703904,25.785181139980846,0.5158701238570178,0.6490124889534497,11.246174101018863,42.520251625874806,35.143562846532014,4.196068951372863,2.2855270617586525,25.613160074991093,3244.7146895477586
4550,455.00000000003496,42.511409610766705,35.12754583869641,7.383863772070304,3244.699490625522,25.685973309351198,116.92679199999998,116.92679200000002,11.274674744198006,0.1,7.409603520022557,3245.7033648522356,35.12,25.76541041475679,3247.8484990892853,4.196937713855031,2.3089180385825605,4.195800000000006,2.287000000000001,77.0152546607171,39.729868960703904,25.785181139980846,0.5158701238570178,0.6490124889534497,11.2535917904423,42.529603520022555,35.153972425403204,4.195689180772942,2.287752756881193,25.789710585858206,3244.852845288146
4551,455.100000000035,42.511409610766705,35.12754583869641,7.383863772070304,3244.699490625522,25.685973309351198,116.92679199999998,116.92679200000002,11.274674744198006,0.1,7.370199069085416,3245.7033648522356,35.12,25.76541041475679,3247.8484990892853,4.196937713855031,2.3089180385825605,4.195800000000006,2.287000000000001,77.0152546607171,39.729868960703904,25.785181139980846,0.5158701238570178,0.6490124889534497,11.217942872150708,42.49019906908541,35.132335854416155,4.19501565338502,2.285991375665882,25.845948808643158,3244.7091778363224
4552,455.200000000035,42.511409610766705,35.12754583869641,7.383863772070304,3244.699490625522,25.685973309351198,116.92679199999998,116.92679200000002,11.274674744198006,0.1,7.384953945791523,3245.7033648522356,35.12,25.719770976356337,3246.156931178612,4.196937713855031,2.3089180385825605,4.195800000000006,2.287000000000001,77.0152546607171,39.729868960703904,25.785181139980846,0.5158701238570178,0.6490124889534497,11.22095099177738,42.50495394579152,35.10366483028828,4.195938978136883,2.2886836893336064,25.8441757448124,3244.675852772587
4553,455.300000000035,42.511409610766705,35.12754583869641,7.383863772070304,3244.699490625522,25.685973309351198,116.92679199999998,116.92679200000002,11.274674744198006,0.1,7.351453570542617,3245.7033648522356,35.12,25.719770976356337,3246.156931178612,4.196937713855031,2.3089180385825605,4.195800000000006,2.287000000000001,77.0152546607171,39.729868960703904,25.785181139980846,0.5158701238570178,0.6490124889534497,11.314603355414791,42.471453570542614,35.13271891358495,4.196954935582227,2.288035239200331,25.667129107072093,3244.954606915573
4554,455.40000000003505,42.511409610766705,35.12754583869641,7.383863772070304,3244.699490625522,25.685973309351198,116.92679199999998,116.92679200000002,11.274674744198006,0.1,7.4247766875984595,3245.7033648522356,35.12,25.719770976356337,3246.156931178612,4.196937713855031,2.3089180385825605,4.195800000000006,2.287000000000001,77.0152546607171,39.729868960703904,25.785181139980846,0.5158701238570178,0.6490124889534497,11.328591243837993,42.54477668759846,35.1153145065574,4.195467428248704,2.2867827756373993,25.697636574831296,3244.7096397309765
4555,455.5000000000351,42.511409610766705,35.12754583869641,7.383863772070304,3244.699490625522,25.685973309351198,116.92679199999998,116.92679200000002,11.274674744198006,0.1,7.339067453626356,3245.7033648522356,35.12,25.719770976356337,3246.156931178612,4.195367482708281,2.3087222648143637,4.195800000000006,2.287000000000001,77.0152546607171,39.729868960703904,25.785181139980846,0.5158701238570178,0.6490124889534497,11.326383048316034,42.45906745362635,35.10879864116572,4.193282414268755,2.2856400647912523,25.55732242172741,3244.6791097830865
4556,455.6000000000351,42.511409610766705,35.12754583869641,7.383863772070304,3244.699490625522,25.685973309351198,116.92679199999998,116.92679200000002,11.274674744198006,0.1,7.3615121596934046,3245.7033648522356,35.12,25.719770976356337,3246.156931178612,4.195367482708281,2.3087222648143637,4.195800000000006,2.287000000000001,77.0152546607171,39.729868960703904,25.785181139980846,0.5158701238570178,0.6490124889534497,11.400936799630365,42.4815121596934,35.080535568158055,4.195514949853286,2.2872214304811185,25.686278306250333,3244.655274912425
4557,455.7000000000351,42.511409610766705,35.12754583869641,7.383863772070304,3244.699490625522,25.685973309351198,116.92679199999998,116.92679200000002,11.274674744198006,0.1,7.331549587381268,3245.7033648522356,35.12,25.76081830688045,3247.9273360660127,4.195367482708281,2.3087222648143637,4.195800000000006,2.287000000000001,77.0152546607171,39.729868960703904,25.785181139980846,0.5158701238570178,0.6490124889534497,11.335318373017692,42.451549587381265,35.159342702548344,4.197562242893443,2.2862563015149946,25.57187546914155,3244.752749462093
4558,455.80000000003514,42.511409610766705,35.12754583869641,7.383863772070304,3244.699490625522,25.685973309351198,116.92679199999998,116.92679200000002,11.274674744198006,0.1,7.408891884311053,3245.7033648522356,35.12,25.76081830688045,3247.9273360660127,4.195367482708281,2.3087222648143637,4.195800000000006,2.287000000000001,77.0152546607171,39.729868960703904,25.785181139980846,0.5158701238570178,0.6490124889534497,11.320782520222782,42.52889188431105,35.1205616194691,4.195735930699027,2.2870261905294913,25.68065259751968,3244.729280341522
4559,455.90000000003516,42.511409610766705,35.12754583869641,7.383863772070304,3244.699490625522,25.685973309351198,116.92679199999998,116.92679200000002,11.274674744198006,0.1,7.4048649212299225,3245.7033648522356,35.12,25.76081830688045,3247.9273360660127,4.195367482708281,2.3087222648143637,4.195800000000006,2.287000000000001,77.0152546607171,39.729868960703904,25.785181139980846,0.5158701238570178,0.6490124889534497,11.295728704760307,42.52486492122992,35.14149431669003,4.194478135399032,2.2869727919766336,25.7179628820732,3244.6984104741064
4560,456.0000000000352,42.511409610766705,35.12754583869641,7.383863772070304,3244.699490625522,25.685973309351198,116.92679199999998,116.92679200000002,11.274674744198006,0.1,7.364605328474838,3245.7033648522356,35.12,25.76081830688045,3247.9273360660127,4.1963019507542265,2.3086310885609618,4.195800000000006,2.287000000000001,77.0152546607171,39.729868960703904,25.785181139980846,0.5158701238570178,0.6490124889534497,11.300027592729236,42.484605328474835,35.119006684582494,4.195299884828956,2.2866061348147975,25.67906179683017,3244.8575453141066
4561,456.1000000000352,42.511409610766705,35.12754583869641,7.383863772070304,3244.699490625522,25.685973309351198,116.92679199999998,116.92679200000002,11.274674744198006,0.1,7.401859169337399,3245.7033648522356,35.12,25.76081830688045,3247.9273360660127,4.1963019507542265,2.3086310885609618,4.195800000000006,2.287000000000001,77.0152546607171,39.729868960703904,25.785181139980846,0.5158701238570178,0.6490124889534497,11.272733309484778,42.5218591693374,35.15310468989943,4.197196044633124,2.286362209969037,25.58865226279921,3244.673459356145
4562,456.20000000003523,42.511409610766705,35.12754583869641,7.383863772070304,3244.699490625522,25.685973309351198,116.92679199999998,116.92679200000002,11.274674744198006,0.1,7.366521480132391,3245.7033648522356,35.12,25.745219951798877,3248.240747741385,4.1963019507542265,2.3086310885609618,4.195800000000006,2.287000000000001,77.0152546607171,39.729868960703904,25.785181139980846,0.5158701238570178,0.6490124889534497,11.298031349778977,42.48652148013239,35.08194196384783,4.195970990829897,2.2870883170684713,25.634450007405125,3244.694338304179
4563,456.30000000003525,42.511409610766705,35.12754583869641,7.383863772070304,3244.699490625522,25.685973309351198,116.92679199999998,116.92679200000002,11.274674744198006,0.1,7.37503545154042,3245.7033648522356,35.12,25.745219951798877,3248.240747741385,4.1963019507542265,2.3086310885609618,4.195800000000006,2.287000000000001,77.0152546607171,39.729868960703904,25.785181139980846,0.5158701238570178,0.6490124889534497,11.267904671612918,42.49503545154042,35.13729349921289,4.194577359055471,2.2878858963938824,25.833920975218664,3244.6207611695286
4564,456.4000000000353,42.511409610766705,35.12754583869641,7.383863772070304,3244.699490625522,25.685973309351198,116.92679199999998,116.92679200000002,11.274674744198006,0.1,7.329187950357671,3245.7033648522356,35.12,25.745219951798877,3248.240747741385,4.1963019507542265,2.3086310885609618,4.195800000000006,2.287000000000001,77.0152546607171,39.729868960703904,25.785181139980846,0.5158701238570178,0.6490124889534497,11.22529050988671,42.44918795035767,35.106493204709075,4.194449695959764,2.287926053823625,25.725268955218446,3244.672209857321
4565,456.5000000000353,42.511409610766705,35.12754583869641,7.383863772070304,3244.699490625522,25.685973309351198,116.92679199999998,116.92679200000002,11.274674744198006,0.1,7.416215746972469,3245.7033648522356,35.12,25.745219951798877,3248.240747741385,4.195509975182208,2.308400127296557,4.195800000000006,2.287000000000001,77.0152546607171,39.729868960703904,25.785181139980846,0.5158701238570178,0.6490124889534497,11.277669851065223,42.536215746972466,35.10688707058967,4.194774112863077,2.2866329457307955,25.598955560230618,3244.6120727183256
4566,456.6000000000353,42.511409610766705,35.12754583869641,7.383863772070304,3244.699490625522,25.685973309351198,116.92679199999998,116.92679200000002,11.274674744198006,0.1,7.390657244751317,3245.7033648522356,35.12,25.745219951798877,3248.240747741385,4.195509975182208,2.308400127296557,4.195800000000006,2.287000000000001,77.0152546607171,39.729868960703904,25.785181139980846,0.5158701238570178,0.6490124889534497,11.295499825547967,42.510657244751314,35.108155741530425,4.195941760373074,2.2876714230433195,25.643528382131237,3244.743031048195
4567,456.70000000003535,42.511409610766705,35.12754583869641,7.383863772070304,3244.699490625522,25.685973309351198,116.92679199999998,116.92679200000002,11.274674744198006,0.1,7.4405299527102144,3245.7033648522356,35.12,25.71415353370776,3246.9749958215652,4.195509975182208,2.308400127296557,4.195800000000006,2.287000000000001,77.0152546607171,39.729868960703904,25.785181139980846,0.5158701238570178,0.6490124889534497,11.2427320330223,42.56052995271021,35.20062323114496,4.195605116224498,2.2892616715408436,25.762143627870188,3244.678895294495
4568,456.80000000003537,42.511409610766705,35.12754583869641,7.383863772070304,3244.699490625522,25.685973309351198,116.92679199999998,116.92679200000002,11.274674744198006,0.1,7.36620345115675,3245.7033648522356,35.12,25.71415353370776,3246.9749958215652,4.195509975182208,2.308400127296557,4.195800000000006,2.287000000000001,77.0152546607171,39.729868960703904,25.785181139980846,0.5158701238570178,0.6490124889534497,11.329472846719153,42.48620345115675,35.16305526854415,4.195450249301959,2.286409124830932,25.745421439438424,3244.5747690502913
4569,456.9000000000354,42.511409610766705,35.12754583869641,7.383863772070304,3244.699490625522,25.685973309351198,116.92679199999998,116.92679200000002,11.274674744198006,0.1,7.347563484033422,3245.7033648522356,35.12,25.71415353370776,3246.9749958215652,4.195509975182208,2.308400127296557,4.195800000000006,2.287000000000001,77.0152546607171,39.729868960703904,25.785181139980846,0.5158701238570178,0.6490124889534497,11.305026401655828,42.46756348403342,35.15632511819971,4.1949714487624075,2.2877103201470548,25.59805325815013,3244.7160115433953
4570,457.0000000000354,42.511409610766705,35.12754583869641,7.383863772070304,3244.699490625522,25.685973309351198,116.92679199999998,116.92679200000002,11.274674744198006,0.1,7.421834067665877,3245.7033648522356,35.12,25.71415353370776,3246.9749958215652,4.200322752647003,2.308222453556933,4.195800000000006,2.287000000000001,77.0152546607171,39.729868960703904,25.785181139980846,0.5158701238570178,0.6490124889534497,11.297652561393011,42.541834067665874,35.11957681333179,4.195488588402122,2.288651341965687,25.636217491664087,3244.5456715018718
4571,457.10000000003544,42.511409610766705,35.12754583869641,7.383863772070304,3244.699490625522,25.685973309351198,116.92679199999998,116.92679200000002,11.274674744198006,0.1,7.394187773243139,3245.7033648522356,35.12,25.71415353370776,3246.9749958215652,4.200322752647003,2.308222453556933,4.195800000000006,2.287000000000001,77.0152546607171,39.729868960703904,25.785181139980846,0.5158701238570178,0.6490124889534497,11.352251783760416,42.51418777324314,35.121276747747146,4.195865687178001,2.2881878313218733,26.07209108317373,3244.7779151750556
4572,457.20000000003546,42.511409610766705,35.12754583869641,7.383863772070304,3244.699490625522,25.685973309351198,116.92679199999998,116.92679200000002,11.274674744198006,0.1,7.410857259368228,3245.7033648522356,35.12,25.735108637582186,3246.1674744972843,4.200322752647003,2.308222453556933,4.195800000000006,2.287000000000001,77.0152546607171,39.729868960703904,25.785181139980846,0.5158701238570178,0.6490124889534497,11.283431470687633,42.530857259368226,35.15441375490188,4.196450477788815,2.2853418355875195,25.65892846539647,3244.693397318526
4573,457.3000000000355,42.511409610766705,35.12754583869641,7.383863772070304,3244.699490625522,25.685973309351198,116.92679199999998,116.92679200000002,11.274674744198006,0.1,7.405336044505326,3245.7033648522356,35.12,25.735108637582186,3246.1674744972843,4.200322752647003,2.308222453556933,4.195800000000006,2.287000000000001,77.0152546607171,39.729868960703904,25.785181139980846,0.5158701238570178,0.6490124889534497,11.246106706437882,42.52533604450532,35.13064101287024,4.196432108234225,2.2864035353981955,25.634199867086547,3244.5844302437677
4574,457.4000000000355,42.511409610766705,35.12754583869641,7.383863772070304,3244.699490625522,25.685973309351198,116.92679199999998,116.92679200000002,11.274674744198006,0.1,7.38363542415518,3245.7033648522356,35.12,25.735108637582186,3246.1674744972843,4.200322752647003,2.308222453556933,4.195800000000006,2.287000000000001,77.0152546607171,39.729868960703904,25.785181139980846,0.5158701238570178,0.6490124889534497,11.294109258556915,42.50363542415518,35.12551014477453,4.19694492321748,2.286128042265665,25.65296383356564,3244.7309460955594
4575,457.5000000000355,42.511409610766705,35.12754583869641,7.383863772070304,3244.699490625522,25.685973309351198,116.92679199999998,116.92679200000002,11.274674744198006,0.1,7.404928563012291,3245.7033648522356,35.12,25.735108637582186,3246.1674744972843,4.199420854647742,2.308117875645891,4.195800000000006,2.287000000000001,77.0152546607171,39.729868960703904,25.785181139980846,0.5158701238570178,0.6490124889534497,11.320166950805039,42.52492856301229,35.07883594319798,4.194978450292537,2.2867665928329273,25.60569920396089,3244.700083643539
4576,457.60000000003555,42.511409610766705,35.12754583869641,7.383863772070304,3244.699490625522,25.685973309351198,116.92679199999998,116.92679200000002,11.274674744198006,0.1,7.357875895331169,3245.7033648522356,35.12,25.735108637582186,3246.1674744972843,4.199420854647742,2.308117875645891,4.195800000000006,2.287000000000001,77.0152546607171,39.729868960703904,25.785181139980846,0.5158701238570178,0.6490124889534497,11.345270269003649,42.47787589533117,35.062300495510584,4.196405727349523,2.290032961722398,25.371093061922753,3244.722142979519
4577,457.7000000000356,42.511409610766705,35.12754583869641,7.383863772070304,3244.699490625522,25.685973309351198,116.92679199999998,116.92679200000002,11.274674744198006,0.1,7.409334631512827,3245.7033648522356,35.12,25.749719666752213,3246.0588260490895,4.199420854647742,2.308117875645891,4.195800000000006,2.287000000000001,77.0152546607171,39.729868960703904,25.785181139980846,0.5158701238570178,0.6490124889534497,11.299299366377076,42.529334631512825,35.12603035506303,4.1957958723100495,2.2844062516141097,25.45682310829996,3244.548808309208
4578,457.8000000000356,42.511409610766705,35.12754583869641,7.383863772070304,3244.699490625522,25.685973309351198,116.92679199999998,116.92679200000002,11.274674744198006,0.1,7.377448033709456,3245.7033648522356,35.12,25.749719666752213,3246.0588260490895,4.199420854647742,2.308117875645891,4.195800000000006,2.287000000000001,77.0152546607171,39.729868960703904,25.785181139980846,0.5158701238570178,0.6490124889534497,11.301318118829018,42.49744803370945,35.141348633421536,4.19598277536661,2.2841084885989513,25.920471256329694,3244.549069610072
4579,457.9000000000356,42.511409610766705,35.12754583869641,7.383863772070304,3244.699490625522,25.685973309351198,116.92679199999998,116.92679200000002,11.274674744198006,0.1,7.4029829084002685,3245.7033648522356,35.12,25.749719666752213,3246.0588260490895,4.199420854647742,2.308117875645891,4.195800000000006,2.287000000000001,77.0152546607171,39.729868960703904,25.785181139980846,0.5158701238570178,0.6490124889534497,11.249435524653,42.522982908400266,35.111960822593,4.195625333674047,2.286734391651173,25.714831347075428,3244.8371641117415
4580,458.00000000003564,42.511409610766705,35.12754583869641,7.383863772070304,3244.699490625522,25.685973309351198,116.92679199999998,116.92679200000002,11.274674744198006,0.1,7.3201208813436764,3245.7033648522356,35.12,25.749719666752213,3246.0588260490895,4.199653385942205,2.30802244241454,4.195800000000006,2.287000000000001,77.0152546607171,39.729868960703904,25.785181139980846,0.5158701238570178,0.6490124889534497,11.348654630327387,42.440120881343674,35.12247333987929,4.196323523055602,2.287648887840125,25.686985749924318,3244.87994254312
4581,458.10000000003566,42.511409610766705,35.12754583869641,7.383863772070304,3244.699490625522,25.685973309351198,116.92679199999998,116.92679200000002,11.274674744198006,0.1,7.377123179061165,3245.7033648522356,35.12,25.749719666752213,3246.0588260490895,4.199653385942205,2.30802244241454,4.195800000000006,2.287000000000001,77.0152546607171,39.729868960703904,25.785181139980846,0.5158701238570178,0.6490124889534497,11.318581885959155,42.49712317906116,35.14776379030063,4.1954749297742815,2.2876844818988493,25.642922649786517,3244.7504808227077
4582,458.2000000000357,42.511409610766705,35.12754583869641,7.383863772070304,3244.699490625522,25.685973309351198,116.92679199999998,116.92679200000002,11.274674744198006,0.1,7.350012486764342,3245.7033648522356,35.12,25.695627113505058,3244.258566498984,4.199653385942205,2.30802244241454,4.195800000000006,2.287000000000001,77.0152546607171,39.729868960703904,25.785181139980846,0.5158701238570178,0.6490124889534497,11.22742258248004,42.47001248676434,35.18994508874054,4.195008785794664,2.2874020597263938,25.661347332900544,3244.797939268504
4583,458.3000000000357,42.511409610766705,35.12754583869641,7.383863772070304,3244.699490625522,25.685973309351198,116.92679199999998,116.92679200000002,11.274674744198006,0.1,7.384008385285576,3245.7033648522356,35.12,25.695627113505058,3244.258566498984,4.199653385942205,2.30802244241454,4.195800000000006,2.287000000000001,77.0152546607171,39.729868960703904,25.785181139980846,0.5158701238570178,0.6490124889534497,11.192740873988305,42.50400838528557,35.14756705572293,4.196283673649368,2.2864024353744585,25.757828901228525,3244.684637785717
4584,458.40000000003573,42.511409610766705,35.12754583869641,7.383863772070304,3244.699490625522,25.685973309351198,116.92679199999998,116.92679200000002,11.274674744198006,0.1,7.370741280348604,3245.7033648522356,35.12,25.695627113505058,3244.258566498984,4.199653385942205,2.30802244241454,4.195800000000006,2.287000000000001,77.0152546607171,39.729868960703904,25.785181139980846,0.5158701238570178,0.6490124889534497,11.360129909384566,42.4907412803486,35.10460439844056,4.1952951747190825,2.2866788296776797,25.941271419649674,3244.660085037344
4585,458.50000000003575,42.511409610766705,35.12754583869641,7.383863772070304,3244.699490625522,25.685973309351198,116.92679199999998,116.92679200000002,11.274674744198006,0.1,7.430736910298023,3245.7033648522356,35.12,25.695627113505058,3244.258566498984,4.199515405733535,2.307841160875529,4.195800000000006,2.287000000000001,77.0152546607171,39.729868960703904,25.785181139980846,0.5158701238570178,0.6490124889534497,11.268400791271635,42.55073691029802,35.06399683319282,4.194740183137577,2.289073656654645,25.67183285740346,3244.761853528281
4586,458.6000000000358,42.511409610766705,35.12754583869641,7.383863772070304,3244.699490625522,25.685973309351198,116.92679199999998,116.92679200000002,11.274674744198006,0.1,7.399286739982507,3245.7033648522356,35.12,25.695627113505058,3244.258566498984,4.199515405733535,2.307841160875529,4.195800000000006,2.287000000000001,77.0152546607171,39.729868960703904,25.785181139980846,0.5158701238570178,0.6490124889534497,11.261561925031687,42.519286739982505,35.10752043245664,4.197424426971922,2.2869493819915045,25.60362277930077,3244.5140278810786
4587,458.7000000000358,42.511409610766705,35.12754583869641,7.383863772070304,3244.699490625522,25.685973309351198,116.92679199999998,116.92679200000002,11.274674744198006,0.1,7.349424359009646,3245.7033648522356,35.12,25.770002024528683,3237.3784600485205,4.199515405733535,2.307841160875529,4.195800000000006,2.287000000000001,77.0152546607171,39.729868960703904,25.785181139980846,0.5158701238570178,0.6490124889534497,11.229101305071605,42.46942435900964,35.124498312963546,4.195119694686424,2.2883366072670817,25.722475480348283,3244.698951329116
4588,458.8000000000358,42.511409610766705,35.12754583869641,7.383863772070304,3244.699490625522,25.685973309351198,116.92679199999998,116.92679200000002,11.274674744198006,0.1,7.357069536208911,3245.7033648522356,35.12,25.770002024528683,3237.3784600485205,4.199515405733535,2.307841160875529,4.195800000000006,2.287000000000001,77.0152546607171,39.729868960703904,25.785181139980846,0.5158701238570178,0.6490124889534497,11.277403307908013,42.47706953620891,35.08585290513871,4.194941181155464,2.2889716149996273,25.564656451898056,3244.593503654199
4589,458.90000000003585,42.511409610766705,35.12754583869641,7.383863772070304,3244.699490625522,25.685973309351198,116.92679199999998,116.92679200000002,11.274674744198006,0.1,7.405781847901125,3245.7033648522356,35.12,25.770002024528683,3237.3784600485205,4.199515405733535,2.307841160875529,4.195800000000006,2.287000000000001,77.0152546607171,39.729868960703904,25.785181139980846,0.5158701238570178,0.6490124889534497,11.273193033217657,42.52578184790112,35.15808057699667,4.195887974273671,2.2866241248230574,25.715247348798556,3244.6983184197925
4590,459.00000000003587,42.511409610766705,35.12754583869641,7.383863772070304,3244.699490625522,25.685973309351198,116.92679199999998,116.92679200000002,11.274674744198006,0.1,7.397799439781892,3245.7033648522356,35.12,25.770002024528683,3237.3784600485205,4.20417436291866,2.307706864840938,4.195800000000006,2.287000000000001,77.0152546607171,39.729868960703904,25.785181139980846,0.5158701238570178,0.6490124889534497,11.21705396750574,42.51779943978189,35.17167158923738,4.195294984449032,2.2878235664221087,25.819321309415443,3244.832183979402
4591,459.1000000000359,42.511409610766705,35.12754583869641,7.383863772070304,3244.699490625522,25.685973309351198,116.92679199999998,116.92679200000002,11.274674744198006,0.1,7.3862838080813304,3245.7033648522356,35.12,25.770002024528683,3237.3784600485205,4.20417436291866,2.307706864840938,4.195800000000006,2.287000000000001,77.0152546607171,39.729868960703904,25.785181139980846,0.5158701238570178,0.6490124889534497,11.34643809945473,42.50628380808133,35.08212007810339,4.198398590247251,2.286691739505292,25.410490870125983,3244.5641867948325
4592,459.2000000000359,42.511409610766705,35.12754583869641,7.383863772070304,3244.699490625522,25.685973309351198,116.92679199999998,116.92679200000002,11.274674744198006,0.1,7.403388656953986,3245.7033648522356,35.12,25.763269056224814,3240.249722211839,4.20417436291866,2.307706864840938,4.195800000000006,2.287000000000001,77.0152546607171,39.729868960703904,25.785181139980846,0.5158701238570178,0.6490124889534497,11.279120311902728,42.52338865695398,35.143916640727326,4.19572130048434,2.286974899046331,25.670314527843505,3244.5709828925915
4593,459.30000000003594,42.511409610766705,35.12754583869641,7.383863772070304,3244.699490625522,25.685973309351198,116.92679199999998,116.92679200000002,11.274674744198006,0.1,7.391102446794413,3245.7033648522356,35.12,25.763269056224814,3240.249722211839,4.20417436291866,2.307706864840938,4.195800000000006,2.287000000000001,77.0152546607171,39.729868960703904,25.785181139980846,0.5158701238570178,0.6490124889534497,11.2950063963469,42.51110244679441,35.133059812375386,4.195782759931601,2.28708384821673,25.83554519341317,3244.6135787028647
4594,459.40000000003596,42.511409610766705,35.12754583869641,7.383863772070304,3244.699490625522,25.685973309351198,116.92679199999998,116.92679200000002,11.274674744198006,0.1,7.378656060264284,3245.7033648522356,35.12,25.763269056224814,3240.249722211839,4.20417436291866,2.307706864840938,4.195800000000006,2.287000000000001,77.0152546607171,39.729868960703904,25.785181139980846,0.5158701238570178,0.6490124889534497,11.193395243016793,42.49865606026428,35.111870566298236,4.195688112453953,2.2898361564300758,25.78776031406717,3244.7656033929
4595,459.500000000036,42.511409610766705,35.12754583869641,7.383863772070304,3244.699490625522,25.685973309351198,116.92679199999998,116.92679200000002,11.274674744198006,0.1,7.384574196481893,3245.7033648522356,35.12,25.763269056224814,3240.249722211839,4.20065377039008,2.307578112441611,4.195800000000006,2.287000000000001,77.0152546607171,39.729868960703904,25.785181139980846,0.5158701238570178,0.6490124889534497,11.288241645264389,42.50457419648189,35.09167570372351,4.19657523800628,2.2863204122179535,25.871688883019164,3244.912051420706
4596,459.600000000036,42.511409610766705,35.12754583869641,7.383863772070304,3244.699490625522,25.685973309351198,116.92679199999998,116.92679200000002,11.274674744198006,0.1,7.383734662006063,3245.7033648522356,35.12,25.763269056224814,3240.249722211839,4.20065377039008,2.307578112441611,4.195800000000006,2.287000000000001,77.0152546607171,39.729868960703904,25.785181139980846,0.5158701238570178,0.6490124889534497,11.216049429758808,42.50373466200606,35.144624486245505,4.19391374241146,2.2868480504343216,25.763353255402833,3244.6846833665923
4597,459.700000000036,42.511409610766705,35.12754583869641,7.383863772070304,3244.699490625522,25.685973309351198,116.92679199999998,116.92679200000002,11.274674744198006,0.1,7.422370341895785,3245.7033648522356,35.12,25.71674869822161,3240.5617035346477,4.20065377039008,2.307578112441611,4.195800000000006,2.287000000000001,77.0152546607171,39.729868960703904,25.785181139980846,0.5158701238570178,0.6490124889534497,11.237052810363569,42.54237034189578,35.09931810470484,4.196255911046035,2.286381784738561,25.78686638568227,3244.673516627518
4598,459.80000000003605,42.511409610766705,35.12754583869641,7.383863772070304,3244.699490625522,25.685973309351198,116.92679199999998,116.92679200000002,11.274674744198006,0.1,7.40160631597324,3245.7033648522356,35.12,25.71674869822161,3240.5617035346477,4.20065377039008,2.307578112441611,4.195800000000006,2.287000000000001,77.0152546607171,39.729868960703904,25.785181139980846,0.5158701238570178,0.6490124889534497,11.28150977529179,42.52160631597324,35.10083004160073,4.196715664356604,2.286292690036429,25.66980764044655,3244.674563080675
4599,459.9000000000361,42.511409610766705,35.12754583869641,7.383863772070304,3244.699490625522,25.685973309351198,116.92679199999998,116.92679200000002,11.274674744198006,0.1,7.391901288862222,3245.7033648522356,35.12,25.71674869822161,3240.5617035346477,4.20065377039008,2.307578112441611,4.195800000000006,2.287000000000001,77.0152546607171,39.729868960703904,25.785181139980846,0.5158701238570178,0.6490124889534497,11.36801664919082,42.51190128886222,35.12366671854577,4.195196430519727,2.2865718259820667,25.620423152845767,3244.5801663803104
4600,460.0000000000361,42.511409610766705,35.12754583869641,7.383863772070304,3244.699490625522,25.685973309351198,116.92679199999998,116.92679200000002,11.274674744198006,0.1,7.410155159197565,3245.7033648522356,35.12,25.71674869822161,3240.5617035346477,4.202727612289639,2.307379300180378,4.195800000000006,2.287000000000001,77.0152546607171,39.729868960703904,25.785181139980846,0.5158701238570178,0.6490124889534497,11.20166802162342,42.53015515919756,35.14618220797265,4.197006840629757,2.2892932424277017,25.700295980421643,3244.763393967155
4601,460.1000000000361,42.511409610766705,35.12754583869641,7.383863772070304,3244.699490625522,25.685973309351198,116.92679199999998,116.92679200000002,11.274674744198006,0.1,7.404335759413428,3245.7033648522356,35.12,25.71674869822161,3240.5617035346477,4.202727612289639,2.307379300180378,4.195800000000006,2.287000000000001,77.0152546607171,39.729868960703904,25.785181139980846,0.5158701238570178,0.6490124889534497,11.21885022746737,42.524335759413425,35.19348788105898,4.196096041814064,2.2867527264053664,25.798210454232077,3244.6982276669237
4602,460.20000000003614,42.511409610766705,35.12754583869641,7.383863772070304,3244.699490625522,25.685973309351198,116.92679199999998,116.92679200000002,11.274674744198006,0.1,7.338752930877263,3245.7033648522356,35.12,25.72181703634041,3241.1591910527172,4.202727612289639,2.307379300180378,4.195800000000006,2.287000000000001,77.0152546607171,39.729868960703904,25.785181139980846,0.5158701238570178,0.6490124889534497,11.25071330306327,42.45875293087726,35.140664477286606,4.196947557680663,2.28684363037359,25.524591407227533,3244.6127891528176
4603,460.30000000003616,42.511409610766705,35.12754583869641,7.383863772070304,3244.699490625522,25.685973309351198,116.92679199999998,116.92679200000002,11.274674744198006,0.1,7.374562937417501,3245.7033648522356,35.12,25.72181703634041,3241.1591910527172,4.202727612289639,2.307379300180378,4.195800000000006,2.287000000000001,77.0152546607171,39.729868960703904,25.785181139980846,0.5158701238570178,0.6490124889534497,11.239484398217783,42.4945629374175,35.119031189631926,4.194860171953443,2.286287104477473,25.508626810711,3244.6286533472576
4604,460.4000000000362,42.511409610766705,35.12754583869641,7.383863772070304,3244.699490625522,25.685973309351198,116.92679199999998,116.92679200000002,11.274674744198006,0.1,7.313882262486246,3245.7033648522356,35.12,25.72181703634041,3241.1591910527172,4.202727612289639,2.307379300180378,4.195800000000006,2.287000000000001,77.0152546607171,39.729868960703904,25.785181139980846,0.5158701238570178,0.6490124889534497,11.289543203755548,42.43388226248624,35.145087765875516,4.195438225053443,2.286855489900705,25.805590770874478,3244.8508277297333
4605,460.5000000000362,42.511409610766705,35.12754583869641,7.383863772070304,3244.699490625522,25.685973309351198,116.92679199999998,116.92679200000002,11.274674744198006,0.1,7.357113588031183,3245.7033648522356,35.12,25.72181703634041,3241.1591910527172,4.2097905108848135,2.3071773233132795,4.195800000000006,2.287000000000001,77.0152546607171,39.729868960703904,25.785181139980846,0.5158701238570178,0.6490124889534497,11.181972588479043,42.47711358803118,35.191670423646045,4.195009519622695,2.2871851632017575,25.435115655683656,3244.602518527216
4606,460.60000000003623,42.511409610766705,35.12754583869641,7.383863772070304,3244.699490625522,25.685973309351198,116.92679199999998,116.92679200000002,11.274674744198006,0.1,7.328205970915313,3245.7033648522356,35.12,25.72181703634041,3241.1591910527172,4.2097905108848135,2.3071773233132795,4.195800000000006,2.287000000000001,77.0152546607171,39.729868960703904,25.785181139980846,0.5158701238570178,0.6490124889534497,11.209633710862851,42.44820597091531,35.108135139331075,4.193901222104968,2.289285612429791,25.646107809772317,3244.675447213132
4607,460.70000000003625,42.511409610766705,35.12754583869641,7.383863772070304,3244.699490625522,25.685973309351198,116.92679199999998,116.92679200000002,11.274674744198006,0.1,7.397929981163891,3245.7033648522356,35.12,25.73095752095298,3241.226013022219,4.2097905108848135,2.3071773233132795,4.195800000000006,2.287000000000001,77.0152546607171,39.729868960703904,25.785181139980846,0.5158701238570178,0.6490124889534497,11.261779882493228,42.51792998116389,35.14714824122196,4.195547544012833,2.286773632239952,25.53475742241804,3244.641858986539
4608,460.8000000000363,42.511409610766705,35.12754583869641,7.383863772070304,3244.699490625522,25.685973309351198,116.92679199999998,116.92679200000002,11.274674744198006,0.1,7.428152271061215,3245.7033648522356,35.12,25.73095752095298,3241.226013022219,4.2097905108848135,2.3071773233132795,4.195800000000006,2.287000000000001,77.0152546607171,39.729868960703904,25.785181139980846,0.5158701238570178,0.6490124889534497,11.224347324292207,42.54815227106121,35.12370156065039,4.194225780196676,2.286435077728409,25.670548727937938,3244.5421935075433
4609,460.9000000000363,42.511409610766705,35.12754583869641,7.383863772070304,3244.699490625522,25.685973309351198,116.92679199999998,116.92679200000002,11.274674744198006,0.1,7.365292808005762,3245.7033648522356,35.12,25.73095752095298,3241.226013022219,4.2097905108848135,2.3071773233132795,4.195800000000006,2.287000000000001,77.0152546607171,39.729868960703904,25.785181139980846,0.5158701238570178,0.6490124889534497,11.282597062668133,42.48529280800576,35.10179766672299,4.1947725238985045,2.2843637060742346,25.44912393037705,3244.8378887589124
4610,461.0000000000363,42.511409610766705,35.12754583869641,7.383863772070304,3244.699490625522,25.685973309351198,116.92679199999998,116.92679200000002,11.274674744198006,0.1,7.412339799728699,3245.7033648522356,35.12,25.73095752095298,3241.226013022219,4.207711139127376,2.307022630839322,4.195800000000006,2.287000000000001,77.0152546607171,39.729868960703904,25.785181139980846,0.5158701238570178,0.6490124889534497,11.29575424648134,42.532339799728696,35.12078771190253,4.196485876636979,2.2865490112662643,25.538656235877205,3244.608018660785
4611,461.10000000003635,42.511409610766705,35.12754583869641,7.383863772070304,3244.699490625522,25.685973309351198,116.92679199999998,116.92679200000002,11.274674744198006,0.1,7.361784310324872,3245.7033648522356,35.12,25.73095752095298,3241.226013022219,4.207711139127376,2.307022630839322,4.195800000000006,2.287000000000001,77.0152546607171,39.729868960703904,25.785181139980846,0.5158701238570178,0.6490124889534497,11.359207459351795,42.48178431032487,35.157067016486046,4.196553200203022,2.287445705881379,25.668891605972046,3244.836214786266
4612,461.20000000003637,42.511409610766705,35.12754583869641,7.383863772070304,3244.699490625522,25.685973309351198,116.92679199999998,116.92679200000002,11.274674744198006,0.1,7.397286995317117,3245.7033648522356,35.12,25.77793375484334,3243.121540545515,4.207711139127376,2.307022630839322,4.195800000000006,2.287000000000001,77.0152546607171,39.729868960703904,25.785181139980846,0.5158701238570178,0.6490124889534497,11.308018265489201,42.517286995317114,35.07792960980756,4.19471739011445,2.287199910216545,25.73737770774679,3244.73176660461
4613,461.3000000000364,42.511409610766705,35.12754583869641,7.383863772070304,3244.699490625522,25.685973309351198,116.92679199999998,116.92679200000002,11.274674744198006,0.1,7.384638863096669,3245.7033648522356,35.12,25.77793375484334,3243.121540545515,4.207711139127376,2.307022630839322,4.195800000000006,2.287000000000001,77.0152546607171,39.729868960703904,25.785181139980846,0.5158701238570178,0.6490124889534497,11.260960198520772,42.504638863096666,35.09031865000274,4.195774315581283,2.2868551246285267,25.679143967599234,3244.6945259315908
4614,461.4000000000364,42.511409610766705,35.12754583869641,7.383863772070304,3244.699490625522,25.685973309351198,116.92679199999998,116.92679200000002,11.274674744198006,0.1,7.410226759579373,3245.7033648522356,35.12,25.77793375484334,3243.121540545515,4.207711139127376,2.307022630839322,4.195800000000006,2.287000000000001,77.0152546607171,39.729868960703904,25.785181139980846,0.5158701238570178,0.6490124889534497,11.29092357147382,42.53022675957937,35.16056259357466,4.196440089061228,2.28714838564673,25.742809239577518,3244.6669868029267
4615,461.50000000003644,42.511409610766705,35.12754583869641,7.383863772070304,3244.699490625522,25.685973309351198,116.92679199999998,116.92679200000002,11.274674744198006,0.1,7.400685949546556,3245.7033648522356,35.12,25.77793375484334,3243.121540545515,4.204747796180737,2.3068560520935217,4.195800000000006,2.287000000000001,77.0152546607171,39.729868960703904,25.785181139980846,0.5158701238570178,0.6490124889534497,11.23233518736136,42.520685949546554,35.068065871905105,4.196805378549799,2.290459772368225,25.524349472881752,3244.5558992621477
4616,461.60000000003646,42.511409610766705,35.12754583869641,7.383863772070304,3244.699490625522,25.685973309351198,116.92679199999998,116.92679200000002,11.274674744198006,0.1,7.392570128241758,3245.7033648522356,35.12,25.77793375484334,3243.121540545515,4.204747796180737,2.3068560520935217,4.195800000000006,2.287000000000001,77.0152546607171,39.729868960703904,25.785181139980846,0.5158701238570178,0.6490124889534497,11.265065886047138,42.512570128241755,35.14810985111017,4.196304346621222,2.2855030894160335,25.614649135503328,3244.6448068185327
4617,461.7000000000365,42.511409610766705,35.12754583869641,7.383863772070304,3244.699490625522,25.685973309351198,116.92679199999998,116.92679200000002,11.274674744198006,0.1,7.408973716571815,3245.7033648522356,35.12,25.817811366383058,3246.4520121772416,4.204747796180737,2.3068560520935217,4.195800000000006,2.287000000000001,77.0152546607171,39.729868960703904,25.785181139980846,0.5158701238570178,0.6490124889534497,11.336671866377731,42.52897371657181,35.13487775963222,4.1943048123093645,2.285777514176029,25.774795814348536,3244.8418344908237
4618,461.8000000000365,42.511409610766705,35.12754583869641,7.383863772070304,3244.699490625522,25.685973309351198,116.92679199999998,116.92679200000002,11.274674744198006,0.1,7.388952176988241,3245.7033648522356,35.12,25.817811366383058,3246.4520121772416,4.204747796180737,2.3068560520935217,4.195800000000006,2.287000000000001,77.0152546607171,39.729868960703904,25.785181139980846,0.5158701238570178,0.6490124889534497,11.346490303701229,42.50895217698824,35.137301220779605,4.197365846337651,2.287936098304868,25.772023262522023,3244.542608991351
4619,461.9000000000365,42.511409610766705,35.12754583869641,7.383863772070304,3244.699490625522,25.685973309351198,116.92679199999998,116.92679200000002,11.274674744198006,0.1,7.403609259812157,3245.7033648522356,35.12,25.817811366383058,3246.4520121772416,4.204747796180737,2.3068560520935217,4.195800000000006,2.287000000000001,77.0152546607171,39.729868960703904,25.785181139980846,0.5158701238570178,0.6490124889534497,11.296220329123093,42.523609259812154,35.133017880546966,4.195362125592523,2.2849938512971737,25.577376862772756,3244.667111698423
4620,462.00000000003655,42.511409610766705,35.12754583869641,7.383863772070304,3244.699490625522,25.685973309351198,116.92679199999998,116.92679200000002,11.274674744198006,0.1,7.429716440961805,3245.7033648522356,35.12,25.817811366383058,3246.4520121772416,4.207302045072367,2.3067505805893433,4.195800000000006,2.287000000000001,77.0152546607171,39.729868960703904,25.785181139980846,0.5158701238570178,0.6490124889534497,11.322464505403577,42.5497164409618,35.09995039477856,4.196179130678453,2.286014119184383,25.886811669526598,3244.714885279779
4621,462.1000000000366,42.511409610766705,35.12754583869641,7.383863772070304,3244.699490625522,25.685973309351198,116.92679199999998,116.92679200000002,11.274674744198006,0.1,7.4339902941081135,3245.7033648522356,35.12,25.817811366383058,3246.4520121772416,4.207302045072367,2.3067505805893433,4.195800000000006,2.287000000000001,77.0152546607171,39.729868960703904,25.785181139980846,0.5158701238570178,0.6490124889534497,11.276180284961903,42.55399029410811,35.138823017332456,4.19554391338172,2.2882542607975753,25.668978434902552,3244.73767324615
4622,462.2000000000366,42.511409610766705,35.12754583869641,7.383863772070304,3244.699490625522,25.685973309351198,116.92679199999998,116.92679200000002,11.274674744198006,0.1,7.341993832739696,3245.7033648522356,35.12,25.738729046241417,3244.1182048271326,4.207302045072367,2.3067505805893433,4.195800000000006,2.287000000000001,77.0152546607171,39.729868960703904,25.785181139980846,0.5158701238570178,0.6490124889534497,11.277061102999694,42.461993832739694,35.14717126627513,4.194769718463209,2.2874705330934915,25.709456892297585,3244.5714765080797
4623,462.3000000000366,42.511409610766705,35.12754583869641,7.383863772070304,3244.699490625522,25.685973309351198,116.92679199999998,116.92679200000002,11.274674744198006,0.1,7.360054580625139,3245.7033648522356,35.12,25.738729046241417,3244.1182048271326,4.207302045072367,2.3067505805893433,4.195800000000006,2.287000000000001,77.0152546607171,39.729868960703904,25.785181139980846,0.5158701238570178,0.6490124889534497,11.250270875884729,42.480054580625136,35.134906103484305,4.19575292930204,2.2868633521243753,25.72730499390911,3244.509366630541
4624,462.40000000003664,42.511409610766705,35.12754583869641,7.383863772070304,3244.699490625522,25.685973309351198,116.92679199999998,116.92679200000002,11.274674744198006,0.1,7.410942277456691,3245.7033648522356,35.12,25.738729046241417,3244.1182048271326,4.207302045072367,2.3067505805893433,4.195800000000006,2.287000000000001,77.0152546607171,39.729868960703904,25.785181139980846,0.5158701238570178,0.6490124889534497,11.22798076179409,42.53094227745669,35.10027220507294,4.194917587271961,2.286085568872015,25.493803319937545,3244.7512741725595
4625,462.50000000003666,42.511409610766705,35.12754583869641,7.383863772070304,3244.699490625522,25.685973309351198,116.92679199999998,116.92679200000002,11.274674744198006,0.1,7.371588674242211,3245.7033648522356,35.12,25.738729046241417,3244.1182048271326,4.20870576067499,2.3065787886027556,4.195800000000006,2.287000000000001,77.0152546607171,39.729868960703904,25.785181139980846,0.5158701238570178,0.6490124889534497,11.333299890502932,42.49158867424221,35.112784161350575,4.19548721460397,2.2875590705580127,25.65589365603568,3244.6699533589745
4626,462.6000000000367,42.511409610766705,35.12754583869641,7.383863772070304,3244.699490625522,25.685973309351198,116.92679199999998,116.92679200000002,11.274674744198006,0.1,7.421900290134708,3245.7033648522356,35.12,25.738729046241417,3244.1182048271326,4.20870576067499,2.3065787886027556,4.195800000000006,2.287000000000001,77.0152546607171,39.729868960703904,25.785181139980846,0.5158701238570178,0.6490124889534497,11.266516289827369,42.541900290134706,35.126718600458254,4.195761086948296,2.286360561243789,25.73918352714007,3244.8780339479217
4627,462.7000000000367,42.511409610766705,35.12754583869641,7.383863772070304,3244.699490625522,25.685973309351198,116.92679199999998,116.92679200000002,11.274674744198006,0.1,7.4306999781581595,3245.7033648522356,35.12,25.714799990258275,3246.6290625994466,4.20870576067499,2.3065787886027556,4.195800000000006,2.287000000000001,77.0152546607171,39.729868960703904,25.785181139980846,0.5158701238570178,0.6490124889534497,11.343552173294341,42.55069997815816,35.12677421405527,4.19442557648262,2.2868767561969787,25.616052011419885,3244.719531725365
4628,462.80000000003673,42.511409610766705,35.12754583869641,7.383863772070304,3244.699490625522,25.685973309351198,116.92679199999998,116.92679200000002,11.274674744198006,0.1,7.394865713914321,3245.7033648522356,35.12,25.714799990258275,3246.6290625994466,4.20870576067499,2.3065787886027556,4.195800000000006,2.287000000000001,77.0152546607171,39.729868960703904,25.785181139980846,0.5158701238570178,0.6490124889534497,11.21989387647822,42.51486571391432,35.12015587122725,4.194905655189623,2.285876637466838,25.765917203685014,3244.7400258552657
4629,462.90000000003675,42.511409610766705,35.12754583869641,7.383863772070304,3244.699490625522,25.685973309351198,116.92679199999998,116.92679200000002,11.274674744198006,0.1,7.3863052316516615,3245.7033648522356,35.12,25.714799990258275,3246.6290625994466,4.20870576067499,2.3065787886027556,4.195800000000006,2.287000000000001,77.0152546607171,39.729868960703904,25.785181139980846,0.5158701238570178,0.6490124889534497,11.261887088725398,42.50630523165166,35.115088395734624,4.195399263733397,2.2866697970696737,25.564794964585364,3244.6255594370905
4630,463.0000000000368,42.511409610766705,35.12754583869641,7.383863772070304,3244.699490625522,25.685973309351198,116.92679199999998,116.92679200000002,11.274674744198006,0.1,7.421254441298579,3245.7033648522356,35.12,25.714799990258275,3246.6290625994466,4.211997794356985,2.306456723638811,4.195800000000006,2.287000000000001,77.0152546607171,39.729868960703904,25.785181139980846,0.5158701238570178,0.6490124889534497,11.259831490098412,42.54125444129858,35.166890767970855,4.197049276744217,2.2876485422224615,25.61282138874666,3244.744034068526
4631,463.1000000000368,42.511409610766705,35.12754583869641,7.383863772070304,3244.699490625522,25.685973309351198,116.92679199999998,116.92679200000002,11.274674744198006,0.1,7.402320450101563,3245.7033648522356,35.12,25.714799990258275,3246.6290625994466,4.211997794356985,2.306456723638811,4.195800000000006,2.287000000000001,77.0152546607171,39.729868960703904,25.785181139980846,0.5158701238570178,0.6490124889534497,11.230253480835708,42.52232045010156,35.08872908051299,4.195737596394813,2.286743269337423,25.527997841770464,3244.5412000984506
4632,463.2000000000368,42.511409610766705,35.12754583869641,7.383863772070304,3244.699490625522,25.685973309351198,116.92679199999998,116.92679200000002,11.274674744198006,0.1,7.4135425236132235,3245.7033648522356,35.12,25.724122476210738,3245.887058254539,4.211997794356985,2.306456723638811,4.195800000000006,2.287000000000001,77.0152546607171,39.729868960703904,25.785181139980846,0.5158701238570178,0.6490124889534497,11.306029078234298,42.53354252361322,35.0896667492595,4.196303759319276,2.2863752998818025,25.518223822684803,3244.511521019793
4633,463.30000000003685,42.511409610766705,35.12754583869641,7.383863772070304,3244.699490625522,25.685973309351198,116.92679199999998,116.92679200000002,11.274674744198006,0.1,7.400298058242235,3245.7033648522356,35.12,25.724122476210738,3245.887058254539,4.211997794356985,2.306456723638811,4.195800000000006,2.287000000000001,77.0152546607171,39.729868960703904,25.785181139980846,0.5158701238570178,0.6490124889534497,11.27531341375248,42.52029805824223,35.0857558711393,4.196541669375413,2.285852900839558,25.62705889640132,3244.660488606845
4634,463.40000000003687,42.511409610766705,35.12754583869641,7.383863772070304,3244.699490625522,25.685973309351198,116.92679199999998,116.92679200000002,11.274674744198006,0.1,7.354975033478524,3245.7033648522356,35.12,25.724122476210738,3245.887058254539,4.211997794356985,2.306456723638811,4.195800000000006,2.287000000000001,77.0152546607171,39.729868960703904,25.785181139980846,0.5158701238570178,0.6490124889534497,11.215567727800808,42.47497503347852,35.150390289976016,4.1962885957897536,2.286677619322703,25.756587086094324,3244.8955111822897
4635,463.5000000000369,42.511409610766705,35.12754583869641,7.383863772070304,3244.699490625522,25.685973309351198,116.92679199999998,116.92679200000002,11.274674744198006,0.1,7.4203064537732715,3245.7033648522356,35.12,25.724122476210738,3245.887058254539,4.209411099040331,2.306358731898729,4.195800000000006,2.287000000000001,77.0152546607171,39.729868960703904,25.785181139980846,0.5158701238570178,0.6490124889534497,11.223356895273316,42.54030645377327,35.13306279993061,4.195343216877209,2.2869015697879953,25.758412638226467,3244.9165502457267
4636,463.6000000000369,42.511409610766705,35.12754583869641,7.383863772070304,3244.699490625522,25.685973309351198,116.92679199999998,116.92679200000002,11.274674744198006,0.1,7.420924576213757,3245.7033648522356,35.12,25.724122476210738,3245.887058254539,4.209411099040331,2.306358731898729,4.195800000000006,2.287000000000001,77.0152546607171,39.729868960703904,25.785181139980846,0.5158701238570178,0.6490124889534497,11.254136714533578,42.540924576213754,35.10744795686815,4.197403721413008,2.287538271988315,25.75898900288146,3244.634038749289
4637,463.70000000003694,42.511409610766705,35.12754583869641,7.383863772070304,3244.699490625522,25.685973309351198,116.92679199999998,116.92679200000002,11.274674744198006,0.1,7.347773061791706,3245.7033648522356,35.12,25.691478650425907,3244.7376634685343,4.209411099040331,2.306358731898729,4.195800000000006,2.287000000000001,77.0152546607171,39.729868960703904,25.785181139980846,0.5158701238570178,0.6490124889534497,11.222246049632917,42.4677730617917,35.18007650241453,4.195898400347768,2.2867645671329457,25.79239740032752,3244.684593096599
4638,463.80000000003696,42.511409610766705,35.12754583869641,7.383863772070304,3244.699490625522,25.685973309351198,116.92679199999998,116.92679200000002,11.274674744198006,0.1,7.39980854002328,3245.7033648522356,35.12,25.691478650425907,3244.7376634685343,4.209411099040331,2.306358731898729,4.195800000000006,2.287000000000001,77.0152546607171,39.729868960703904,25.785181139980846,0.5158701238570178,0.6490124889534497,11.28651332395125,42.51980854002328,35.14584148714002,4.194717983828526,2.286702914508598,25.757241176271886,3244.720848690589
4639,463.900000000037,42.511409610766705,35.12754583869641,7.383863772070304,3244.699490625522,25.685973309351198,116.92679199999998,116.92679200000002,11.274674744198006,0.1,7.383440018437732,3245.7033648522356,35.12,25.691478650425907,3244.7376634685343,4.209411099040331,2.306358731898729,4.195800000000006,2.287000000000001,77.0152546607171,39.729868960703904,25.785181139980846,0.5158701238570178,0.6490124889534497,11.377034108310344,42.50344001843773,35.12202106985248,4.195469343972338,2.2864272059837094,25.804422163290763,3244.805202894139
4640,464.000000000037,42.511409610766705,35.12754583869641,7.383863772070304,3244.699490625522,25.685973309351198,116.92679199999998,116.92679200000002,11.274674744198006,0.1,7.41462951817568,3245.7033648522356,35.12,25.691478650425907,3244.7376634685343,4.210659565422526,2.3061965282342625,4.195800000000006,2.287000000000001,77.0152546607171,39.729868960703904,25.785181139980846,0.5158701238570178,0.6490124889534497,11.277586086400639,42.53462951817568,35.109645664864296,4.195252301325499,2.2878654973808765,25.875417662512003,3244.857350406571
4641,464.100000000037,42.511409610766705,35.12754583869641,7.383863772070304,3244.699490625522,25.685973309351198,116.92679199999998,116.92679200000002,11.274674744198006,0.1,7.349340669738481,3245.7033648522356,35.12,25.691478650425907,3244.7376634685343,4.210659565422526,2.3061965282342625,4.195800000000006,2.287000000000001,77.0152546607171,39.729868960703904,25.785181139980846,0.5158701238570178,0.6490124889534497,11.257173453014934,42.46934066973848,35.13133507664323,4.195605088836,2.28601289295097,25.76080572953867,3244.8230759919343
4642,464.20000000003705,42.511409610766705,35.12754583869641,7.383863772070304,3244.699490625522,25.685973309351198,116.92679199999998,116.92679200000002,11.274674744198006,0.1,7.398633937076056,3245.7033648522356,35.12,25.693424686180546,3233.6211721983905,4.210659565422526,2.3061965282342625,4.195800000000006,2.287000000000001,77.0152546607171,39.729868960703904,25.785181139980846,0.5158701238570178,0.6490124889534497,11.25036197832143,42.51863393707605,35.149427033372255,4.194492713644573,2.286388660124534,25.789217419357723,3244.694121933769
4643,464.3000000000371,42.511409610766705,35.12754583869641,7.383863772070304,3244.699490625522,25.685973309351198,116.92679199999998,116.92679200000002,11.274674744198006,0.1,7.37913201409885,3245.7033648522356,35.12,25.693424686180546,3233.6211721983905,4.210659565422526,2.3061965282342625,4.195800000000006,2.287000000000001,77.0152546607171,39.729868960703904,25.785181139980846,0.5158701238570178,0.6490124889534497,11.288597699029694,42.49913201409885,35.098345743369784,4.1957923588515325,2.2858610568254094,25.673568820506574,3244.7436870707793
4644,464.4000000000371,42.511409610766705,35.12754583869641,7.383863772070304,3244.699490625522,25.685973309351198,116.92679199999998,116.92679200000002,11.274674744198006,0.1,7.391377082869795,3245.7033648522356,35.12,25.693424686180546,3233.6211721983905,4.210659565422526,2.3061965282342625,4.195800000000006,2.287000000000001,77.0152546607171,39.729868960703904,25.785181139980846,0.5158701238570178,0.6490124889534497,11.279575489578708,42.51137708286979,35.150484854805725,4.195408417120734,2.287319152074081,25.70075772464076,3244.769854320613
4645,464.5000000000371,42.511409610766705,35.12754583869641,7.383863772070304,3244.699490625522,25.685973309351198,116.92679199999998,116.92679200000002,11.274674744198006,0.1,7.423457314506528,3245.7033648522356,35.12,25.693424686180546,3233.6211721983905,4.213941179386882,2.30598865153273,4.195800000000006,2.287000000000001,77.0152546607171,39.729868960703904,25.785181139980846,0.5158701238570178,0.6490124889534497,11.24955491933452,42.543457314506526,35.14472004440924,4.194987667452958,2.287669395757288,25.665218424109604,3244.648215056852
4646,464.60000000003714,42.511409610766705,35.12754583869641,7.383863772070304,3244.699490625522,25.685973309351198,116.92679199999998,116.92679200000002,11.274674744198006,0.1,7.378572541599617,3245.7033648522356,35.12,25.693424686180546,3233.6211721983905,4.213941179386882,2.30598865153273,4.195800000000006,2.287000000000001,77.0152546607171,39.729868960703904,25.785181139980846,0.5158701238570178,0.6490124889534497,11.302577747039418,42.498572541599614,35.14927558621365,4.196744569931575,2.2875014214972755,25.57709991716519,3244.731167821547
4647,464.70000000003716,42.511409610766705,35.12754583869641,7.383863772070304,3244.699490625522,25.685973309351198,116.92679199999998,116.92679200000002,11.274674744198006,0.1,7.4190282999175,3245.7033648522356,35.12,25.752872633513817,3232.3835249784383,4.213941179386882,2.30598865153273,4.195800000000006,2.287000000000001,77.0152546607171,39.729868960703904,25.785181139980846,0.5158701238570178,0.6490124889534497,11.265756999517679,42.5390282999175,35.17114559723417,4.196206769176959,2.286524757282172,25.517379671756796,3244.7116919186565
4648,464.8000000000372,42.511409610766705,35.12754583869641,7.383863772070304,3244.699490625522,25.685973309351198,116.92679199999998,116.92679200000002,11.274674744198006,0.1,7.44296659309564,3245.7033648522356,35.12,25.752872633513817,3232.3835249784383,4.213941179386882,2.30598865153273,4.195800000000006,2.287000000000001,77.0152546607171,39.729868960703904,25.785181139980846,0.5158701238570178,0.6490124889534497,11.341151811367562,42.56296659309564,35.11377686094338,4.197191479000342,2.285134564058882,25.626434179581764,3244.6266170636754
4649,464.9000000000372,42.511409610766705,35.12754583869641,7.383863772070304,3244.699490625522,25.685973309351198,116.92679199999998,116.92679200000002,11.274674744198006,0.1,7.41935600771572,3245.7033648522356,35.12,25.752872633513817,3232.3835249784383,4.213941179386882,2.30598865153273,4.195800000000006,2.287000000000001,77.0152546607171,39.729868960703904,25.785181139980846,0.5158701238570178,0.6490124889534497,11.293098330236084,42.53935600771572,35.101176668224454,4.195467733640851,2.2860370823191194,25.741614909677633,3244.5692026658735
4650,465.00000000003723,42.511409610766705,35.12754583869641,7.383863772070304,3244.699490625522,25.685973309351198,116.92679199999998,116.92679200000002,11.274674744198006,0.1,7.383288716248593,3245.7033648522356,35.12,25.752872633513817,3232.3835249784383,4.216953183571614,2.3058880328455453,4.195800000000006,2.287000000000001,77.0152546607171,39.729868960703904,25.785181139980846,0.5158701238570178,0.6490124889534497,11.14268205120287,42.50328871624859,35.15487273564233,4.196540493037001,2.2864931929650165,25.78994579275842,3244.81875810186
4651,465.10000000003726,42.511409610766705,35.12754583869641,7.383863772070304,3244.699490625522,25.685973309351198,116.92679199999998,116.92679200000002,11.274674744198006,0.1,7.38776604264018,3245.7033648522356,35.12,25.752872633513817,3232.3835249784383,4.216953183571614,2.3058880328455453,4.195800000000006,2.287000000000001,77.0152546607171,39.729868960703904,25.785181139980846,0.5158701238570178,0.6490124889534497,11.338857172082484,42.50776604264018,35.155928520071186,4.197346667686087,2.287223047630419,25.717544091442022,3244.7858132535125
4652,465.2000000000373,42.511409610766705,35.12754583869641,7.383863772070304,3244.699490625522,25.685973309351198,116.92679199999998,116.92679200000002,11.274674744198006,0.1,7.359169541697696,3245.7033648522356,35.12,25.725239321751292,3231.329051562052,4.216953183571614,2.3058880328455453,4.195800000000006,2.287000000000001,77.0152546607171,39.729868960703904,25.785181139980846,0.5158701238570178,0.6490124889534497,11.197111378338697,42.47916954169769,35.17603700759356,4.1967004890765285,2.2866797054195165,25.73433497049516,3244.7615559439205
4653,465.3000000000373,42.511409610766705,35.12754583869641,7.383863772070304,3244.699490625522,25.685973309351198,116.92679199999998,116.92679200000002,11.274674744198006,0.1,7.3247878052581115,3245.7033648522356,35.12,25.725239321751292,3231.329051562052,4.216953183571614,2.3058880328455453,4.195800000000006,2.287000000000001,77.0152546607171,39.729868960703904,25.785181139980846,0.5158701238570178,0.6490124889534497,11.284529674849532,42.44478780525811,35.13164649969304,4.195475802463709,2.286672019542798,25.63765569076455,3244.711744100458
4654,465.4000000000373,42.511409610766705,35.12754583869641,7.383863772070304,3244.699490625522,25.685973309351198,116.92679199999998,116.92679200000002,11.274674744198006,0.1,7.408379046474508,3245.7033648522356,35.12,25.725239321751292,3231.329051562052,4.216953183571614,2.3058880328455453,4.195800000000006,2.287000000000001,77.0152546607171,39.729868960703904,25.785181139980846,0.5158701238570178,0.6490124889534497,11.340016450333172,42.528379046474505,35.109989910859824,4.196316680290937,2.2866989009779433,25.742003374241484,3244.6598881366826
4655,465.50000000003735,42.511409610766705,35.12754583869641,7.383863772070304,3244.699490625522,25.685973309351198,116.92679199999998,116.92679200000002,11.274674744198006,0.1,7.397934412703584,3245.7033648522356,35.12,25.725239321751292,3231.329051562052,4.215313812269857,2.3056749044690403,4.195800000000006,2.287000000000001,77.0152546607171,39.729868960703904,25.785181139980846,0.5158701238570178,0.6490124889534497,11.255637452814836,42.51793441270358,35.06331254368307,4.195681679949215,2.286167533241276,25.669394573108946,3244.607374966216
4656,465.60000000003737,42.511409610766705,35.12754583869641,7.383863772070304,3244.699490625522,25.685973309351198,116.92679199999998,116.92679200000002,11.274674744198006,0.1,7.395666928102862,3245.7033648522356,35.12,25.725239321751292,3231.329051562052,4.215313812269857,2.3056749044690403,4.195800000000006,2.287000000000001,77.0152546607171,39.729868960703904,25.785181139980846,0.5158701238570178,0.6490124889534497,11.265185831437504,42.51566692810286,35.10387849991678,4.194690034595741,2.2882460914031015,25.678522070419085,3244.5414846992717
4657,465.7000000000374,42.511409610766705,35.12754583869641,7.383863772070304,3244.699490625522,25.685973309351198,116.92679199999998,116.92679200000002,11.274674744198006,0.1,7.353773293820424,3245.7033648522356,35.12,25.607055800426103,3224.491727926748,4.215313812269857,2.3056749044690403,4.195800000000006,2.287000000000001,77.0152546607171,39.729868960703904,25.785181139980846,0.5158701238570178,0.6490124889534497,11.085272250044124,42.47377329382042,35.098609211013425,4.197024698015724,2.286547643316911,25.82026428660428,3244.850427819539
4658,465.8000000000374,42.511409610766705,35.12754583869641,7.383863772070304,3244.699490625522,25.685973309351198,116.92679199999998,116.92679200000002,11.274674744198006,0.1,7.366576216880688,3245.7033648522356,35.12,25.607055800426103,3224.491727926748,4.215313812269857,2.3056749044690403,4.195800000000006,2.287000000000001,77.0152546607171,39.729868960703904,25.785181139980846,0.5158701238570178,0.6490124889534497,11.349965830558228,42.486576216880685,35.130199420605216,4.19609988999831,2.2865366835840732,25.58177119222133,3244.4414886032405
4659,465.90000000003744,42.511409610766705,35.12754583869641,7.383863772070304,3244.699490625522,25.685973309351198,116.92679199999998,116.92679200000002,11.274674744198006,0.1,7.40476923357113,3245.7033648522356,35.12,25.607055800426103,3224.491727926748,4.215313812269857,2.3056749044690403,4.195800000000006,2.287000000000001,77.0152546607171,39.729868960703904,25.785181139980846,0.5158701238570178,0.6490124889534497,11.356426325813255,42.52476923357113,35.12035401728024,4.196471533380779,2.2878050349230135,25.684612938192526,3244.716258225567
4660,466.00000000003746,42.511409610766705,35.12754583869641,7.383863772070304,3244.699490625522,25.685973309351198,116.92679199999998,116.92679200000002,11.274674744198006,0.1,7.384006119062626,3245.7033648522356,35.12,25.607055800426103,3224.491727926748,4.215831083713397,2.3055500188931215,4.195800000000006,2.287000000000001,77.0152546607171,39.729868960703904,25.785181139980846,0.5158701238570178,0.6490124889534497,11.277048594145624,42.50400611906262,35.113756888159365,4.196694616831744,2.2877567216786887,25.64952329777227,3244.716187458644
4661,466.1000000000375,42.511409610766705,35.12754583869641,7.383863772070304,3244.699490625522,25.685973309351198,116.92679199999998,116.92679200000002,11.274674744198006,0.1,7.4688820877724424,3245.7033648522356,35.12,25.607055800426103,3224.491727926748,4.215831083713397,2.3055500188931215,4.195800000000006,2.287000000000001,77.0152546607171,39.729868960703904,25.785181139980846,0.5158701238570178,0.6490124889534497,11.353347399102145,42.58888208777244,35.128328264553005,4.1951610250224824,2.2875903512892384,25.822634120175216,3244.6767890828683
4662,466.2000000000375,42.511409610766705,35.12754583869641,7.383863772070304,3244.699490625522,25.685973309351198,116.92679199999998,116.92679200000002,11.274674744198006,0.1,7.4060976095495406,3245.7033648522356,35.12,25.70780685948409,3229.862516414504,4.215831083713397,2.3055500188931215,4.195800000000006,2.287000000000001,77.0152546607171,39.729868960703904,25.785181139980846,0.5158701238570178,0.6490124889534497,11.240350752348593,42.52609760954954,35.076878146263425,4.196781700147007,2.287970391241597,25.54396985877824,3244.6797800174254
4663,466.3000000000375,42.511409610766705,35.12754583869641,7.383863772070304,3244.699490625522,25.685973309351198,116.92679199999998,116.92679200000002,11.274674744198006,0.1,7.410046587934751,3245.7033648522356,35.12,25.70780685948409,3229.862516414504,4.215831083713397,2.3055500188931215,4.195800000000006,2.287000000000001,77.0152546607171,39.729868960703904,25.785181139980846,0.5158701238570178,0.6490124889534497,11.208445067889127,42.53004658793475,35.100682667159646,4.196078691776976,2.2861183369839986,25.742560759814587,3244.8350772615813
4664,466.40000000003755,42.511409610766705,35.12754583869641,7.383863772070304,3244.699490625522,25.685973309351198,116.92679199999998,116.92679200000002,11.274674744198006,0.1,7.413692198719595,3245.7033648522356,35.12,25.70780685948409,3229.862516414504,4.215831083713397,2.3055500188931215,4.195800000000006,2.287000000000001,77.0152546607171,39.729868960703904,25.785181139980846,0.5158701238570178,0.6490124889534497,11.35473030948215,42.53369219871959,35.12766473964452,4.195388498219287,2.2875469184716626,25.835723303913284,3244.658451716364
4665,466.5000000000376,42.511409610766705,35.12754583869641,7.383863772070304,3244.699490625522,25.685973309351198,116.92679199999998,116.92679200000002,11.274674744198006,0.1,7.3869843051444946,3245.7033648522356,35.12,25.70780685948409,3229.862516414504,4.216467449241798,2.3054310046463042,4.195800000000006,2.287000000000001,77.0152546607171,39.729868960703904,25.785181139980846,0.5158701238570178,0.6490124889534497,11.238066508844348,42.50698430514449,35.15070762740939,4.196502466501469,2.2865312683354393,25.723914426221253,3244.8055872008013
4666,466.6000000000376,42.511409610766705,35.12754583869641,7.383863772070304,3244.699490625522,25.685973309351198,116.92679199999998,116.92679200000002,11.274674744198006,0.1,7.427731962216129,3245.7033648522356,35.12,25.70780685948409,3229.862516414504,4.216467449241798,2.3054310046463042,4.195800000000006,2.287000000000001,77.0152546607171,39.729868960703904,25.785181139980846,0.5158701238570178,0.6490124889534497,11.244295835512974,42.547731962216126,35.151036174290034,4.197139678010171,2.2871976799367437,25.541158510733954,3244.772346912262
4667,466.7000000000376,42.511409610766705,35.12754583869641,7.383863772070304,3244.699490625522,25.685973309351198,116.92679199999998,116.92679200000002,11.274674744198006,0.1,7.339350992586773,3245.7033648522356,35.12,25.798916825605904,3235.5886030319107,4.216467449241798,2.3054310046463042,4.195800000000006,2.287000000000001,77.0152546607171,39.729868960703904,25.785181139980846,0.5158701238570178,0.6490124889534497,11.268822490102206,42.45935099258677,35.168809910534264,4.195155122428089,2.288142589283596,25.730832342722604,3244.451733818895
4668,466.80000000003764,42.511409610766705,35.12754583869641,7.383863772070304,3244.699490625522,25.685973309351198,116.92679199999998,116.92679200000002,11.274674744198006,0.1,7.398582635209607,3245.7033648522356,35.12,25.798916825605904,3235.5886030319107,4.216467449241798,2.3054310046463042,4.195800000000006,2.287000000000001,77.0152546607171,39.729868960703904,25.785181139980846,0.5158701238570178,0.6490124889534497,11.259325668094254,42.518582635209604,35.161476004769746,4.196552746187096,2.286722064541506,25.776415553376804,3244.8503112317912
4669,466.90000000003766,42.511409610766705,35.12754583869641,7.383863772070304,3244.699490625522,25.685973309351198,116.92679199999998,116.92679200000002,11.274674744198006,0.1,7.4123165609182,3245.7033648522356,35.12,25.798916825605904,3235.5886030319107,4.216467449241798,2.3054310046463042,4.195800000000006,2.287000000000001,77.0152546607171,39.729868960703904,25.785181139980846,0.5158701238570178,0.6490124889534497,11.228887862490048,42.5323165609182,35.184026693557406,4.196951458454112,2.2857015921187074,25.609748292203744,3244.711587465688
4670,467.0000000000377,42.511409610766705,35.12754583869641,7.383863772070304,3244.699490625522,25.685973309351198,116.92679199999998,116.92679200000002,11.274674744198006,0.1,7.366413744152922,3245.7033648522356,35.12,25.798916825605904,3235.5886030319107,4.221023605882735,2.3052354773110446,4.195800000000006,2.287000000000001,77.0152546607171,39.729868960703904,25.785181139980846,0.5158701238570178,0.6490124889534497,11.27428246251451,42.48641374415292,35.11861536614459,4.196314326349555,2.288551920568846,25.719989568160713,3244.6608308180516
4671,467.1000000000377,42.511409610766705,35.12754583869641,7.383863772070304,3244.699490625522,25.685973309351198,116.92679199999998,116.92679200000002,11.274674744198006,0.1,7.434238770380297,3245.7033648522356,35.12,25.798916825605904,3235.5886030319107,4.221023605882735,2.3052354773110446,4.195800000000006,2.287000000000001,77.0152546607171,39.729868960703904,25.785181139980846,0.5158701238570178,0.6490124889534497,11.290456816907062,42.554238770380294,35.0590919776397,4.195619063893255,2.2866997254890498,25.72905210618622,3244.7567080869594
4672,467.20000000003773,42.511409610766705,35.12754583869641,7.383863772070304,3244.699490625522,25.685973309351198,116.92679199999998,116.92679200000002,11.274674744198006,0.1,7.369411143841788,3245.7033648522356,35.12,25.752011133763553,3237.0115173851686,4.221023605882735,2.3052354773110446,4.195800000000006,2.287000000000001,77.0152546607171,39.729868960703904,25.785181139980846,0.5158701238570178,0.6490124889534497,11.258414243810702,42.489411143841785,35.12803388250788,4.196488876673319,2.2867140601239346,25.67628996598506,3244.885298546969
4673,467.30000000003776,42.511409610766705,35.12754583869641,7.383863772070304,3244.699490625522,25.685973309351198,116.92679199999998,116.92679200000002,11.274674744198006,0.1,7.34940167287337,3245.7033648522356,35.12,25.752011133763553,3237.0115173851686,4.221023605882735,2.3052354773110446,4.195800000000006,2.287000000000001,77.0152546607171,39.729868960703904,25.785181139980846,0.5158701238570178,0.6490124889534497,11.289520264656383,42.46940167287337,35.18500481619707,4.196090552308111,2.287501760088801,25.760876935256388,3244.783587092095
4674,467.4000000000378,42.511409610766705,35.12754583869641,7.383863772070304,3244.699490625522,25.685973309351198,116.92679199999998,116.92679200000002,11.274674744198006,0.1,7.411165871460277,3245.7033648522356,35.12,25.752011133763553,3237.0115173851686,4.221023605882735,2.3052354773110446,4.195800000000006,2.287000000000001,77.0152546607171,39.729868960703904,25.785181139980846,0.5158701238570178,0.6490124889534497,11.270837201650927,42.531165871460274,35.1030962609156,4.195653757517595,2.288029466695916,25.748504011087398,3244.679058551686
4675,467.5000000000378,42.511409610766705,35.12754583869641,7.383863772070304,3244.699490625522,25.685973309351198,116.92679199999998,116.92679200000002,11.274674744198006,0.1,7.440498071523081,3245.7033648522356,35.12,25.752011133763553,3237.0115173851686,4.221208143604726,2.3051212513261543,4.195800000000006,2.287000000000001,77.0152546607171,39.729868960703904,25.785181139980846,0.5158701238570178,0.6490124889534497,11.236523487936024,42.56049807152308,35.12476984314203,4.196956633092541,2.288684856966733,25.717627816914856,3244.7466315758465
4676,467.6000000000378,42.511409610766705,35.12754583869641,7.383863772070304,3244.699490625522,25.685973309351198,116.92679199999998,116.92679200000002,11.274674744198006,0.1,7.3143026256811865,3245.7033648522356,35.12,25.752011133763553,3237.0115173851686,4.221208143604726,2.3051212513261543,4.195800000000006,2.287000000000001,77.0152546607171,39.729868960703904,25.785181139980846,0.5158701238570178,0.6490124889534497,11.36596115384857,42.434302625681184,35.099716211758796,4.1969305345815835,2.2855750137656132,25.77271649920355,3244.6989463611517
4677,467.70000000003785,42.511409610766705,35.12754583869641,7.383863772070304,3244.699490625522,25.685973309351198,116.92679199999998,116.92679200000002,11.274674744198006,0.1,7.458408768591106,3245.7033648522356,35.12,25.780559850062073,3241.6965806747376,4.221208143604726,2.3051212513261543,4.195800000000006,2.287000000000001,77.0152546607171,39.729868960703904,25.785181139980846,0.5158701238570178,0.6490124889534497,11.332638827639885,42.5784087685911,35.09700400957566,4.1954536035567065,2.2861889670083744,25.65352274920954,3244.7025780407444
4678,467.80000000003787,42.511409610766705,35.12754583869641,7.383863772070304,3244.699490625522,25.685973309351198,116.92679199999998,116.92679200000002,11.274674744198006,0.1,7.392809713326969,3245.7033648522356,35.12,25.780559850062073,3241.6965806747376,4.221208143604726,2.3051212513261543,4.195800000000006,2.287000000000001,77.0152546607171,39.729868960703904,25.785181139980846,0.5158701238570178,0.6490124889534497,11.233714123716274,42.512809713326966,35.119357982963436,4.195687305185742,2.287051019121276,25.61275407115281,3244.758413110723
4679,467.9000000000379,42.511409610766705,35.12754583869641,7.383863772070304,3244.699490625522,25.685973309351198,116.92679199999998,116.92679200000002,11.274674744198006,0.1,7.3878050014925165,3245.7033648522356,35.12,25.780559850062073,3241.6965806747376,4.221208143604726,2.3051212513261543,4.195800000000006,2.287000000000001,77.0152546607171,39.729868960703904,25.785181139980846,0.5158701238570178,0.6490124889534497,11.312963416335823,42.507805001492514,35.15201409399844,4.194852787414906,2.2867748622557444,25.55952584276543,3244.693846792761
4680,468.0000000000379,42.511409610766705,35.12754583869641,7.383863772070304,3244.699490625522,25.685973309351198,116.92679199999998,116.92679200000002,11.274674744198006,0.1,7.3974541833915595,3245.7033648522356,35.12,25.780559850062073,3241.6965806747376,4.222213962683869,2.304943993941292,4.195800000000006,2.287000000000001,77.0152546607171,39.729868960703904,25.785181139980846,0.5158701238570178,0.6490124889534497,11.31172939051263,42.51745418339156,35.14510242374188,4.195460455755103,2.2887371892620507,25.791439233397146,3244.6564342017136
4681,468.10000000003794,42.511409610766705,35.12754583869641,7.383863772070304,3244.699490625522,25.685973309351198,116.92679199999998,116.92679200000002,11.274674744198006,0.1,7.367726565289523,3245.7033648522356,35.12,25.780559850062073,3241.6965806747376,4.222213962683869,2.304943993941292,4.195800000000006,2.287000000000001,77.0152546607171,39.729868960703904,25.785181139980846,0.5158701238570178,0.6490124889534497,11.322377734796566,42.48772656528952,35.1285168846692,4.197352984567095,2.28740625521418,25.773919360211703,3244.5783072009326
4682,468.20000000003796,42.511409610766705,35.12754583869641,7.383863772070304,3244.699490625522,25.685973309351198,116.92679199999998,116.92679200000002,11.274674744198006,0.1,7.393100914046435,3245.7033648522356,35.12,25.714321975778383,3242.7518620145706,4.222213962683869,2.304943993941292,4.195800000000006,2.287000000000001,77.0152546607171,39.729868960703904,25.785181139980846,0.5158701238570178,0.6490124889534497,11.238196045224102,42.51310091404643,35.05061488137601,4.196416577731566,2.2867859553109002,25.813298873979402,3244.8287299764766
4683,468.300000000038,42.511409610766705,35.12754583869641,7.383863772070304,3244.699490625522,25.685973309351198,116.92679199999998,116.92679200000002,11.274674744198006,0.1,7.455295419156734,3245.7033648522356,35.12,25.714321975778383,3242.7518620145706,4.222213962683869,2.304943993941292,4.195800000000006,2.287000000000001,77.0152546607171,39.729868960703904,25.785181139980846,0.5158701238570178,0.6490124889534497,11.21721969275836,42.57529541915673,35.102796251821445,4.19547540214517,2.2874266084510313,26.04672930656398,3244.603678974225
4684,468.400000000038,42.511409610766705,35.12754583869641,7.383863772070304,3244.699490625522,25.685973309351198,116.92679199999998,116.92679200000002,11.274674744198006,0.1,7.426300320644074,3245.7033648522356,35.12,25.714321975778383,3242.7518620145706,4.222213962683869,2.304943993941292,4.195800000000006,2.287000000000001,77.0152546607171,39.729868960703904,25.785181139980846,0.5158701238570178,0.6490124889534497,11.17671460303326,42.54630032064407,35.16996090199476,4.1948016803942965,2.2861174881350728,25.805051388412323,3244.591125277497
4685,468.500000000038,42.511409610766705,35.12754583869641,7.383863772070304,3244.699490625522,25.685973309351198,116.92679199999998,116.92679200000002,11.274674744198006,0.1,7.421396846884441,3245.7033648522356,35.12,25.714321975778383,3242.7518620145706,4.221764833446355,2.3047789915926664,4.195800000000006,2.287000000000001,77.0152546607171,39.729868960703904,25.785181139980846,0.5158701238570178,0.6490124889534497,11.222957707769199,42.54139684688444,35.139121264648324,4.194190757216273,2.287184831521479,25.876851136628865,3244.6344769601515
4686,468.60000000003805,42.511409610766705,35.12754583869641,7.383863772070304,3244.699490625522,25.685973309351198,116.92679199999998,116.92679200000002,11.274674744198006,0.1,7.3744222661780725,3245.7033648522356,35.12,25.714321975778383,3242.7518620145706,4.221764833446355,2.3047789915926664,4.195800000000006,2.287000000000001,77.0152546607171,39.729868960703904,25.785181139980846,0.5158701238570178,0.6490124889534497,11.248639382908644,42.49442226617807,35.15209212952174,4.195743815375282,2.2881003567878033,25.857765276624896,3244.750690173508
4687,468.7000000000381,42.511409610766705,35.12754583869641,7.383863772070304,3244.699490625522,25.685973309351198,116.92679199999998,116.92679200000002,11.274674744198006,0.1,7.3690638847892345,3245.7033648522356,35.12,25.734917403302322,3243.3839432946297,4.221764833446355,2.3047789915926664,4.195800000000006,2.287000000000001,77.0152546607171,39.729868960703904,25.785181139980846,0.5158701238570178,0.6490124889534497,11.273673714819658,42.48906388478923,35.15642438682232,4.1969123992708885,2.286448619960976,25.728832905268593,3244.7715042901955
4688,468.8000000000381,42.511409610766705,35.12754583869641,7.383863772070304,3244.699490625522,25.685973309351198,116.92679199999998,116.92679200000002,11.274674744198006,0.1,7.339193812834665,3245.7033648522356,35.12,25.734917403302322,3243.3839432946297,4.221764833446355,2.3047789915926664,4.195800000000006,2.287000000000001,77.0152546607171,39.729868960703904,25.785181139980846,0.5158701238570178,0.6490124889534497,11.305567368498478,42.45919381283466,35.14889113829264,4.195746918022568,2.2865713721070042,25.715988844328713,3244.8919761474344
4689,468.9000000000381,42.511409610766705,35.12754583869641,7.383863772070304,3244.699490625522,25.685973309351198,116.92679199999998,116.92679200000002,11.274674744198006,0.1,7.351993536528894,3245.7033648522356,35.12,25.734917403302322,3243.3839432946297,4.221764833446355,2.3047789915926664,4.195800000000006,2.287000000000001,77.0152546607171,39.729868960703904,25.785181139980846,0.5158701238570178,0.6490124889534497,11.282380898774406,42.47199353652889,35.058135076721875,4.19626145121823,2.2871035858301427,25.72471501900224,3244.7947858935995
4690,469.00000000003814,42.511409610766705,35.12754583869641,7.383863772070304,3244.699490625522,25.685973309351198,116.92679199999998,116.92679200000002,11.274674744198006,0.1,7.379841694981195,3245.7033648522356,35.12,25.734917403302322,3243.3839432946297,4.224102363797201,2.3046227606232703,4.195800000000006,2.287000000000001,77.0152546607171,39.729868960703904,25.785181139980846,0.5158701238570178,0.6490124889534497,11.284287299210707,42.49984169498119,35.15074810582562,4.1961231516942314,2.287663045747071,25.74492588547616,3244.5859034889168
4691,469.10000000003816,42.511409610766705,35.12754583869641,7.383863772070304,3244.699490625522,25.685973309351198,116.92679199999998,116.92679200000002,11.274674744198006,0.1,7.3695916808990205,3245.7033648522356,35.12,25.734917403302322,3243.3839432946297,4.224102363797201,2.3046227606232703,4.195800000000006,2.287000000000001,77.0152546607171,39.729868960703904,25.785181139980846,0.5158701238570178,0.6490124889534497,11.324371334850158,42.48959168089902,35.12696070503774,4.195521505756801,2.287836773371022,25.65255245705008,3244.653343227901
4692,469.2000000000382,42.511409610766705,35.12754583869641,7.383863772070304,3244.699490625522,25.685973309351198,116.92679199999998,116.92679200000002,11.274674744198006,0.1,7.415581030419162,3245.7033648522356,35.12,25.700597393662516,3242.438823837057,4.224102363797201,2.3046227606232703,4.195800000000006,2.287000000000001,77.0152546607171,39.729868960703904,25.785181139980846,0.5158701238570178,0.6490124889534497,11.245193004267547,42.53558103041916,35.114949722774526,4.197691144794466,2.2863729891462765,25.55405101844956,3244.7507888096425
4693,469.3000000000382,42.511409610766705,35.12754583869641,7.383863772070304,3244.699490625522,25.685973309351198,116.92679199999998,116.92679200000002,11.274674744198006,0.1,7.412097631731768,3245.7033648522356,35.12,25.700597393662516,3242.438823837057,4.224102363797201,2.3046227606232703,4.195800000000006,2.287000000000001,77.0152546607171,39.729868960703904,25.785181139980846,0.5158701238570178,0.6490124889534497,11.340101720993443,42.532097631731766,35.07061219754632,4.196510686540063,2.286461816969721,25.634979643833226,3244.8420970525644
4694,469.40000000003823,42.511409610766705,35.12754583869641,7.383863772070304,3244.699490625522,25.685973309351198,116.92679199999998,116.92679200000002,11.274674744198006,0.1,7.355131080683897,3245.7033648522356,35.12,25.700597393662516,3242.438823837057,4.224102363797201,2.3046227606232703,4.195800000000006,2.287000000000001,77.0152546607171,39.729868960703904,25.785181139980846,0.5158701238570178,0.6490124889534497,11.26322366192662,42.475131080683894,35.14023509205253,4.195301216978172,2.286046271254576,25.766305992695006,3244.680138720092
4695,469.50000000003826,42.511409610766705,35.12754583869641,7.383863772070304,3244.699490625522,25.685973309351198,116.92679199999998,116.92679200000002,11.274674744198006,0.1,7.359173592194011,3245.7033648522356,35.12,25.700597393662516,3242.438823837057,4.221682281445717,2.3045410485810502,4.195800000000006,2.287000000000001,77.0152546607171,39.729868960703904,25.785181139980846,0.5158701238570178,0.6490124889534497,11.282612035556731,42.47917359219401,35.10866048834917,4.195065416447292,2.28736806747945,25.731645517310657,3244.7932505999515
4696,469.6000000000383,42.511409610766705,35.12754583869641,7.383863772070304,3244.699490625522,25.685973309351198,116.92679199999998,116.92679200000002,11.274674744198006,0.1,7.396196535304341,3245.7033648522356,35.12,25.700597393662516,3242.438823837057,4.221682281445717,2.3045410485810502,4.195800000000006,2.287000000000001,77.0152546607171,39.729868960703904,25.785181139980846,0.5158701238570178,0.6490124889534497,11.309383837539771,42.51619653530434,35.08936703404579,4.195316500192284,2.287167438271297,25.772865281772383,3244.546073304451
4697,469.7000000000383,42.511409610766705,35.12754583869641,7.383863772070304,3244.699490625522,25.685973309351198,116.92679199999998,116.92679200000002,11.274674744198006,0.1,7.37189886414869,3245.7033648522356,35.12,25.801486993901374,3246.08659140986,4.221682281445717,2.3045410485810502,4.195800000000006,2.287000000000001,77.0152546607171,39.729868960703904,25.785181139980846,0.5158701238570178,0.6490124889534497,11.33775338169487,42.49189886414869,35.16276094792904,4.194636375771762,2.2848915222342825,25.715943751323813,3244.6845970481377
4698,469.8000000000383,42.511409610766705,35.12754583869641,7.383863772070304,3244.699490625522,25.685973309351198,116.92679199999998,116.92679200000002,11.274674744198006,0.1,7.408616570956248,3245.7033648522356,35.12,25.801486993901374,3246.08659140986,4.221682281445717,2.3045410485810502,4.195800000000006,2.287000000000001,77.0152546607171,39.729868960703904,25.785181139980846,0.5158701238570178,0.6490124889534497,11.292880395572087,42.528616570956245,35.135078246865206,4.195210396662687,2.285214724290562,25.771358579804346,3244.4606130534103
4699,469.90000000003835,42.511409610766705,35.12754583869641,7.383863772070304,3244.699490625522,25.685973309351198,116.92679199999998,116.92679200000002,11.274674744198006,0.1,7.367008724144718,3245.7033648522356,35.12,25.801486993901374,3246.08659140986,4.221682281445717,2.3045410485810502,4.195800000000006,2.287000000000001,77.0152546607171,39.729868960703904,25.785181139980846,0.5158701238570178,0.6490124889534497,11.367148237479938,42.487008724144715,35.147688603237626,4.1969880094058425,2.2892271630608834,25.724945261098604,3244.6804332923853
4700,470.00000000003837,42.511409610766705,35.12754583869641,7.383863772070304,3244.699490625522,25.685973309351198,116.92679199999998,116.92679200000002,11.274674744198006,0.1,7.390251250614092,3245.7033648522356,35.12,25.801486993901374,3246.08659140986,4.224495058117837,2.3043745041738224,4.195800000000006,2.287000000000001,77.0152546607171,39.729868960703904,25.785181139980846,0.5158701238570178,0.6490124889534497,11.281131985802249,42.51025125061409,35.133762439337765,4.19700893113253,2.2878428099276973,25.64538034442044,3244.775103029217
4701,470.1000000000384,42.511409610766705,35.12754583869641,7.383863772070304,3244.699490625522,25.685973309351198,116.92679199999998,116.92679200000002,11.274674744198006,0.1,7.4285618954841794,3245.7033648522356,35.12,25.801486993901374,3246.08659140986,4.224495058117837,2.3043745041738224,4.195800000000006,2.287000000000001,77.0152546607171,39.729868960703904,25.785181139980846,0.5158701238570178,0.6490124889534497,11.286616106092973,42.54856189548418,35.09672727022105,4.195416105330989,2.286393526723306,25.58404423257303,3244.814232569003
4702,470.2000000000384,42.511409610766705,35.12754583869641,7.383863772070304,3244.699490625522,25.685973309351198,116.92679199999998,116.92679200000002,11.274674744198006,0.1,7.403287375427908,3245.7033648522356,35.12,25.748047166560642,3244.7075721048504,4.224495058117837,2.3043745041738224,4.195800000000006,2.287000000000001,77.0152546607171,39.729868960703904,25.785181139980846,0.5158701238570178,0.6490124889534497,11.25528261445976,42.523287375427905,35.1563279215677,4.196261432734444,2.287524465283871,25.84019255874384,3244.8358985447985
4703,470.30000000003844,42.511409610766705,35.12754583869641,7.383863772070304,3244.699490625522,25.685973309351198,116.92679199999998,116.92679200000002,11.274674744198006,0.1,7.437660776619431,3245.7033648522356,35.12,25.748047166560642,3244.7075721048504,4.224495058117837,2.3043745041738224,4.195800000000006,2.287000000000001,77.0152546607171,39.729868960703904,25.785181139980846,0.5158701238570178,0.6490124889534497,11.302745062662162,42.55766077661943,35.151388103401885,4.1954561609402905,2.286294212295905,25.74431082194195,3244.6444871716717
4704,470.40000000003846,42.511409610766705,35.12754583869641,7.383863772070304,3244.699490625522,25.685973309351198,116.92679199999998,116.92679200000002,11.274674744198006,0.1,7.395069588001256,3245.7033648522356,35.12,25.748047166560642,3244.7075721048504,4.224495058117837,2.3043745041738224,4.195800000000006,2.287000000000001,77.0152546607171,39.729868960703904,25.785181139980846,0.5158701238570178,0.6490124889534497,11.280173278702014,42.51506958800125,35.09903244027176,4.195469777752358,2.286224724381018,25.83883220508913,3244.6034712805163
4705,470.5000000000385,42.511409610766705,35.12754583869641,7.383863772070304,3244.699490625522,25.685973309351198,116.92679199999998,116.92679200000002,11.274674744198006,0.1,7.420093421637205,3245.7033648522356,35.12,25.748047166560642,3244.7075721048504,4.227579406536702,2.304268049070013,4.195800000000006,2.287000000000001,77.0152546607171,39.729868960703904,25.785181139980846,0.5158701238570178,0.6490124889534497,11.281910732259888,42.5400934216372,35.16654915891877,4.1959009294119,2.284927897708335,25.660231939018697,3244.892841957004
4706,470.6000000000385,42.511409610766705,35.12754583869641,7.383863772070304,3244.699490625522,25.685973309351198,116.92679199999998,116.92679200000002,11.274674744198006,0.1,7.374270105229975,3245.7033648522356,35.12,25.748047166560642,3244.7075721048504,4.227579406536702,2.304268049070013,4.195800000000006,2.287000000000001,77.0152546607171,39.729868960703904,25.785181139980846,0.5158701238570178,0.6490124889534497,11.26404200493924,42.49427010522997,35.11270392472469,4.195330532233737,2.2842442155748497,25.73961382962533,3244.590354920352
4707,470.70000000003853,42.511409610766705,35.12754583869641,7.383863772070304,3244.699490625522,25.685973309351198,116.92679199999998,116.92679200000002,11.274674744198006,0.1,7.360057912848092,3245.7033648522356,35.12,25.68102205089531,3242.2500021396604,4.227579406536702,2.304268049070013,4.195800000000006,2.287000000000001,77.0152546607171,39.729868960703904,25.785181139980846,0.5158701238570178,0.6490124889534497,11.190235571006127,42.48005791284809,35.103479074402344,4.1957392318912845,2.285855409267491,25.77429200375596,3244.5088648199912
4708,470.80000000003855,42.511409610766705,35.12754583869641,7.383863772070304,3244.699490625522,25.685973309351198,116.92679199999998,116.92679200000002,11.274674744198006,0.1,7.383060182890986,3245.7033648522356,35.12,25.68102205089531,3242.2500021396604,4.227579406536702,2.304268049070013,4.195800000000006,2.287000000000001,77.0152546607171,39.729868960703904,25.785181139980846,0.5158701238570178,0.6490124889534497,11.26716311960612,42.503060182890984,35.152795569809506,4.195134812334909,2.2873164863926148,25.79671738912362,3244.476042477841
4709,470.9000000000386,42.511409610766705,35.12754583869641,7.383863772070304,3244.699490625522,25.685973309351198,116.92679199999998,116.92679200000002,11.274674744198006,0.1,7.385300364129527,3245.7033648522356,35.12,25.68102205089531,3242.2500021396604,4.227579406536702,2.304268049070013,4.195800000000006,2.287000000000001,77.0152546607171,39.729868960703904,25.785181139980846,0.5158701238570178,0.6490124889534497,11.34782703646739,42.505300364129525,35.13021691742691,4.19762371599084,2.288361910018559,25.658320206430883,3244.7004166713077
4710,471.0000000000386,42.511409610766705,35.12754583869641,7.383863772070304,3244.699490625522,25.685973309351198,116.92679199999998,116.92679200000002,11.274674744198006,0.1,7.3704606217548445,3245.7033648522356,35.12,25.68102205089531,3242.2500021396604,4.2274907433775875,2.3040229826177163,4.195800000000006,2.287000000000001,77.0152546607171,39.729868960703904,25.785181139980846,0.5158701238570178,0.6490124889534497,11.338562349203093,42.49046062175484,35.13219911695907,4.198327708318216,2.287023831149387,25.820263337533934,3244.6364257453174
4711,471.1000000000386,42.511409610766705,35.12754583869641,7.383863772070304,3244.699490625522,25.685973309351198,116.92679199999998,116.92679200000002,11.274674744198006,0.1,7.347605955315373,3245.7033648522356,35.12,25.68102205089531,3242.2500021396604,4.2274907433775875,2.3040229826177163,4.195800000000006,2.287000000000001,77.0152546607171,39.729868960703904,25.785181139980846,0.5158701238570178,0.6490124889534497,11.276064717057247,42.46760595531537,35.10532415018404,4.194718294608198,2.2875367802737583,25.70279706255778,3244.827583329676
4712,471.20000000003864,42.511409610766705,35.12754583869641,7.383863772070304,3244.699490625522,25.685973309351198,116.92679199999998,116.92679200000002,11.274674744198006,0.1,7.390226154422685,3245.7033648522356,35.12,25.69762033302448,3242.7626775915955,4.2274907433775875,2.3040229826177163,4.195800000000006,2.287000000000001,77.0152546607171,39.729868960703904,25.785181139980846,0.5158701238570178,0.6490124889534497,11.29316417155903,42.51022615442268,35.10544009794809,4.197525469800348,2.2872189589223777,25.535941467173387,3244.8814422532755
4713,471.30000000003866,42.511409610766705,35.12754583869641,7.383863772070304,3244.699490625522,25.685973309351198,116.92679199999998,116.92679200000002,11.274674744198006,0.1,7.32691084258807,3245.7033648522356,35.12,25.69762033302448,3242.7626775915955,4.2274907433775875,2.3040229826177163,4.195800000000006,2.287000000000001,77.0152546607171,39.729868960703904,25.785181139980846,0.5158701238570178,0.6490124889534497,11.361930792847687,42.44691084258807,35.14164070952579,4.195499136935188,2.2874771367390454,25.575438603410433,3244.782646267505
4714,471.4000000000387,42.511409610766705,35.12754583869641,7.383863772070304,3244.699490625522,25.685973309351198,116.92679199999998,116.92679200000002,11.274674744198006,0.1,7.423734480706109,3245.7033648522356,35.12,25.69762033302448,3242.7626775915955,4.2274907433775875,2.3040229826177163,4.195800000000006,2.287000000000001,77.0152546607171,39.729868960703904,25.785181139980846,0.5158701238570178,0.6490124889534497,11.225261029861546,42.54373448070611,35.12269549205249,4.195549692553081,2.2861397150528635,25.822784975395244,3244.7702728807494
4715,471.5000000000387,42.511409610766705,35.12754583869641,7.383863772070304,3244.699490625522,25.685973309351198,116.92679199999998,116.92679200000002,11.274674744198006,0.1,7.387480207051794,3245.7033648522356,35.12,25.69762033302448,3242.7626775915955,4.22672407380253,2.3039063640462834,4.195800000000006,2.287000000000001,77.0152546607171,39.729868960703904,25.785181139980846,0.5158701238570178,0.6490124889534497,11.239811477397396,42.50748020705179,35.115771507373374,4.19675802386428,2.287953657037153,25.824866339348844,3244.702895569883
4716,471.60000000003873,42.511409610766705,35.12754583869641,7.383863772070304,3244.699490625522,25.685973309351198,116.92679199999998,116.92679200000002,11.274674744198006,0.1,7.449091521849475,3245.7033648522356,35.12,25.69762033302448,3242.7626775915955,4.22672407380253,2.3039063640462834,4.195800000000006,2.287000000000001,77.0152546607171,39.729868960703904,25.785181139980846,0.5158701238570178,0.6490124889534497,11.319368121040762,42.56909152184947,35.121554556304524,4.19394242632384,2.286504667583139,25.65435456424149,3244.8213746820143
4717,471.70000000003876,42.511409610766705,35.12754583869641,7.383863772070304,3244.699490625522,25.685973309351198,116.92679199999998,116.92679200000002,11.274674744198006,0.1,7.375590055341128,3245.7033648522356,35.12,25.751267601722194,3243.379696983989,4.22672407380253,2.3039063640462834,4.195800000000006,2.287000000000001,77.0152546607171,39.729868960703904,25.785181139980846,0.5158701238570178,0.6490124889534497,11.28670212423329,42.495590055341125,35.13934192659637,4.1948222008413465,2.2876190241960233,25.79052317192727,3244.7852283786683
4718,471.8000000000388,42.511409610766705,35.12754583869641,7.383863772070304,3244.699490625522,25.685973309351198,116.92679199999998,116.92679200000002,11.274674744198006,0.1,7.3813899304785195,3245.7033648522356,35.12,25.751267601722194,3243.379696983989,4.22672407380253,2.3039063640462834,4.195800000000006,2.287000000000001,77.0152546607171,39.729868960703904,25.785181139980846,0.5158701238570178,0.6490124889534497,11.2830864816689,42.50138993047852,35.11075170795768,4.195979638464921,2.2868285677377624,25.75221370008656,3244.7362601514988
4719,471.9000000000388,42.511409610766705,35.12754583869641,7.383863772070304,3244.699490625522,25.685973309351198,116.92679199999998,116.92679200000002,11.274674744198006,0.1,7.39194137527101,3245.7033648522356,35.12,25.751267601722194,3243.379696983989,4.22672407380253,2.3039063640462834,4.195800000000006,2.287000000000001,77.0152546607171,39.729868960703904,25.785181139980846,0.5158701238570178,0.6490124889534497,11.236198041109098,42.51194137527101,35.14657105392136,4.195396009585499,2.28749150982898,25.689659978545755,3244.718650923408
4720,472.0000000000388,42.511409610766705,35.12754583869641,7.383863772070304,3244.699490625522,25.685973309351198,116.92679199999998,116.92679200000002,11.274674744198006,0.1,7.361697490810165,3245.7033648522356,35.12,25.751267601722194,3243.379696983989,4.227167294105214,2.3038060113928704,4.195800000000006,2.287000000000001,77.0152546607171,39.729868960703904,25.785181139980846,0.5158701238570178,0.6490124889534497,11.231840806319022,42.48169749081016,35.10616313634143,4.1957362264780755,2.2872525849561924,25.63685942987856,3244.8308343070294
4721,472.10000000003885,42.511409610766705,35.12754583869641,7.383863772070304,3244.699490625522,25.685973309351198,116.92679199999998,116.92679200000002,11.274674744198006,0.1,7.3838614745305975,3245.7033648522356,35.12,25.751267601722194,3243.379696983989,4.227167294105214,2.3038060113928704,4.195800000000006,2.287000000000001,77.0152546607171,39.729868960703904,25.785181139980846,0.5158701238570178,0.6490124889534497,11.249314355556487,42.503861474530595,35.11871458980894,4.195950801225338,2.2870182808378283,25.611957854600835,3244.755833889756
4722,472.20000000003887,42.511409610766705,35.12754583869641,7.383863772070304,3244.699490625522,25.685973309351198,116.92679199999998,116.92679200000002,11.274674744198006,0.1,7.353487250479311,3245.7033648522356,35.12,25.716077812747447,3241.778436796904,4.227167294105214,2.3038060113928704,4.195800000000006,2.287000000000001,77.0152546607171,39.729868960703904,25.785181139980846,0.5158701238570178,0.6490124889534497,11.244258280390763,42.47348725047931,35.179777979078736,4.195576965054721,2.2883148034664105,25.653073442300606,3244.841862490913
4723,472.3000000000389,42.511409610766705,35.12754583869641,7.383863772070304,3244.699490625522,25.685973309351198,116.92679199999998,116.92679200000002,11.274674744198006,0.1,7.313760187763208,3245.7033648522356,35.12,25.716077812747447,3241.778436796904,4.227167294105214,2.3038060113928704,4.195800000000006,2.287000000000001,77.0152546607171,39.729868960703904,25.785181139980846,0.5158701238570178,0.6490124889534497,11.35462639762132,42.433760187763205,35.112568913007166,4.1961231708213855,2.2884931084649827,25.58118763532213,3244.963109861825
4724,472.4000000000389,42.511409610766705,35.12754583869641,7.383863772070304,3244.699490625522,25.685973309351198,116.92679199999998,116.92679200000002,11.274674744198006,0.1,7.400968979097534,3245.7033648522356,35.12,25.716077812747447,3241.778436796904,4.227167294105214,2.3038060113928704,4.195800000000006,2.287000000000001,77.0152546607171,39.729868960703904,25.785181139980846,0.5158701238570178,0.6490124889534497,11.213740123918686,42.52096897909753,35.13740868091302,4.196424063766622,2.2872639768105683,25.64993188983206,3244.7965995290247
4725,472.50000000003894,42.511409610766705,35.12754583869641,7.383863772070304,3244.699490625522,25.685973309351198,116.92679199999998,116.92679200000002,11.274674744198006,0.1,7.324752298894062,3245.7033648522356,35.12,25.716077812747447,3241.778436796904,4.230070145814412,2.303645316490281,4.195800000000006,2.287000000000001,77.0152546607171,39.729868960703904,25.785181139980846,0.5158701238570178,0.6490124889534497,11.225960643774437,42.44475229889406,35.12722734858673,4.195591063060962,2.286812346850747,25.733669741430962,3244.7373877097243
4726,472.60000000003896,42.511409610766705,35.12754583869641,7.383863772070304,3244.699490625522,25.685973309351198,116.92679199999998,116.92679200000002,11.274674744198006,0.1,7.3754500818171,3245.7033648522356,35.12,25.716077812747447,3241.778436796904,4.230070145814412,2.303645316490281,4.195800000000006,2.287000000000001,77.0152546607171,39.729868960703904,25.785181139980846,0.5158701238570178,0.6490124889534497,11.313178047764373,42.4954500818171,35.16321553404597,4.194460273232795,2.286067703795825,25.777442469609557,3244.7277475603037
4727,472.700000000039,42.511409610766705,35.12754583869641,7.383863772070304,3244.699490625522,25.685973309351198,116.92679199999998,116.92679200000002,11.274674744198006,0.1,7.392824644439941,3245.7033648522356,35.12,25.807546395689613,3245.879745303631,4.230070145814412,2.303645316490281,4.195800000000006,2.287000000000001,77.0152546607171,39.729868960703904,25.785181139980846,0.5158701238570178,0.6490124889534497,11.340175111113474,42.51282464443994,35.16300457994644,4.195626789841731,2.2877692259335647,25.645752694972757,3244.6549253153626
4728,472.800000000039,42.511409610766705,35.12754583869641,7.383863772070304,3244.699490625522,25.685973309351198,116.92679199999998,116.92679200000002,11.274674744198006,0.1,7.387765552230583,3245.7033648522356,35.12,25.807546395689613,3245.879745303631,4.230070145814412,2.303645316490281,4.195800000000006,2.287000000000001,77.0152546607171,39.729868960703904,25.785181139980846,0.5158701238570178,0.6490124889534497,11.286139474992545,42.50776555223058,35.06511140165771,4.197221860948215,2.2862132979725533,25.668870752348525,3244.677498293926
4729,472.90000000003903,42.511409610766705,35.12754583869641,7.383863772070304,3244.699490625522,25.685973309351198,116.92679199999998,116.92679200000002,11.274674744198006,0.1,7.387674138977033,3245.7033648522356,35.12,25.807546395689613,3245.879745303631,4.230070145814412,2.303645316490281,4.195800000000006,2.287000000000001,77.0152546607171,39.729868960703904,25.785181139980846,0.5158701238570178,0.6490124889534497,11.21795000881638,42.50767413897703,35.12006502938978,4.194627650676163,2.28715774650488,25.535381142955536,3244.7219441787583
4730,473.00000000003905,42.511409610766705,35.12754583869641,7.383863772070304,3244.699490625522,25.685973309351198,116.92679199999998,116.92679200000002,11.274674744198006,0.1,7.402971342291174,3245.7033648522356,35.12,25.807546395689613,3245.879745303631,4.233472958011002,2.3034707331206112,4.195800000000006,2.287000000000001,77.0152546607171,39.729868960703904,25.785181139980846,0.5158701238570178,0.6490124889534497,11.343357358744653,42.52297134229117,35.16462893838326,4.196040484535463,2.286653577900186,25.685512083885325,3244.6626491231295
4731,473.1000000000391,42.511409610766705,35.12754583869641,7.383863772070304,3244.699490625522,25.685973309351198,116.92679199999998,116.92679200000002,11.274674744198006,0.1,7.3491074382094865,3245.7033648522356,35.12,25.807546395689613,3245.879745303631,4.233472958011002,2.3034707331206112,4.195800000000006,2.287000000000001,77.0152546607171,39.729868960703904,25.785181139980846,0.5158701238570178,0.6490124889534497,11.228829278949664,42.469107438209484,35.1382437168871,4.196389750766622,2.2878801116120386,25.807315071159653,3244.749059615663
4732,473.2000000000391,42.511409610766705,35.12754583869641,7.383863772070304,3244.699490625522,25.685973309351198,116.92679199999998,116.92679200000002,11.274674744198006,0.1,7.385316291914734,3245.7033648522356,35.12,25.760603810543778,3244.630689195635,4.233472958011002,2.3034707331206112,4.195800000000006,2.287000000000001,77.0152546607171,39.729868960703904,25.785181139980846,0.5158701238570178,0.6490124889534497,11.296074143571827,42.50531629191473,35.18670062569567,4.195132866402011,2.288877165726518,25.610456784760004,3244.801005874871
4733,473.3000000000391,42.511409610766705,35.12754583869641,7.383863772070304,3244.699490625522,25.685973309351198,116.92679199999998,116.92679200000002,11.274674744198006,0.1,7.400738540355867,3245.7033648522356,35.12,25.760603810543778,3244.630689195635,4.233472958011002,2.3034707331206112,4.195800000000006,2.287000000000001,77.0152546607171,39.729868960703904,25.785181139980846,0.5158701238570178,0.6490124889534497,11.247633654715827,42.520738540355865,35.16307897684444,4.195281241815205,2.2857828801213076,25.855299217784903,3244.6075116214397
4734,473.40000000003914,42.511409610766705,35.12754583869641,7.383863772070304,3244.699490625522,25.685973309351198,116.92679199999998,116.92679200000002,11.274674744198006,0.1,7.38518648643813,3245.7033648522356,35.12,25.760603810543778,3244.630689195635,4.233472958011002,2.3034707331206112,4.195800000000006,2.287000000000001,77.0152546607171,39.729868960703904,25.785181139980846,0.5158701238570178,0.6490124889534497,11.25181671780033,42.50518648643813,35.10289095852788,4.1953870140283085,2.2872544258351875,25.698709423821015,3244.7279248224518
4735,473.50000000003917,42.511409610766705,35.12754583869641,7.383863772070304,3244.699490625522,25.685973309351198,116.92679199999998,116.92679200000002,11.274674744198006,0.1,7.399741236762431,3245.7033648522356,35.12,25.760603810543778,3244.630689195635,4.239200966539826,2.303370672201575,4.195800000000006,2.287000000000001,77.0152546607171,39.729868960703904,25.785181139980846,0.5158701238570178,0.6490124889534497,11.40724708207418,42.51974123676243,35.18232413902781,4.196190354537451,2.2855115019526706,25.682992178329215,3244.8111317809244
4736,473.6000000000392,42.511409610766705,35.12754583869641,7.383863772070304,3244.699490625522,25.685973309351198,116.92679199999998,116.92679200000002,11.274674744198006,0.1,7.359531170720743,3245.7033648522356,35.12,25.760603810543778,3244.630689195635,4.239200966539826,2.303370672201575,4.195800000000006,2.287000000000001,77.0152546607171,39.729868960703904,25.785181139980846,0.5158701238570178,0.6490124889534497,11.326408687005863,42.47953117072074,35.09729601486246,4.197086884891645,2.2868771794276013,25.672169548512926,3244.6706559717563
4737,473.7000000000392,42.511409610766705,35.12754583869641,7.383863772070304,3244.699490625522,25.685973309351198,116.92679199999998,116.92679200000002,11.274674744198006,0.1,7.388286405688042,3245.7033648522356,35.12,25.832650994813466,3250.282379155606,4.239200966539826,2.303370672201575,4.195800000000006,2.287000000000001,77.0152546607171,39.729868960703904,25.785181139980846,0.5158701238570178,0.6490124889534497,11.410039137384873,42.50828640568804,35.091774519573534,4.1948196259566615,2.2864938748602563,25.55116158493983,3244.687928332158
4738,473.80000000003923,42.511409610766705,35.12754583869641,7.383863772070304,3244.699490625522,25.685973309351198,116.92679199999998,116.92679200000002,11.274674744198006,0.1,7.4321143904903195,3245.7033648522356,35.12,25.832650994813466,3250.282379155606,4.239200966539826,2.303370672201575,4.195800000000006,2.287000000000001,77.0152546607171,39.729868960703904,25.785181139980846,0.5158701238570178,0.6490124889534497,11.327930160409426,42.55211439049032,35.15395387071902,4.196517816352115,2.284170164126838,25.536459327254164,3244.7481345769834
4739,473.90000000003926,42.511409610766705,35.12754583869641,7.383863772070304,3244.699490625522,25.685973309351198,116.92679199999998,116.92679200000002,11.274674744198006,0.1,7.418400922918266,3245.7033648522356,35.12,25.832650994813466,3250.282379155606,4.239200966539826,2.303370672201575,4.195800000000006,2.287000000000001,77.0152546607171,39.729868960703904,25.785181139980846,0.5158701238570178,0.6490124889534497,11.331418779523021,42.538400922918264,35.1250052536271,4.196816516130541,2.286559391041791,25.836667334933573,3244.675039940018
4740,474.0000000000393,42.511409610766705,35.12754583869641,7.383863772070304,3244.699490625522,25.685973309351198,116.92679199999998,116.92679200000002,11.274674744198006,0.1,7.364826991136702,3245.7033648522356,35.12,25.832650994813466,3250.282379155606,4.237947760071688,2.303200485426769,4.195800000000006,2.287000000000001,77.0152546607171,39.729868960703904,25.785181139980846,0.5158701238570178,0.6490124889534497,11.261150908785009,42.4848269911367,35.13626046565388,4.19587633514057,2.285458258819984,25.82684131450509,3244.743044614179
4741,474.1000000000393,42.511409610766705,35.12754583869641,7.383863772070304,3244.699490625522,25.685973309351198,116.92679199999998,116.92679200000002,11.274674744198006,0.1,7.331271001238903,3245.7033648522356,35.12,25.832650994813466,3250.282379155606,4.237947760071688,2.303200485426769,4.195800000000006,2.287000000000001,77.0152546607171,39.729868960703904,25.785181139980846,0.5158701238570178,0.6490124889534497,11.233598526949873,42.4512710012389,35.17756666499994,4.194893495524413,2.2880001108259407,25.670977335367592,3244.5550911963596
4742,474.2000000000393,42.511409610766705,35.12754583869641,7.383863772070304,3244.699490625522,25.685973309351198,116.92679199999998,116.92679200000002,11.274674744198006,0.1,7.431987704250027,3245.7033648522356,35.12,25.725678470897176,3254.021058852841,4.237947760071688,2.303200485426769,4.195800000000006,2.287000000000001,77.0152546607171,39.729868960703904,25.785181139980846,0.5158701238570178,0.6490124889534497,11.324957074911845,42.551987704250024,35.13443526198238,4.19650082045512,2.2848545108368925,25.680380852437345,3244.5726924211835
4743,474.30000000003935,42.511409610766705,35.12754583869641,7.383863772070304,3244.699490625522,25.685973309351198,116.92679199999998,116.92679200000002,11.274674744198006,0.1,7.381794829663001,3245.7033648522356,35.12,25.725678470897176,3254.021058852841,4.237947760071688,2.303200485426769,4.195800000000006,2.287000000000001,77.0152546607171,39.729868960703904,25.785181139980846,0.5158701238570178,0.6490124889534497,11.350516323034268,42.501794829663,35.11857305293149,4.193663306298221,2.287287269775373,25.823696823877036,3244.600428622147
4744,474.40000000003937,42.511409610766705,35.12754583869641,7.383863772070304,3244.699490625522,25.685973309351198,116.92679199999998,116.92679200000002,11.274674744198006,0.1,7.378721415068576,3245.7033648522356,35.12,25.725678470897176,3254.021058852841,4.237947760071688,2.303200485426769,4.195800000000006,2.287000000000001,77.0152546607171,39.729868960703904,25.785181139980846,0.5158701238570178,0.6490124889534497,11.30906084061509,42.49872141506857,35.11520772280111,4.195168190400919,2.2878288140647096,25.662411158369302,3244.902984645017
4745,474.5000000000394,42.511409610766705,35.12754583869641,7.383863772070304,3244.699490625522,25.685973309351198,116.92679199999998,116.92679200000002,11.274674744198006,0.1,7.400631245710684,3245.7033648522356,35.12,25.725678470897176,3254.021058852841,4.241599671604054,2.303093102218859,4.195800000000006,2.287000000000001,77.0152546607171,39.729868960703904,25.785181139980846,0.5158701238570178,0.6490124889534497,11.266079453537836,42.52063124571068,35.15610407367557,4.195674324195697,2.2875479888301156,25.70911583776971,3244.8851484776924
4746,474.6000000000394,42.511409610766705,35.12754583869641,7.383863772070304,3244.699490625522,25.685973309351198,116.92679199999998,116.92679200000002,11.274674744198006,0.1,7.421798266816701,3245.7033648522356,35.12,25.725678470897176,3254.021058852841,4.241599671604054,2.303093102218859,4.195800000000006,2.287000000000001,77.0152546607171,39.729868960703904,25.785181139980846,0.5158701238570178,0.6490124889534497,11.252235905203284,42.5417982668167,35.10097661903492,4.196343991840859,2.2878581031940675,25.747245469338715,3244.7908657289568
4747,474.70000000003944,42.511409610766705,35.12754583869641,7.383863772070304,3244.699490625522,25.685973309351198,116.92679199999998,116.92679200000002,11.274674744198006,0.1,7.443884835676009,3245.7033648522356,35.12,25.70903378902566,3254.4110658513337,4.241599671604054,2.303093102218859,4.195800000000006,2.287000000000001,77.0152546607171,39.729868960703904,25.785181139980846,0.5158701238570178,0.6490124889534497,11.347928137241578,42.563884835676006,35.17298837578066,4.1969584282933265,2.2879807287198894,25.607446467867074,3244.725037313103
4748,474.80000000003946,42.511409610766705,35.12754583869641,7.383863772070304,3244.699490625522,25.685973309351198,116.92679199999998,116.92679200000002,11.274674744198006,0.1,7.378369168509188,3245.7033648522356,35.12,25.70903378902566,3254.4110658513337,4.241599671604054,2.303093102218859,4.195800000000006,2.287000000000001,77.0152546607171,39.729868960703904,25.785181139980846,0.5158701238570178,0.6490124889534497,11.26092009797376,42.498369168509186,35.10026965313698,4.194770632315821,2.285807501792842,25.501538588827405,3244.5596652137515
4749,474.9000000000395,42.511409610766705,35.12754583869641,7.383863772070304,3244.699490625522,25.685973309351198,116.92679199999998,116.92679200000002,11.274674744198006,0.1,7.405725220856887,3245.7033648522356,35.12,25.70903378902566,3254.4110658513337,4.241599671604054,2.303093102218859,4.195800000000006,2.287000000000001,77.0152546607171,39.729868960703904,25.785181139980846,0.5158701238570178,0.6490124889534497,11.338787620291088,42.525725220856884,35.16373487094329,4.194767405640427,2.2867973114761337,25.53895879055955,3244.711143932706
4750,475.0000000000395,42.511409610766705,35.12754583869641,7.383863772070304,3244.699490625522,25.685973309351198,116.92679199999998,116.92679200000002,11.274674744198006,0.1,7.403233411442905,3245.7033648522356,35.12,25.70903378902566,3254.4110658513337,4.243007165914958,2.3028480965550315,4.195800000000006,2.287000000000001,77.0152546607171,39.729868960703904,25.785181139980846,0.5158701238570178,0.6490124889534497,11.304986282831914,42.5232334114429,35.13252551590491,4.197016804576564,2.2861782959071753,25.629585616243734,3244.583158308059
4751,475.10000000003953,42.511409610766705,35.12754583869641,7.383863772070304,3244.699490625522,25.685973309351198,116.92679199999998,116.92679200000002,11.274674744198006,0.1,7.392365813408674,3245.7033648522356,35.12,25.70903378902566,3254.4110658513337,4.243007165914958,2.3028480965550315,4.195800000000006,2.287000000000001,77.0152546607171,39.729868960703904,25.785181139980846,0.5158701238570178,0.6490124889534497,11.239476033451508,42.51236581340867,35.15561379583989,4.196628287756353,2.2867115879165514,25.66150503015696,3244.6589701878247
4752,475.20000000003955,42.511409610766705,35.12754583869641,7.383863772070304,3244.699490625522,25.685973309351198,116.92679199999998,116.92679200000002,11.274674744198006,0.1,7.329658247381531,3245.7033648522356,35.12,25.75067935695502,3253.3133095513936,4.243007165914958,2.3028480965550315,4.195800000000006,2.287000000000001,77.0152546607171,39.729868960703904,25.785181139980846,0.5158701238570178,0.6490124889534497,11.274218886003469,42.44965824738153,35.180715860965755,4.197005784044817,2.2874094241337897,25.593304282182384,3244.728732911055
4753,475.3000000000396,42.511409610766705,35.12754583869641,7.383863772070304,3244.699490625522,25.685973309351198,116.92679199999998,116.92679200000002,11.274674744198006,0.1,7.425424386863689,3245.7033648522356,35.12,25.75067935695502,3253.3133095513936,4.243007165914958,2.3028480965550315,4.195800000000006,2.287000000000001,77.0152546607171,39.729868960703904,25.785181139980846,0.5158701238570178,0.6490124889534497,11.235654795559972,42.54542438686369,35.04527352831262,4.195180353620464,2.2866038217531313,25.659155976845796,3244.8076210852196
4754,475.4000000000396,42.511409610766705,35.12754583869641,7.383863772070304,3244.699490625522,25.685973309351198,116.92679199999998,116.92679200000002,11.274674744198006,0.1,7.384375577732271,3245.7033648522356,35.12,25.75067935695502,3253.3133095513936,4.243007165914958,2.3028480965550315,4.195800000000006,2.287000000000001,77.0152546607171,39.729868960703904,25.785181139980846,0.5158701238570178,0.6490124889534497,11.223995510680787,42.50437557773227,35.095571218293344,4.19789825913975,2.2868679122105733,25.477680242564684,3244.6375443027096
4755,475.5000000000396,42.511409610766705,35.12754583869641,7.383863772070304,3244.699490625522,25.685973309351198,116.92679199999998,116.92679200000002,11.274674744198006,0.1,7.405962820965897,3245.7033648522356,35.12,25.75067935695502,3253.3133095513936,4.245531477740089,2.30271908893019,4.195800000000006,2.287000000000001,77.0152546607171,39.729868960703904,25.785181139980846,0.5158701238570178,0.6490124889534497,11.256917546734634,42.525962820965894,35.16974741999884,4.19745543881085,2.288878598901869,25.910856072191457,3244.6559349721433
4756,475.60000000003964,42.511409610766705,35.12754583869641,7.383863772070304,3244.699490625522,25.685973309351198,116.92679199999998,116.92679200000002,11.274674744198006,0.1,7.414737567655699,3245.7033648522356,35.12,25.75067935695502,3253.3133095513936,4.245531477740089,2.30271908893019,4.195800000000006,2.287000000000001,77.0152546607171,39.729868960703904,25.785181139980846,0.5158701238570178,0.6490124889534497,11.290038584949455,42.5347375676557,35.10254530185968,4.196571714450231,2.285792638451329,25.7714716405536,3244.775089404316
4757,475.70000000003967,42.511409610766705,35.12754583869641,7.383863772070304,3244.699490625522,25.685973309351198,116.92679199999998,116.92679200000002,11.274674744198006,0.1,7.419498190821066,3245.7033648522356,35.12,25.719780279150932,3251.769352789979,4.245531477740089,2.30271908893019,4.195800000000006,2.287000000000001,77.0152546607171,39.729868960703904,25.785181139980846,0.5158701238570178,0.6490124889534497,11.274376673007373,42.539498190821064,35.12414666359943,4.19560777179513,2.2857959819112614,25.675221382730154,3244.783243277407
4758,475.8000000000397,42.511409610766705,35.12754583869641,7.383863772070304,3244.699490625522,25.685973309351198,116.92679199999998,116.92679200000002,11.274674744198006,0.1,7.373631734048743,3245.7033648522356,35.12,25.719780279150932,3251.769352789979,4.245531477740089,2.30271908893019,4.195800000000006,2.287000000000001,77.0152546607171,39.729868960703904,25.785181139980846,0.5158701238570178,0.6490124889534497,11.274059393206507,42.49363173404874,35.111250851950096,4.1957139473389224,2.2871167088956286,25.721854488682816,3244.9672090894846
4759,475.9000000000397,42.511409610766705,35.12754583869641,7.383863772070304,3244.699490625522,25.685973309351198,116.92679199999998,116.92679200000002,11.274674744198006,0.1,7.382173620176474,3245.7033648522356,35.12,25.719780279150932,3251.769352789979,4.245531477740089,2.30271908893019,4.195800000000006,2.287000000000001,77.0152546607171,39.729868960703904,25.785181139980846,0.5158701238570178,0.6490124889534497,11.3053971591558,42.50217362017647,35.15679022248792,4.1952974964052,2.2870075349742702,25.667502766096685,3244.620964854108
4760,476.00000000003973,42.511409610766705,35.12754583869641,7.383863772070304,3244.699490625522,25.685973309351198,116.92679199999998,116.92679200000002,11.274674744198006,0.1,7.351559633057349,3245.7033648522356,35.12,25.719780279150932,3251.769352789979,4.247358260148611,2.3025524233376653,4.195800000000006,2.287000000000001,77.0152546607171,39.729868960703904,25.785181139980846,0.5158701238570178,0.6490124889534497,11.23295125079248,42.471559633057346,35.16795356352621,4.195085361999266,2.2879678149761373,25.52395107820553,3244.5794679642245
4761,476.10000000003976,42.511409610766705,35.12754583869641,7.383863772070304,3244.699490625522,25.685973309351198,116.92679199999998,116.92679200000002,11.274674744198006,0.1,7.420912252648627,3245.7033648522356,35.12,25.719780279150932,3251.769352789979,4.247358260148611,2.3025524233376653,4.195800000000006,2.287000000000001,77.0152546607171,39.729868960703904,25.785181139980846,0.5158701238570178,0.6490124889534497,11.318501922471754,42.540912252648624,35.125903928955324,4.195020061323289,2.2866871041568526,25.66294975919512,3244.569185532643
4762,476.2000000000398,42.511409610766705,35.12754583869641,7.383863772070304,3244.699490625522,25.685973309351198,116.92679199999998,116.92679200000002,11.274674744198006,0.1,7.364638195230533,3245.7033648522356,35.12,25.765162634305263,3252.733710171378,4.247358260148611,2.3025524233376653,4.195800000000006,2.287000000000001,77.0152546607171,39.729868960703904,25.785181139980846,0.5158701238570178,0.6490124889534497,11.364081006809684,42.48463819523053,35.11380314188497,4.1941697875765875,2.288397555105662,25.748897602205513,3244.8298989632153
4763,476.3000000000398,42.511409610766705,35.12754583869641,7.383863772070304,3244.699490625522,25.685973309351198,116.92679199999998,116.92679200000002,11.274674744198006,0.1,7.378370895818193,3245.7033648522356,35.12,25.765162634305263,3252.733710171378,4.247358260148611,2.3025524233376653,4.195800000000006,2.287000000000001,77.0152546607171,39.729868960703904,25.785181139980846,0.5158701238570178,0.6490124889534497,11.257386341310632,42.49837089581819,35.11202088434537,4.196087469333447,2.287034996678478,25.702411174570475,3244.616110432985
4764,476.4000000000398,42.511409610766705,35.12754583869641,7.383863772070304,3244.699490625522,25.685973309351198,116.92679199999998,116.92679200000002,11.274674744198006,0.1,7.389200128631757,3245.7033648522356,35.12,25.765162634305263,3252.733710171378,4.247358260148611,2.3025524233376653,4.195800000000006,2.287000000000001,77.0152546607171,39.729868960703904,25.785181139980846,0.5158701238570178,0.6490124889534497,11.293082474219608,42.509200128631754,35.04704348356355,4.194536882695344,2.2879131128058585,25.57682428152827,3244.7593670083443
4765,476.50000000003985,42.511409610766705,35.12754583869641,7.383863772070304,3244.699490625522,25.685973309351198,116.92679199999998,116.92679200000002,11.274674744198006,0.1,7.398423557183655,3245.7033648522356,35.12,25.765162634305263,3252.733710171378,4.244341704433582,2.302427595380284,4.195800000000006,2.287000000000001,77.0152546607171,39.729868960703904,25.785181139980846,0.5158701238570178,0.6490124889534497,11.267300756024364,42.51842355718365,35.13431513380468,4.195120435737154,2.288192700586907,25.636979731546717,3244.670546368502
4766,476.60000000003987,42.511409610766705,35.12754583869641,7.383863772070304,3244.699490625522,25.685973309351198,116.92679199999998,116.92679200000002,11.274674744198006,0.1,7.4043407138182715,3245.7033648522356,35.12,25.765162634305263,3252.733710171378,4.244341704433582,2.302427595380284,4.195800000000006,2.287000000000001,77.0152546607171,39.729868960703904,25.785181139980846,0.5158701238570178,0.6490124889534497,11.413927261617987,42.52434071381827,35.11903207949981,4.193793793911395,2.2868359956941258,25.747818475165758,3244.5411461656136
4767,476.7000000000399,42.511409610766705,35.12754583869641,7.383863772070304,3244.699490625522,25.685973309351198,116.92679199999998,116.92679200000002,11.274674744198006,0.1,7.400613213817238,3245.7033648522356,35.12,25.672376981575624,3250.2184059478554,4.244341704433582,2.302427595380284,4.195800000000006,2.287000000000001,77.0152546607171,39.729868960703904,25.785181139980846,0.5158701238570178,0.6490124889534497,11.254468316993153,42.520613213817235,35.114467319421465,4.1946848148735,2.2861512110275677,25.844362487254504,3244.7127986138644
4768,476.8000000000399,42.511409610766705,35.12754583869641,7.383863772070304,3244.699490625522,25.685973309351198,116.92679199999998,116.92679200000002,11.274674744198006,0.1,7.381436255016716,3245.7033648522356,35.12,25.672376981575624,3250.2184059478554,4.244341704433582,2.302427595380284,4.195800000000006,2.287000000000001,77.0152546607171,39.729868960703904,25.785181139980846,0.5158701238570178,0.6490124889534497,11.285819873092173,42.50143625501671,35.10608020964508,4.195046079575539,2.2877987987333173,25.648750641382108,3244.5214300625694
4769,476.90000000003994,42.511409610766705,35.12754583869641,7.383863772070304,3244.699490625522,25.685973309351198,116.92679199999998,116.92679200000002,11.274674744198006,0.1,7.371246212793672,3245.7033648522356,35.12,25.672376981575624,3250.2184059478554,4.244341704433582,2.302427595380284,4.195800000000006,2.287000000000001,77.0152546607171,39.729868960703904,25.785181139980846,0.5158701238570178,0.6490124889534497,11.266437216065198,42.49124621279367,35.14379896031692,4.19565112873427,2.2863845632452104,25.68743992198315,3244.8065498510873
4770,477.00000000003996,42.511409610766705,35.12754583869641,7.383863772070304,3244.699490625522,25.685973309351198,116.92679199999998,116.92679200000002,11.274674744198006,0.1,7.350720115869763,3245.7033648522356,35.12,25.672376981575624,3250.2184059478554,4.242442495347541,2.302278072871867,4.195800000000006,2.287000000000001,77.0152546607171,39.729868960703904,25.785181139980846,0.5158701238570178,0.6490124889534497,11.298434134440608,42.47072011586976,35.09381479769337,4.196259977364184,2.2860288398365394,25.836565539719796,3244.6960254217415
4771,477.10000000004,42.511409610766705,35.12754583869641,7.383863772070304,3244.699490625522,25.685973309351198,116.92679199999998,116.92679200000002,11.274674744198006,0.1,7.40824881119795,3245.7033648522356,35.12,25.672376981575624,3250.2184059478554,4.242442495347541,2.302278072871867,4.195800000000006,2.287000000000001,77.0152546607171,39.729868960703904,25.785181139980846,0.5158701238570178,0.6490124889534497,11.347667026277001,42.52824881119795,35.133840185835474,4.195645640393861,2.2865331715220254,25.69614915489908,3244.7991589770936
4772,477.20000000004,42.511409610766705,35.12754583869641,7.383863772070304,3244.699490625522,25.685973309351198,116.92679199999998,116.92679200000002,11.274674744198006,0.1,7.462717820156719,3245.7033648522356,35.12,25.521637694089577,3243.963672614535,4.242442495347541,2.302278072871867,4.195800000000006,2.287000000000001,77.0152546607171,39.729868960703904,25.785181139980846,0.5158701238570178,0.6490124889534497,11.21891098009866,42.58271782015672,35.12945268773784,4.1962242867583015,2.2867014223767086,25.590686364090224,3244.804189587418
4773,477.30000000004003,42.511409610766705,35.12754583869641,7.383863772070304,3244.699490625522,25.685973309351198,116.92679199999998,116.92679200000002,11.274674744198006,0.1,7.368567203489064,3245.7033648522356,35.12,25.521637694089577,3243.963672614535,4.242442495347541,2.302278072871867,4.195800000000006,2.287000000000001,77.0152546607171,39.729868960703904,25.785181139980846,0.5158701238570178,0.6490124889534497,11.350657592116777,42.48856720348906,35.106011391831885,4.196029473252598,2.285980173889508,25.53065565785913,3244.782645097067
4774,477.40000000004005,42.511409610766705,35.12754583869641,7.383863772070304,3244.699490625522,25.685973309351198,116.92679199999998,116.92679200000002,11.274674744198006,0.1,7.380243730475584,3245.7033648522356,35.12,25.521637694089577,3243.963672614535,4.242442495347541,2.302278072871867,4.195800000000006,2.287000000000001,77.0152546607171,39.729868960703904,25.785181139980846,0.5158701238570178,0.6490124889534497,11.279973234768914,42.50024373047558,35.139597919819586,4.195790145044899,2.28704539356907,25.69710496084189,3244.602078153692
4775,477.5000000000401,42.511409610766705,35.12754583869641,7.383863772070304,3244.699490625522,25.685973309351198,116.92679199999998,116.92679200000002,11.274674744198006,0.1,7.429661148223701,3245.7033648522356,35.12,25.521637694089577,3243.963672614535,4.246549618247374,2.3021397299685575,4.195800000000006,2.287000000000001,77.0152546607171,39.729868960703904,25.785181139980846,0.5158701238570178,0.6490124889534497,11.332257883770955,42.5496611482237,35.160908354564846,4.19785196991344,2.28606710616693,25.770081438436243,3244.716143323001
4776,477.6000000000401,42.511409610766705,35.12754583869641,7.383863772070304,3244.699490625522,25.685973309351198,116.92679199999998,116.92679200000002,11.274674744198006,0.1,7.374108660793937,3245.7033648522356,35.12,25.521637694089577,3243.963672614535,4.246549618247374,2.3021397299685575,4.195800000000006,2.287000000000001,77.0152546607171,39.729868960703904,25.785181139980846,0.5158701238570178,0.6490124889534497,11.295401177645626,42.494108660793934,35.14375932898711,4.195844223617549,2.2852737457184578,25.767567243331285,3244.7040871036033
4777,477.7000000000401,42.511409610766705,35.12754583869641,7.383863772070304,3244.699490625522,25.685973309351198,116.92679199999998,116.92679200000002,11.274674744198006,0.1,7.3777759054449845,3245.7033648522356,35.12,25.729155428889417,3243.5095994808057,4.246549618247374,2.3021397299685575,4.195800000000006,2.287000000000001,77.0152546607171,39.729868960703904,25.785181139980846,0.5158701238570178,0.6490124889534497,11.28366779233721,42.49777590544498,35.100540927828554,4.1953153902740095,2.2864559407542373,25.884764804318703,3244.7467666129314
4778,477.80000000004014,42.511409610766705,35.12754583869641,7.383863772070304,3244.699490625522,25.685973309351198,116.92679199999998,116.92679200000002,11.274674744198006,0.1,7.347918502287541,3245.7033648522356,35.12,25.729155428889417,3243.5095994808057,4.246549618247374,2.3021397299685575,4.195800000000006,2.287000000000001,77.0152546607171,39.729868960703904,25.785181139980846,0.5158701238570178,0.6490124889534497,11.298509932208338,42.46791850228754,35.08858330999538,4.196844153019447,2.2885569010126683,25.53346191580218,3244.804117236246
4779,477.90000000004017,42.511409610766705,35.12754583869641,7.383863772070304,3244.699490625522,25.685973309351198,116.92679199999998,116.92679200000002,11.274674744198006,0.1,7.3668468386467225,3245.7033648522356,35.12,25.729155428889417,3243.5095994808057,4.246549618247374,2.3021397299685575,4.195800000000006,2.287000000000001,77.0152546607171,39.729868960703904,25.785181139980846,0.5158701238570178,0.6490124889534497,11.292464956551141,42.48684683864672,35.08649507417742,4.196302531026261,2.2853897114998003,25.621996658654815,3244.6694559487555
4780,478.0000000000402,42.511409610766705,35.12754583869641,7.383863772070304,3244.699490625522,25.685973309351198,116.92679199999998,116.92679200000002,11.274674744198006,0.1,7.385777766289806,3245.7033648522356,35.12,25.729155428889417,3243.5095994808057,4.242712110298477,2.3019857043951624,4.195800000000006,2.287000000000001,77.0152546607171,39.729868960703904,25.785181139980846,0.5158701238570178,0.6490124889534497,11.25722488022368,42.5057777662898,35.106806390973226,4.195994765772805,2.2866130125671567,25.625728800454958,3244.6926949827102
4781,478.1000000000402,42.511409610766705,35.12754583869641,7.383863772070304,3244.699490625522,25.685973309351198,116.92679199999998,116.92679200000002,11.274674744198006,0.1,7.386975532703765,3245.7033648522356,35.12,25.729155428889417,3243.5095994808057,4.242712110298477,2.3019857043951624,4.195800000000006,2.287000000000001,77.0152546607171,39.729868960703904,25.785181139980846,0.5158701238570178,0.6490124889534497,11.268272345360701,42.50697553270376,35.101987065651805,4.196230147479047,2.288474119168078,25.67071047588598,3244.695679075417
4782,478.20000000004023,42.511409610766705,35.12754583869641,7.383863772070304,3244.699490625522,25.685973309351198,116.92679199999998,116.92679200000002,11.274674744198006,0.1,7.3892256245113614,3245.7033648522356,35.12,25.739919647707524,3243.523983511209,4.242712110298477,2.3019857043951624,4.195800000000006,2.287000000000001,77.0152546607171,39.729868960703904,25.785181139980846,0.5158701238570178,0.6490124889534497,11.271809840815978,42.50922562451136,35.13214625211973,4.194236032239719,2.286828522516967,25.615336868210267,3244.72867248346
4783,478.30000000004026,42.511409610766705,35.12754583869641,7.383863772070304,3244.699490625522,25.685973309351198,116.92679199999998,116.92679200000002,11.274674744198006,0.1,7.3870578014023565,3245.7033648522356,35.12,25.739919647707524,3243.523983511209,4.242712110298477,2.3019857043951624,4.195800000000006,2.287000000000001,77.0152546607171,39.729868960703904,25.785181139980846,0.5158701238570178,0.6490124889534497,11.259174376648861,42.507057801402354,35.1267581174378,4.197175135810556,2.286140194183951,25.672023107025836,3244.619018620575
4784,478.4000000000403,42.511409610766705,35.12754583869641,7.383863772070304,3244.699490625522,25.685973309351198,116.92679199999998,116.92679200000002,11.274674744198006,0.1,7.410054818596194,3245.7033648522356,35.12,25.739919647707524,3243.523983511209,4.242712110298477,2.3019857043951624,4.195800000000006,2.287000000000001,77.0152546607171,39.729868960703904,25.785181139980846,0.5158701238570178,0.6490124889534497,11.253386412409974,42.53005481859619,35.13082250652446,4.196428870733951,2.287869081422356,25.64577203091961,3244.657559374052
4785,478.5000000000403,42.511409610766705,35.12754583869641,7.383863772070304,3244.699490625522,25.685973309351198,116.92679199999998,116.92679200000002,11.274674744198006,0.1,7.406362812111496,3245.7033648522356,35.12,25.739919647707524,3243.523983511209,4.243883332192708,2.301814813917195,4.195800000000006,2.287000000000001,77.0152546607171,39.729868960703904,25.785181139980846,0.5158701238570178,0.6490124889534497,11.280668045338524,42.52636281211149,35.127066589523544,4.196883649393938,2.287710025403358,25.760952903418584,3244.640590479017
4786,478.6000000000403,42.511409610766705,35.12754583869641,7.383863772070304,3244.699490625522,25.685973309351198,116.92679199999998,116.92679200000002,11.274674744198006,0.1,7.405958590783079,3245.7033648522356,35.12,25.739919647707524,3243.523983511209,4.243883332192708,2.301814813917195,4.195800000000006,2.287000000000001,77.0152546607171,39.729868960703904,25.785181139980846,0.5158701238570178,0.6490124889534497,11.208989236335118,42.52595859078308,35.11867864624119,4.1947756644787555,2.287520770984609,25.738030680380234,3244.6192868844914
4787,478.70000000004035,42.511409610766705,35.12754583869641,7.383863772070304,3244.699490625522,25.685973309351198,116.92679199999998,116.92679200000002,11.274674744198006,0.1,7.3934870119661795,3245.7033648522356,35.12,25.7150495929855,3242.0985869898423,4.243883332192708,2.301814813917195,4.195800000000006,2.287000000000001,77.0152546607171,39.729868960703904,25.785181139980846,0.5158701238570178,0.6490124889534497,11.224986260816577,42.51348701196618,35.141803066454806,4.196021432611894,2.2880552739495497,25.851129649766808,3244.7300476811215
4788,478.80000000004037,42.511409610766705,35.12754583869641,7.383863772070304,3244.699490625522,25.685973309351198,116.92679199999998,116.92679200000002,11.274674744198006,0.1,7.3808277171498915,3245.7033648522356,35.12,25.7150495929855,3242.0985869898423,4.243883332192708,2.301814813917195,4.195800000000006,2.287000000000001,77.0152546607171,39.729868960703904,25.785181139980846,0.5158701238570178,0.6490124889534497,11.293341267153655,42.50082771714989,35.1581715773393,4.195765483453305,2.2864927431793824,25.56801842883596,3244.7047958844205
4789,478.9000000000404,42.511409610766705,35.12754583869641,7.383863772070304,3244.699490625522,25.685973309351198,116.92679199999998,116.92679200000002,11.274674744198006,0.1,7.483428268763369,3245.7033648522356,35.12,25.7150495929855,3242.0985869898423,4.243883332192708,2.301814813917195,4.195800000000006,2.287000000000001,77.0152546607171,39.729868960703904,25.785181139980846,0.5158701238570178,0.6490124889534497,11.269033936685865,42.603428268763366,35.15693606429058,4.196396149938664,2.2866579851659927,25.751756319761743,3244.667654348328
4790,479.0000000000404,42.511409610766705,35.12754583869641,7.383863772070304,3244.699490625522,25.685973309351198,116.92679199999998,116.92679200000002,11.274674744198006,0.1,7.360707181486184,3245.7033648522356,35.12,25.7150495929855,3242.0985869898423,4.24560711483484,2.301660507180426,4.195800000000006,2.287000000000001,77.0152546607171,39.729868960703904,25.785181139980846,0.5158701238570178,0.6490124889534497,11.293805677462956,42.48070718148618,35.104468328301024,4.19504755637498,2.2888440376027157,25.734949582133208,3244.641580578245
4791,479.10000000004044,42.511409610766705,35.12754583869641,7.383863772070304,3244.699490625522,25.685973309351198,116.92679199999998,116.92679200000002,11.274674744198006,0.1,7.384779758628454,3245.7033648522356,35.12,25.7150495929855,3242.0985869898423,4.24560711483484,2.301660507180426,4.195800000000006,2.287000000000001,77.0152546607171,39.729868960703904,25.785181139980846,0.5158701238570178,0.6490124889534497,11.307334953009688,42.50477975862845,35.143013685203925,4.194909107608587,2.2857114389595727,25.64117222903739,3244.6149062507716
4792,479.20000000004046,42.511409610766705,35.12754583869641,7.383863772070304,3244.699490625522,25.685973309351198,116.92679199999998,116.92679200000002,11.274674744198006,0.1,7.384821238824095,3245.7033648522356,35.12,25.73408000850237,3241.3967710415895,4.24560711483484,2.301660507180426,4.195800000000006,2.287000000000001,77.0152546607171,39.729868960703904,25.785181139980846,0.5158701238570178,0.6490124889534497,11.261542765089006,42.50482123882409,35.104999433864826,4.195369937459395,2.2874342105655954,25.57766885362575,3244.8408034323884
4793,479.3000000000405,42.511409610766705,35.12754583869641,7.383863772070304,3244.699490625522,25.685973309351198,116.92679199999998,116.92679200000002,11.274674744198006,0.1,7.40258812805056,3245.7033648522356,35.12,25.73408000850237,3241.3967710415895,4.24560711483484,2.301660507180426,4.195800000000006,2.287000000000001,77.0152546607171,39.729868960703904,25.785181139980846,0.5158701238570178,0.6490124889534497,11.315890405232672,42.52258812805056,35.150771487300396,4.195712397901652,2.2860147374239546,25.633482331527972,3244.8738471456995
4794,479.4000000000405,42.511409610766705,35.12754583869641,7.383863772070304,3244.699490625522,25.685973309351198,116.92679199999998,116.92679200000002,11.274674744198006,0.1,7.403040436644716,3245.7033648522356,35.12,25.73408000850237,3241.3967710415895,4.24560711483484,2.301660507180426,4.195800000000006,2.287000000000001,77.0152546607171,39.729868960703904,25.785181139980846,0.5158701238570178,0.6490124889534497,11.306737771960595,42.52304043664471,35.13281230602365,4.1961547263203665,2.286242437089916,25.520280192465428,3244.6462898249597
4795,479.50000000004053,42.511409610766705,35.12754583869641,7.383863772070304,3244.699490625522,25.685973309351198,116.92679199999998,116.92679200000002,11.274674744198006,0.1,7.335517919613771,3245.7033648522356,35.12,25.73408000850237,3241.3967710415895,4.249765281479405,2.3014953154841584,4.195800000000006,2.287000000000001,77.0152546607171,39.729868960703904,25.785181139980846,0.5158701238570178,0.6490124889534497,11.27030296768385,42.45551791961377,35.15573848536352,4.196062847283,2.287582352119238,25.63062913781298,3244.586399410383
4796,479.60000000004055,42.511409610766705,35.12754583869641,7.383863772070304,3244.699490625522,25.685973309351198,116.92679199999998,116.92679200000002,11.274674744198006,0.1,7.358476167682028,3245.7033648522356,35.12,25.73408000850237,3241.3967710415895,4.249765281479405,2.3014953154841584,4.195800000000006,2.287000000000001,77.0152546607171,39.729868960703904,25.785181139980846,0.5158701238570178,0.6490124889534497,11.288423903732166,42.478476167682025,35.160949284456095,4.194807018380518,2.2857885954701427,25.77186021213874,3244.5948097306123
4797,479.7000000000406,42.511409610766705,35.12754583869641,7.383863772070304,3244.699490625522,25.685973309351198,116.92679199999998,116.92679200000002,11.274674744198006,0.1,7.33750091967088,3245.7033648522356,35.12,25.737113888871097,3242.050650843968,4.249765281479405,2.3014953154841584,4.195800000000006,2.287000000000001,77.0152546607171,39.729868960703904,25.785181139980846,0.5158701238570178,0.6490124889534497,11.265350101185613,42.45750091967088,35.12320697192196,4.196205670796257,2.285923157431382,25.643657732898202,3244.6803539391376
4798,479.8000000000406,42.511409610766705,35.12754583869641,7.383863772070304,3244.699490625522,25.685973309351198,116.92679199999998,116.92679200000002,11.274674744198006,0.1,7.385943850418904,3245.7033648522356,35.12,25.737113888871097,3242.050650843968,4.249765281479405,2.3014953154841584,4.195800000000006,2.287000000000001,77.0152546607171,39.729868960703904,25.785181139980846,0.5158701238570178,0.6490124889534497,11.28002692508644,42.5059438504189,35.11245077859058,4.194222605580202,2.286606031563664,25.6072447029694,3244.5871729726578
4799,479.9000000000406,42.511409610766705,35.12754583869641,7.383863772070304,3244.699490625522,25.685973309351198,116.92679199999998,116.92679200000002,11.274674744198006,0.1,7.437946997564822,3245.7033648522356,35.12,25.737113888871097,3242.050650843968,4.249765281479405,2.3014953154841584,4.195800000000006,2.287000000000001,77.0152546607171,39.729868960703904,25.785181139980846,0.5158701238570178,0.6490124889534497,11.26723508145893,42.55794699756482,35.11973078951666,4.19534648007752,2.2858972436570655,25.79853836042657,3244.82720105325
4800,480.00000000004064,42.511409610766705,35.12754583869641,7.383863772070304,3244.699490625522,25.685973309351198,116.92679199999998,116.92679200000002,11.274674744198006,0.1,7.40976992635688,3245.7033648522356,35.12,25.737113888871097,3242.050650843968,4.2505152912478605,2.3013700413947884,4.195800000000006,2.287000000000001,77.0152546607171,39.729868960703904,25.785181139980846,0.5158701238570178,0.6490124889534497,11.282217611845114,42.52976992635688,35.1322004932467,4.195754115694102,2.2882678307113404,25.69242320795492,3244.683225244578
4801,480.10000000004067,42.511409610766705,35.12754583869641,7.383863772070304,3244.699490625522,25.685973309351198,116.92679199999998,116.92679200000002,11.274674744198006,0.1,7.440946116449332,3245.7033648522356,35.12,25.737113888871097,3242.050650843968,4.2505152912478605,2.3013700413947884,4.195800000000006,2.287000000000001,77.0152546607171,39.729868960703904,25.785181139980846,0.5158701238570178,0.6490124889534497,11.319997792735352,42.56094611644933,35.12283315086467,4.195485513944857,2.286529581927993,25.644965888577328,3244.790738796316
4802,480.2000000000407,42.511409610766705,35.12754583869641,7.383863772070304,3244.699490625522,25.685973309351198,116.92679199999998,116.92679200000002,11.274674744198006,0.1,7.391098621065744,3245.7033648522356,35.12,25.71909579578373,3241.7724936442123,4.2505152912478605,2.3013700413947884,4.195800000000006,2.287000000000001,77.0152546607171,39.729868960703904,25.785181139980846,0.5158701238570178,0.6490124889534497,11.246927017299733,42.51109862106574,35.096319582925176,4.196781500748372,2.2876456225819317,25.643641740940353,3244.653770136215
4803,480.3000000000407,42.511409610766705,35.12754583869641,7.383863772070304,3244.699490625522,25.685973309351198,116.92679199999998,116.92679200000002,11.274674744198006,0.1,7.335118799056502,3245.7033648522356,35.12,25.71909579578373,3241.7724936442123,4.2505152912478605,2.3013700413947884,4.195800000000006,2.287000000000001,77.0152546607171,39.729868960703904,25.785181139980846,0.5158701238570178,0.6490124889534497,11.263967781604158,42.4551187990565,35.10769869074871,4.197192289694571,2.286508156214081,25.84437646784609,3244.664052509391
4804,480.40000000004073,42.511409610766705,35.12754583869641,7.383863772070304,3244.699490625522,25.685973309351198,116.92679199999998,116.92679200000002,11.274674744198006,0.1,7.396262548204682,3245.7033648522356,35.12,25.71909579578373,3241.7724936442123,4.2505152912478605,2.3013700413947884,4.195800000000006,2.287000000000001,77.0152546607171,39.729868960703904,25.785181139980846,0.5158701238570178,0.6490124889534497,11.250434892730924,42.51626254820468,35.09586365249276,4.194350296114776,2.2852110566644868,25.88691949541886,3244.807298802148
4805,480.50000000004076,42.511409610766705,35.12754583869641,7.383863772070304,3244.699490625522,25.685973309351198,116.92679199999998,116.92679200000002,11.274674744198006,0.1,7.3919555600089595,3245.7033648522356,35.12,25.71909579578373,3241.7724936442123,4.247426565994719,2.3012019459016724,4.195800000000006,2.287000000000001,77.0152546607171,39.729868960703904,25.785181139980846,0.5158701238570178,0.6490124889534497,11.19765798879371,42.51195556000896,35.10326395388867,4.197047215679287,2.287849314118683,25.514318340986588,3244.6209121235465
4806,480.6000000000408,42.511409610766705,35.12754583869641,7.383863772070304,3244.699490625522,25.685973309351198,116.92679199999998,116.92679200000002,11.274674744198006,0.1,7.420921217647809,3245.7033648522356,35.12,25.71909579578373,3241.7724936442123,4.247426565994719,2.3012019459016724,4.195800000000006,2.287000000000001,77.0152546607171,39.729868960703904,25.785181139980846,0.5158701238570178,0.6490124889534497,11.253143073321432,42.540921217647806,35.07091924596937,4.195434326977555,2.2864483483166476,25.579255689121336,3244.6237015804436
4807,480.7000000000408,42.511409610766705,35.12754583869641,7.383863772070304,3244.699490625522,25.685973309351198,116.92679199999998,116.92679200000002,11.274674744198006,0.1,7.390531468815325,3245.7033648522356,35.12,25.695220794785563,3240.964748219944,4.247426565994719,2.3012019459016724,4.195800000000006,2.287000000000001,77.0152546607171,39.729868960703904,25.785181139980846,0.5158701238570178,0.6490124889534497,11.224818316676412,42.51053146881532,35.15126969921027,4.196949279268645,2.2871493010487676,25.54594340150458,3244.7195132436536
4808,480.8000000000408,42.511409610766705,35.12754583869641,7.383863772070304,3244.699490625522,25.685973309351198,116.92679199999998,116.92679200000002,11.274674744198006,0.1,7.419203331087317,3245.7033648522356,35.12,25.695220794785563,3240.964748219944,4.247426565994719,2.3012019459016724,4.195800000000006,2.287000000000001,77.0152546607171,39.729868960703904,25.785181139980846,0.5158701238570178,0.6490124889534497,11.290757568450243,42.539203331087315,35.16493878895569,4.195729229872365,2.2871252437117304,25.81310612844792,3244.6590722610285
4809,480.90000000004085,42.511409610766705,35.12754583869641,7.383863772070304,3244.699490625522,25.685973309351198,116.92679199999998,116.92679200000002,11.274674744198006,0.1,7.382710323312452,3245.7033648522356,35.12,25.695220794785563,3240.964748219944,4.247426565994719,2.3012019459016724,4.195800000000006,2.287000000000001,77.0152546607171,39.729868960703904,25.785181139980846,0.5158701238570178,0.6490124889534497,11.200687613308506,42.50271032331245,35.144929269768184,4.196974310596068,2.2886783283037615,25.896809745203434,3244.806599187918
4810,481.00000000004087,42.511409610766705,35.12754583869641,7.383863772070304,3244.699490625522,25.685973309351198,116.92679199999998,116.92679200000002,11.274674744198006,0.1,7.40053328689045,3245.7033648522356,35.12,25.695220794785563,3240.964748219944,4.253088545514886,2.3010761803665742,4.195800000000006,2.287000000000001,77.0152546607171,39.729868960703904,25.785181139980846,0.5158701238570178,0.6490124889534497,11.321038778184358,42.52053328689045,35.17996980032869,4.194448600728579,2.2855897400432075,25.66103240976594,3244.7022613382123
4811,481.1000000000409,42.511409610766705,35.12754583869641,7.383863772070304,3244.699490625522,25.685973309351198,116.92679199999998,116.92679200000002,11.274674744198006,0.1,7.383644492851772,3245.7033648522356,35.12,25.695220794785563,3240.964748219944,4.253088545514886,2.3010761803665742,4.195800000000006,2.287000000000001,77.0152546607171,39.729868960703904,25.785181139980846,0.5158701238570178,0.6490124889534497,11.339842021519463,42.50364449285177,35.161110860298464,4.197196915074286,2.285944710477567,25.682638668724515,3244.9539236441638
4812,481.2000000000409,42.511409610766705,35.12754583869641,7.383863772070304,3244.699490625522,25.685973309351198,116.92679199999998,116.92679200000002,11.274674744198006,0.1,7.384404582070054,3245.7033648522356,35.12,25.73909492927428,3237.9614864605123,4.253088545514886,2.3010761803665742,4.195800000000006,2.287000000000001,77.0152546607171,39.729868960703904,25.785181139980846,0.5158701238570178,0.6490124889534497,11.305521300625019,42.50440458207005,35.10068057252398,4.196279575180716,2.286797450923618,25.809428665052117,3244.9021116257677
4813,481.30000000004094,42.511409610766705,35.12754583869641,7.383863772070304,3244.699490625522,25.685973309351198,116.92679199999998,116.92679200000002,11.274674744198006,0.1,7.409424507400608,3245.7033648522356,35.12,25.73909492927428,3237.9614864605123,4.253088545514886,2.3010761803665742,4.195800000000006,2.287000000000001,77.0152546607171,39.729868960703904,25.785181139980846,0.5158701238570178,0.6490124889534497,11.271153522028069,42.529424507400606,35.18582946419362,4.198538069398479,2.2864365763361865,25.72030921018812,3244.639037754159
4814,481.40000000004096,42.511409610766705,35.12754583869641,7.383863772070304,3244.699490625522,25.685973309351198,116.92679199999998,116.92679200000002,11.274674744198006,0.1,7.389177580551632,3245.7033648522356,35.12,25.73909492927428,3237.9614864605123,4.253088545514886,2.3010761803665742,4.195800000000006,2.287000000000001,77.0152546607171,39.729868960703904,25.785181139980846,0.5158701238570178,0.6490124889534497,11.326270615920976,42.50917758055163,35.1569492548494,4.194529354098557,2.2881989857339,25.522789546845825,3244.7219756144755
4815,481.500000000041,42.511409610766705,35.12754583869641,7.383863772070304,3244.699490625522,25.685973309351198,116.92679199999998,116.92679200000002,11.274674744198006,0.1,7.37131290183904,3245.7033648522356,35.12,25.73909492927428,3237.9614864605123,4.253926104549406,2.300963616254445,4.195800000000006,2.287000000000001,77.0152546607171,39.729868960703904,25.785181139980846,0.5158701238570178,0.6490124889534497,11.264429377132181,42.49131290183904,35.101659141473604,4.19530101700572,2.2868485522412625,25.767164143314545,3244.7791138121606
4816,481.600000000041,42.511409610766705,35.12754583869641,7.383863772070304,3244.699490625522,25.685973309351198,116.92679199999998,116.92679200000002,11.274674744198006,0.1,7.363562861438012,3245.7033648522356,35.12,25.73909492927428,3237.9614864605123,4.253926104549406,2.300963616254445,4.195800000000006,2.287000000000001,77.0152546607171,39.729868960703904,25.785181139980846,0.5158701238570178,0.6490124889534497,11.281122510329006,42.48356286143801,35.12069187485697,4.194595861572659,2.28711281389005,25.646963364534884,3244.4579516413796
4817,481.70000000004103,42.511409610766705,35.12754583869641,7.383863772070304,3244.699490625522,25.685973309351198,116.92679199999998,116.92679200000002,11.274674744198006,0.1,7.38300432218854,3245.7033648522356,35.12,25.750958823452766,3240.7772655977788,4.253926104549406,2.300963616254445,4.195800000000006,2.287000000000001,77.0152546607171,39.729868960703904,25.785181139980846,0.5158701238570178,0.6490124889534497,11.275349006210398,42.50300432218854,35.13905298483763,4.196063007891133,2.2865334476131762,25.6242015368181,3244.674952456761
4818,481.80000000004105,42.511409610766705,35.12754583869641,7.383863772070304,3244.699490625522,25.685973309351198,116.92679199999998,116.92679200000002,11.274674744198006,0.1,7.427620628947814,3245.7033648522356,35.12,25.750958823452766,3240.7772655977788,4.253926104549406,2.300963616254445,4.195800000000006,2.287000000000001,77.0152546607171,39.729868960703904,25.785181139980846,0.5158701238570178,0.6490124889534497,11.193692925408609,42.54762062894781,35.113890217519014,4.195021218589542,2.287091321083687,25.657601800830275,3244.722402772492
4819,481.9000000000411,42.511409610766705,35.12754583869641,7.383863772070304,3244.699490625522,25.685973309351198,116.92679199999998,116.92679200000002,11.274674744198006,0.1,7.45277415056308,3245.7033648522356,35.12,25.750958823452766,3240.7772655977788,4.253926104549406,2.300963616254445,4.195800000000006,2.287000000000001,77.0152546607171,39.729868960703904,25.785181139980846,0.5158701238570178,0.6490124889534497,11.314623548728534,42.57277415056308,35.14811845696389,4.1976054318659415,2.2880843155885278,25.783376939338496,3244.6464686049203
4820,482.0000000000411,42.511409610766705,35.12754583869641,7.383863772070304,3244.699490625522,25.685973309351198,116.92679199999998,116.92679200000002,11.274674744198006,0.1,7.372282683915479,3245.7033648522356,35.12,25.750958823452766,3240.7772655977788,4.258166752098336,2.30080922590303,4.195800000000006,2.287000000000001,77.0152546607171,39.729868960703904,25.785181139980846,0.5158701238570178,0.6490124889534497,11.353127984445777,42.49228268391548,35.160630262796865,4.195986521892243,2.28737374990728,25.420130306839226,3244.7872583509143
4821,482.1000000000411,42.511409610766705,35.12754583869641,7.383863772070304,3244.699490625522,25.685973309351198,116.92679199999998,116.92679200000002,11.274674744198006,0.1,7.383169626461431,3245.7033648522356,35.12,25.750958823452766,3240.7772655977788,4.258166752098336,2.30080922590303,4.195800000000006,2.287000000000001,77.0152546607171,39.729868960703904,25.785181139980846,0.5158701238570178,0.6490124889534497,11.190459150619084,42.50316962646143,35.11532946120237,4.196105448107832,2.286728331598212,25.53685978324087,3244.7572494024007
4822,482.20000000004114,42.511409610766705,35.12754583869641,7.383863772070304,3244.699490625522,25.685973309351198,116.92679199999998,116.92679200000002,11.274674744198006,0.1,7.403200672789339,3245.7033648522356,35.12,25.72603278056664,3240.8392375868193,4.258166752098336,2.30080922590303,4.195800000000006,2.287000000000001,77.0152546607171,39.729868960703904,25.785181139980846,0.5158701238570178,0.6490124889534497,11.246929311457862,42.523200672789336,35.08674319563303,4.197168962407927,2.287175448331007,25.613690702995576,3244.7230916184103
4823,482.30000000004117,42.511409610766705,35.12754583869641,7.383863772070304,3244.699490625522,25.685973309351198,116.92679199999998,116.92679200000002,11.274674744198006,0.1,7.402979971558338,3245.7033648522356,35.12,25.72603278056664,3240.8392375868193,4.258166752098336,2.30080922590303,4.195800000000006,2.287000000000001,77.0152546607171,39.729868960703904,25.785181139980846,0.5158701238570178,0.6490124889534497,11.334264832595242,42.522979971558335,35.12635559068019,4.196568309385418,2.2880883186555754,25.58716311102103,3244.92314153046
4824,482.4000000000412,42.511409610766705,35.12754583869641,7.383863772070304,3244.699490625522,25.685973309351198,116.92679199999998,116.92679200000002,11.274674744198006,0.1,7.381120466091595,3245.7033648522356,35.12,25.72603278056664,3240.8392375868193,4.258166752098336,2.30080922590303,4.195800000000006,2.287000000000001,77.0152546607171,39.729868960703904,25.785181139980846,0.5158701238570178,0.6490124889534497,11.260638840317853,42.50112046609159,35.109608291056574,4.195116146708707,2.2889590243680233,25.7304654150654,3244.6927955469187
4825,482.5000000000412,42.511409610766705,35.12754583869641,7.383863772070304,3244.699490625522,25.685973309351198,116.92679199999998,116.92679200000002,11.274674744198006,0.1,7.373495140711832,3245.7033648522356,35.12,25.72603278056664,3240.8392375868193,4.254967711815461,2.300690965222472,4.195800000000006,2.287000000000001,77.0152546607171,39.729868960703904,25.785181139980846,0.5158701238570178,0.6490124889534497,11.307737286062055,42.49349514071183,35.10797952406446,4.195660111485586,2.288259052060613,25.60228499181836,3244.8501006351685
4826,482.60000000004123,42.511409610766705,35.12754583869641,7.383863772070304,3244.699490625522,25.685973309351198,116.92679199999998,116.92679200000002,11.274674744198006,0.1,7.373229552683597,3245.7033648522356,35.12,25.72603278056664,3240.8392375868193,4.254967711815461,2.300690965222472,4.195800000000006,2.287000000000001,77.0152546607171,39.729868960703904,25.785181139980846,0.5158701238570178,0.6490124889534497,11.31798984391469,42.493229552683594,35.148757887875746,4.195159954199038,2.2866270336132506,25.8438047780814,3244.765979913826
4827,482.70000000004126,42.511409610766705,35.12754583869641,7.383863772070304,3244.699490625522,25.685973309351198,116.92679199999998,116.92679200000002,11.274674744198006,0.1,7.460377831414867,3245.7033648522356,35.12,25.75185392884473,3242.0132977094063,4.254967711815461,2.300690965222472,4.195800000000006,2.287000000000001,77.0152546607171,39.729868960703904,25.785181139980846,0.5158701238570178,0.6490124889534497,11.296696241601092,42.580377831414864,35.10691683453377,4.195833908058995,2.2847711858310396,25.62811641963927,3244.4794919289316
4828,482.8000000000413,42.511409610766705,35.12754583869641,7.383863772070304,3244.699490625522,25.685973309351198,116.92679199999998,116.92679200000002,11.274674744198006,0.1,7.363587668631951,3245.7033648522356,35.12,25.75185392884473,3242.0132977094063,4.254967711815461,2.300690965222472,4.195800000000006,2.287000000000001,77.0152546607171,39.729868960703904,25.785181139980846,0.5158701238570178,0.6490124889534497,11.193683914552993,42.48358766863195,35.096162886107486,4.19774793476699,2.2877169781997595,25.652660202690598,3244.7729498392664
4829,482.9000000000413,42.511409610766705,35.12754583869641,7.383863772070304,3244.699490625522,25.685973309351198,116.92679199999998,116.92679200000002,11.274674744198006,0.1,7.425160624711275,3245.7033648522356,35.12,25.75185392884473,3242.0132977094063,4.254967711815461,2.300690965222472,4.195800000000006,2.287000000000001,77.0152546607171,39.729868960703904,25.785181139980846,0.5158701238570178,0.6490124889534497,11.251871204386278,42.54516062471127,35.03824727149538,4.195111313194312,2.2881816635193255,25.55333906756492,3244.6519624894327
4830,483.0000000000413,42.511409610766705,35.12754583869641,7.383863772070304,3244.699490625522,25.685973309351198,116.92679199999998,116.92679200000002,11.274674744198006,0.1,7.393889233316003,3245.7033648522356,35.12,25.75185392884473,3242.0132977094063,4.256523648200771,2.3005038775645064,4.195800000000006,2.287000000000001,77.0152546607171,39.729868960703904,25.785181139980846,0.5158701238570178,0.6490124889534497,11.242877039969272,42.513889233316,35.184879595114516,4.195296232728619,2.2875780870843387,25.821985950309262,3244.737381015991
4831,483.10000000004135,42.511409610766705,35.12754583869641,7.383863772070304,3244.699490625522,25.685973309351198,116.92679199999998,116.92679200000002,11.274674744198006,0.1,7.4005999295390055,3245.7033648522356,35.12,25.75185392884473,3242.0132977094063,4.256523648200771,2.3005038775645064,4.195800000000006,2.287000000000001,77.0152546607171,39.729868960703904,25.785181139980846,0.5158701238570178,0.6490124889534497,11.299194895992711,42.520599929539,35.11060306503531,4.1973207925087,2.285649478417829,25.75582588088877,3244.83493940523
4832,483.20000000004137,42.511409610766705,35.12754583869641,7.383863772070304,3244.699490625522,25.685973309351198,116.92679199999998,116.92679200000002,11.274674744198006,0.1,7.435004396476941,3245.7033648522356,35.12,25.755255863628307,3243.8296971571476,4.256523648200771,2.3005038775645064,4.195800000000006,2.287000000000001,77.0152546607171,39.729868960703904,25.785181139980846,0.5158701238570178,0.6490124889534497,11.291546210970985,42.55500439647694,35.096341991340836,4.196699006433472,2.287273206654439,25.57654062385958,3244.644922068755
4833,483.3000000000414,42.511409610766705,35.12754583869641,7.383863772070304,3244.699490625522,25.685973309351198,116.92679199999998,116.92679200000002,11.274674744198006,0.1,7.455639902382714,3245.7033648522356,35.12,25.755255863628307,3243.8296971571476,4.256523648200771,2.3005038775645064,4.195800000000006,2.287000000000001,77.0152546607171,39.729868960703904,25.785181139980846,0.5158701238570178,0.6490124889534497,11.219414537521876,42.57563990238271,35.10872322033243,4.195496493761704,2.2866036683963857,25.495020181340475,3244.5708015945575
4834,483.4000000000414,42.511409610766705,35.12754583869641,7.383863772070304,3244.699490625522,25.685973309351198,116.92679199999998,116.92679200000002,11.274674744198006,0.1,7.40250371903776,3245.7033648522356,35.12,25.755255863628307,3243.8296971571476,4.256523648200771,2.3005038775645064,4.195800000000006,2.287000000000001,77.0152546607171,39.729868960703904,25.785181139980846,0.5158701238570178,0.6490124889534497,11.25996011574387,42.52250371903776,35.12263231317484,4.19919431107593,2.2850624578808953,25.727734035233805,3244.7023860398167
4835,483.50000000004144,42.511409610766705,35.12754583869641,7.383863772070304,3244.699490625522,25.685973309351198,116.92679199999998,116.92679200000002,11.274674744198006,0.1,7.374864347324632,3245.7033648522356,35.12,25.755255863628307,3243.8296971571476,4.253437553268705,2.3003685838283543,4.195800000000006,2.287000000000001,77.0152546607171,39.729868960703904,25.785181139980846,0.5158701238570178,0.6490124889534497,11.264275063004934,42.49486434732463,35.12185458708111,4.196725579693162,2.286521916589505,25.689411890806035,3244.7843449188777
4836,483.60000000004146,42.511409610766705,35.12754583869641,7.383863772070304,3244.699490625522,25.685973309351198,116.92679199999998,116.92679200000002,11.274674744198006,0.1,7.376004974174798,3245.7033648522356,35.12,25.755255863628307,3243.8296971571476,4.253437553268705,2.3003685838283543,4.195800000000006,2.287000000000001,77.0152546607171,39.729868960703904,25.785181139980846,0.5158701238570178,0.6490124889534497,11.250134329189107,42.496004974174795,35.179927361245404,4.193365340093208,2.2877413424742423,25.671047510268693,3244.610056413113
4837,483.7000000000415,42.511409610766705,35.12754583869641,7.383863772070304,3244.699490625522,25.685973309351198,116.92679199999998,116.92679200000002,11.274674744198006,0.1,7.405067958850573,3245.7033648522356,35.12,25.8504065418249,3248.6787989255126,4.253437553268705,2.3003685838283543,4.195800000000006,2.287000000000001,77.0152546607171,39.729868960703904,25.785181139980846,0.5158701238570178,0.6490124889534497,11.381642753603268,42.52506795885057,35.079478933568275,4.1962318723726755,2.287348427008262,25.633118173165652,3244.5376259814802
4838,483.8000000000415,42.511409610766705,35.12754583869641,7.383863772070304,3244.699490625522,25.685973309351198,116.92679199999998,116.92679200000002,11.274674744198006,0.1,7.408190849654048,3245.7033648522356,35.12,25.8504065418249,3248.6787989255126,4.253437553268705,2.3003685838283543,4.195800000000006,2.287000000000001,77.0152546607171,39.729868960703904,25.785181139980846,0.5158701238570178,0.6490124889534497,11.191880462268958,42.528190849654045,35.11080162724193,4.197207618910193,2.2891763761664308,25.67385526212237,3244.862308949585
4839,483.90000000004153,42.511409610766705,35.12754583869641,7.383863772070304,3244.699490625522,25.685973309351198,116.92679199999998,116.92679200000002,11.274674744198006,0.1,7.410322583447503,3245.7033648522356,35.12,25.8504065418249,3248.6787989255126,4.253437553268705,2.3003685838283543,4.195800000000006,2.287000000000001,77.0152546607171,39.729868960703904,25.785181139980846,0.5158701238570178,0.6490124889534497,11.25654997682599,42.5303225834475,35.11984125172986,4.194248157508712,2.2884639569163925,25.69233857602762,3244.6466238152775
4840,484.00000000004155,42.511409610766705,35.12754583869641,7.383863772070304,3244.699490625522,25.685973309351198,116.92679199999998,116.92679200000002,11.274674744198006,0.1,7.412214383880595,3245.7033648522356,35.12,25.8504065418249,3248.6787989255126,4.25584616768482,2.3002691717073356,4.195800000000006,2.287000000000001,77.0152546607171,39.729868960703904,25.785181139980846,0.5158701238570178,0.6490124889534497,11.325769012952119,42.53221438388059,35.15604628024974,4.1965165410266705,2.2873569092774337,25.787031282761497,3244.9445382657464
4841,484.1000000000416,42.511409610766705,35.12754583869641,7.383863772070304,3244.699490625522,25.685973309351198,116.92679199999998,116.92679200000002,11.274674744198006,0.1,7.3835972530715,3245.7033648522356,35.12,25.8504065418249,3248.6787989255126,4.25584616768482,2.3002691717073356,4.195800000000006,2.287000000000001,77.0152546607171,39.729868960703904,25.785181139980846,0.5158701238570178,0.6490124889534497,11.25440376090061,42.5035972530715,35.11393218859125,4.196800677888863,2.2862939652434706,25.604771487815995,3244.634938963665
4842,484.2000000000416,42.511409610766705,35.12754583869641,7.383863772070304,3244.699490625522,25.685973309351198,116.92679199999998,116.92679200000002,11.274674744198006,0.1,7.402426088135421,3245.7033648522356,35.12,25.76373156128342,3249.3592928559665,4.25584616768482,2.3002691717073356,4.195800000000006,2.287000000000001,77.0152546607171,39.729868960703904,25.785181139980846,0.5158701238570178,0.6490124889534497,11.287953181480537,42.52242608813542,35.147592416177915,4.196008087133209,2.285825937714022,25.63831933202804,3244.732226618048
4843,484.3000000000416,42.511409610766705,35.12754583869641,7.383863772070304,3244.699490625522,25.685973309351198,116.92679199999998,116.92679200000002,11.274674744198006,0.1,7.42627296735408,3245.7033648522356,35.12,25.76373156128342,3249.3592928559665,4.25584616768482,2.3002691717073356,4.195800000000006,2.287000000000001,77.0152546607171,39.729868960703904,25.785181139980846,0.5158701238570178,0.6490124889534497,11.23151055558598,42.54627296735408,35.095948919039145,4.194106248207029,2.2894189866065884,25.771419888092172,3244.823572089836
4844,484.40000000004164,42.511409610766705,35.12754583869641,7.383863772070304,3244.699490625522,25.685973309351198,116.92679199999998,116.92679200000002,11.274674744198006,0.1,7.404494154344384,3245.7033648522356,35.12,25.76373156128342,3249.3592928559665,4.25584616768482,2.3002691717073356,4.195800000000006,2.287000000000001,77.0152546607171,39.729868960703904,25.785181139980846,0.5158701238570178,0.6490124889534497,11.27838672472455,42.52449415434438,35.142469562191565,4.195648835154369,2.2881515824662366,25.838599124032292,3244.6347244063954
4845,484.50000000004167,42.511409610766705,35.12754583869641,7.383863772070304,3244.699490625522,25.685973309351198,116.92679199999998,116.92679200000002,11.274674744198006,0.1,7.4074897861569085,3245.7033648522356,35.12,25.76373156128342,3249.3592928559665,4.258331087747672,2.3000078933398354,4.195800000000006,2.287000000000001,77.0152546607171,39.729868960703904,25.785181139980846,0.5158701238570178,0.6490124889534497,11.372521468383692,42.527489786156906,35.169466931505795,4.195942732316752,2.2859810567323957,25.534480054068496,3244.584315084002
4846,484.6000000000417,42.511409610766705,35.12754583869641,7.383863772070304,3244.699490625522,25.685973309351198,116.92679199999998,116.92679200000002,11.274674744198006,0.1,7.417539520263411,3245.7033648522356,35.12,25.76373156128342,3249.3592928559665,4.258331087747672,2.3000078933398354,4.195800000000006,2.287000000000001,77.0152546607171,39.729868960703904,25.785181139980846,0.5158701238570178,0.6490124889534497,11.29562894788146,42.53753952026341,35.09032572594478,4.19557918354798,2.2853970210919763,25.580398756908743,3244.6440249588877
4847,484.7000000000417,42.511409610766705,35.12754583869641,7.383863772070304,3244.699490625522,25.685973309351198,116.92679199999998,116.92679200000002,11.274674744198006,0.1,7.41052751291285,3245.7033648522356,35.12,25.81357443964643,3244.066736514223,4.258331087747672,2.3000078933398354,4.195800000000006,2.287000000000001,77.0152546607171,39.729868960703904,25.785181139980846,0.5158701238570178,0.6490124889534497,11.22335447208471,42.53052751291285,35.13980902988739,4.196361430226409,2.2861555890306584,25.642601222207468,3244.573013029519
4848,484.80000000004173,42.511409610766705,35.12754583869641,7.383863772070304,3244.699490625522,25.685973309351198,116.92679199999998,116.92679200000002,11.274674744198006,0.1,7.412403547940521,3245.7033648522356,35.12,25.81357443964643,3244.066736514223,4.258331087747672,2.3000078933398354,4.195800000000006,2.287000000000001,77.0152546607171,39.729868960703904,25.785181139980846,0.5158701238570178,0.6490124889534497,11.26846225417293,42.53240354794052,35.11187027769311,4.19704074401763,2.2870783748377534,25.785665835846846,3244.6191151477074
4849,484.90000000004176,42.511409610766705,35.12754583869641,7.383863772070304,3244.699490625522,25.685973309351198,116.92679199999998,116.92679200000002,11.274674744198006,0.1,7.396998922549329,3245.7033648522356,35.12,25.81357443964643,3244.066736514223,4.258331087747672,2.3000078933398354,4.195800000000006,2.287000000000001,77.0152546607171,39.729868960703904,25.785181139980846,0.5158701238570178,0.6490124889534497,11.23525708525544,42.51699892254933,35.0990382877435,4.196236760979641,2.285579256496917,25.771863187679166,3244.7833769034373
4850,485.0000000000418,42.511409610766705,35.12754583869641,7.383863772070304,3244.699490625522,25.685973309351198,116.92679199999998,116.92679200000002,11.274674744198006,0.1,7.44909541807295,3245.7033648522356,35.12,25.81357443964643,3244.066736514223,4.255031626239491,2.299879470729917,4.195800000000006,2.287000000000001,77.0152546607171,39.729868960703904,25.785181139980846,0.5158701238570178,0.6490124889534497,11.261611428087845,42.56909541807295,35.10922077998216,4.195779318951527,2.287231034228315,25.556033313498517,3244.6781537634283
4851,485.1000000000418,42.511409610766705,35.12754583869641,7.383863772070304,3244.699490625522,25.685973309351198,116.92679199999998,116.92679200000002,11.274674744198006,0.1,7.406509624406027,3245.7033648522356,35.12,25.81357443964643,3244.066736514223,4.255031626239491,2.299879470729917,4.195800000000006,2.287000000000001,77.0152546607171,39.729868960703904,25.785181139980846,0.5158701238570178,0.6490124889534497,11.166628942674011,42.526509624406025,35.1484154164237,4.197421263730901,2.287396318269444,25.72803725289453,3244.7154973811043
4852,485.2000000000418,42.511409610766705,35.12754583869641,7.383863772070304,3244.699490625522,25.685973309351198,116.92679199999998,116.92679200000002,11.274674744198006,0.1,7.397799115259566,3245.7033648522356,35.12,25.793347846549462,3247.123570424451,4.255031626239491,2.299879470729917,4.195800000000006,2.287000000000001,77.0152546607171,39.729868960703904,25.785181139980846,0.5158701238570178,0.6490124889534497,11.25686095792072,42.517799115259564,35.051443522374655,4.195955940576508,2.2876864008814604,25.69882615849445,3244.626938920662
4853,485.30000000004185,42.511409610766705,35.12754583869641,7.383863772070304,3244.699490625522,25.685973309351198,116.92679199999998,116.92679200000002,11.274674744198006,0.1,7.3859884411594265,3245.7033648522356,35.12,25.793347846549462,3247.123570424451,4.255031626239491,2.299879470729917,4.195800000000006,2.287000000000001,77.0152546607171,39.729868960703904,25.785181139980846,0.5158701238570178,0.6490124889534497,11.332104561038031,42.505988441159424,35.137095139399825,4.195789156337521,2.286902371419805,25.717735310347113,3244.720230340252
4854,485.40000000004187,42.511409610766705,35.12754583869641,7.383863772070304,3244.699490625522,25.685973309351198,116.92679199999998,116.92679200000002,11.274674744198006,0.1,7.391863185703485,3245.7033648522356,35.12,25.793347846549462,3247.123570424451,4.255031626239491,2.299879470729917,4.195800000000006,2.287000000000001,77.0152546607171,39.729868960703904,25.785181139980846,0.5158701238570178,0.6490124889534497,11.270916794816845,42.51186318570348,35.14329228455142,4.195600471204769,2.2861851937955264,25.6074430798429,3244.6699775175894
4855,485.5000000000419,42.511409610766705,35.12754583869641,7.383863772070304,3244.699490625522,25.685973309351198,116.92679199999998,116.92679200000002,11.274674744198006,0.1,7.446648405119028,3245.7033648522356,35.12,25.793347846549462,3247.123570424451,4.256489330209281,2.299751370285964,4.195800000000006,2.287000000000001,77.0152546607171,39.729868960703904,25.785181139980846,0.5158701238570178,0.6490124889534497,11.172352220431039,42.566648405119025,35.13878227477944,4.195370644764601,2.2876888053866287,25.661272101193802,3244.754154812493
4856,485.6000000000419,42.511409610766705,35.12754583869641,7.383863772070304,3244.699490625522,25.685973309351198,116.92679199999998,116.92679200000002,11.274674744198006,0.1,7.390293197391266,3245.7033648522356,35.12,25.793347846549462,3247.123570424451,4.256489330209281,2.299751370285964,4.195800000000006,2.287000000000001,77.0152546607171,39.729868960703904,25.785181139980846,0.5158701238570178,0.6490124889534497,11.370095039004626,42.51029319739126,35.11203537862877,4.194992398153713,2.2865391938792428,25.786373107740005,3244.742055763168
4857,485.70000000004194,42.511409610766705,35.12754583869641,7.383863772070304,3244.699490625522,25.685973309351198,116.92679199999998,116.92679200000002,11.274674744198006,0.1,7.369999682332427,3245.7033648522356,35.12,25.765044489448034,3248.1048073582756,4.256489330209281,2.299751370285964,4.195800000000006,2.287000000000001,77.0152546607171,39.729868960703904,25.785181139980846,0.5158701238570178,0.6490124889534497,11.279077514391792,42.489999682332424,35.1140953792683,4.196851878333413,2.2862933905472578,25.662685347396526,3244.491619457762
4858,485.80000000004196,42.511409610766705,35.12754583869641,7.383863772070304,3244.699490625522,25.685973309351198,116.92679199999998,116.92679200000002,11.274674744198006,0.1,7.388667539374119,3245.7033648522356,35.12,25.765044489448034,3248.1048073582756,4.256489330209281,2.299751370285964,4.195800000000006,2.287000000000001,77.0152546607171,39.729868960703904,25.785181139980846,0.5158701238570178,0.6490124889534497,11.308012755680547,42.508667539374116,35.140306091063856,4.197010938601892,2.2874544527898304,25.471103402343918,3244.604938917096
4859,485.900000000042,42.511409610766705,35.12754583869641,7.383863772070304,3244.699490625522,25.685973309351198,116.92679199999998,116.92679200000002,11.274674744198006,0.1,7.404939187046892,3245.7033648522356,35.12,25.765044489448034,3248.1048073582756,4.256489330209281,2.299751370285964,4.195800000000006,2.287000000000001,77.0152546607171,39.729868960703904,25.785181139980846,0.5158701238570178,0.6490124889534497,11.19664706312756,42.52493918704689,35.15815849543618,4.194439622496525,2.287847381446054,25.67264422005852,3244.6688947036605
4860,486.000000000042,42.511409610766705,35.12754583869641,7.383863772070304,3244.699490625522,25.685973309351198,116.92679199999998,116.92679200000002,11.274674744198006,0.1,7.369709634307405,3245.7033648522356,35.12,25.765044489448034,3248.1048073582756,4.258886612352911,2.299594057567937,4.195800000000006,2.287000000000001,77.0152546607171,39.729868960703904,25.785181139980846,0.5158701238570178,0.6490124889534497,11.315603117504699,42.4897096343074,35.14704816758498,4.1976500198857165,2.287040059569441,25.553874806684888,3244.7551914797127
4861,486.10000000004203,42.511409610766705,35.12754583869641,7.383863772070304,3244.699490625522,25.685973309351198,116.92679199999998,116.92679200000002,11.274674744198006,0.1,7.385873894121673,3245.7033648522356,35.12,25.765044489448034,3248.1048073582756,4.258886612352911,2.299594057567937,4.195800000000006,2.287000000000001,77.0152546607171,39.729868960703904,25.785181139980846,0.5158701238570178,0.6490124889534497,11.300614503427735,42.50587389412167,35.117001895712484,4.19435772847585,2.286003681451713,25.603088023143425,3244.8057622309634
4862,486.20000000004205,42.511409610766705,35.12754583869641,7.383863772070304,3244.699490625522,25.685973309351198,116.92679199999998,116.92679200000002,11.274674744198006,0.1,7.386764174573521,3245.7033648522356,35.12,25.796653327338767,3244.7362123790203,4.258886612352911,2.299594057567937,4.195800000000006,2.287000000000001,77.0152546607171,39.729868960703904,25.785181139980846,0.5158701238570178,0.6490124889534497,11.214293978763589,42.50676417457352,35.14630785417269,4.196043970245275,2.2875453183474974,25.796615484833808,3244.691168430338
4863,486.3000000000421,42.511409610766705,35.12754583869641,7.383863772070304,3244.699490625522,25.685973309351198,116.92679199999998,116.92679200000002,11.274674744198006,0.1,7.392727178983407,3245.7033648522356,35.12,25.796653327338767,3244.7362123790203,4.258886612352911,2.299594057567937,4.195800000000006,2.287000000000001,77.0152546607171,39.729868960703904,25.785181139980846,0.5158701238570178,0.6490124889534497,11.274868780815263,42.512727178983404,35.119017164161576,4.194677089209667,2.2864346662481783,25.496345721297605,3244.4669046180566
4864,486.4000000000421,42.511409610766705,35.12754583869641,7.383863772070304,3244.699490625522,25.685973309351198,116.92679199999998,116.92679200000002,11.274674744198006,0.1,7.3481664921630525,3245.7033648522356,35.12,25.796653327338767,3244.7362123790203,4.258886612352911,2.299594057567937,4.195800000000006,2.287000000000001,77.0152546607171,39.729868960703904,25.785181139980846,0.5158701238570178,0.6490124889534497,11.252179084100801,42.46816649216305,35.16405090917442,4.195187261716287,2.287018345464392,25.61766475293008,3244.643880230734
4865,486.5000000000421,42.511409610766705,35.12754583869641,7.383863772070304,3244.699490625522,25.685973309351198,116.92679199999998,116.92679200000002,11.274674744198006,0.1,7.407678096806869,3245.7033648522356,35.12,25.796653327338767,3244.7362123790203,4.2580627514698906,2.299392112806032,4.195800000000006,2.287000000000001,77.0152546607171,39.729868960703904,25.785181139980846,0.5158701238570178,0.6490124889534497,11.346370194163205,42.527678096806866,35.08660415746489,4.19547746421636,2.287572208413978,25.847415800396103,3244.6117755895207
4866,486.60000000004214,42.511409610766705,35.12754583869641,7.383863772070304,3244.699490625522,25.685973309351198,116.92679199999998,116.92679200000002,11.274674744198006,0.1,7.44102233928826,3245.7033648522356,35.12,25.796653327338767,3244.7362123790203,4.2580627514698906,2.299392112806032,4.195800000000006,2.287000000000001,77.0152546607171,39.729868960703904,25.785181139980846,0.5158701238570178,0.6490124889534497,11.27072616049427,42.56102233928826,35.16733819585589,4.1958460615419595,2.2866305948672823,25.705678182942634,3244.765368297737
4867,486.70000000004217,42.511409610766705,35.12754583869641,7.383863772070304,3244.699490625522,25.685973309351198,116.92679199999998,116.92679200000002,11.274674744198006,0.1,7.360675200741511,3245.7033648522356,35.12,25.656699302390532,3252.402543936986,4.2580627514698906,2.299392112806032,4.195800000000006,2.287000000000001,77.0152546607171,39.729868960703904,25.785181139980846,0.5158701238570178,0.6490124889534497,11.404978668778144,42.48067520074151,35.144656842661,4.195390036253813,2.2872678938502786,25.490368380847183,3244.7752165572992
4868,486.8000000000422,42.511409610766705,35.12754583869641,7.383863772070304,3244.699490625522,25.685973309351198,116.92679199999998,116.92679200000002,11.274674744198006,0.1,7.381361534651276,3245.7033648522356,35.12,25.656699302390532,3252.402543936986,4.2580627514698906,2.299392112806032,4.195800000000006,2.287000000000001,77.0152546607171,39.729868960703904,25.785181139980846,0.5158701238570178,0.6490124889534497,11.26163056605221,42.501361534651274,35.10534277576796,4.194832472793138,2.2871971404203246,25.515712629656345,3244.766482525235
4869,486.9000000000422,42.511409610766705,35.12754583869641,7.383863772070304,3244.699490625522,25.685973309351198,116.92679199999998,116.92679200000002,11.274674744198006,0.1,7.323770539520723,3245.7033648522356,35.12,25.656699302390532,3252.402543936986,4.2580627514698906,2.299392112806032,4.195800000000006,2.287000000000001,77.0152546607171,39.729868960703904,25.785181139980846,0.5158701238570178,0.6490124889534497,11.260930936714853,42.44377053952072,35.14895938136174,4.194649932251797,2.286512377976997,25.621105616905293,3244.721678873392
4870,487.00000000004223,42.511409610766705,35.12754583869641,7.383863772070304,3244.699490625522,25.685973309351198,116.92679199999998,116.92679200000002,11.274674744198006,0.1,7.377283711795307,3245.7033648522356,35.12,25.656699302390532,3252.402543936986,4.261268530924553,2.2993149817894176,4.195800000000006,2.287000000000001,77.0152546607171,39.729868960703904,25.785181139980846,0.5158701238570178,0.6490124889534497,11.155095081552531,42.497283711795305,35.113583138486845,4.196789179675454,2.287313547354674,25.657479915611404,3244.8213454559605
4871,487.10000000004226,42.511409610766705,35.12754583869641,7.383863772070304,3244.699490625522,25.685973309351198,116.92679199999998,116.92679200000002,11.274674744198006,0.1,7.35282577765755,3245.7033648522356,35.12,25.656699302390532,3252.402543936986,4.261268530924553,2.2993149817894176,4.195800000000006,2.287000000000001,77.0152546607171,39.729868960703904,25.785181139980846,0.5158701238570178,0.6490124889534497,11.314439927654107,42.47282577765755,35.13423554382478,4.194267781791296,2.28721402947094,25.616933496412663,3244.683366232572
4872,487.2000000000423,42.511409610766705,35.12754583869641,7.383863772070304,3244.699490625522,25.685973309351198,116.92679199999998,116.92679200000002,11.274674744198006,0.1,7.416562653585174,3245.7033648522356,35.12,25.635079751348183,3249.8559414379456,4.261268530924553,2.2993149817894176,4.195800000000006,2.287000000000001,77.0152546607171,39.729868960703904,25.785181139980846,0.5158701238570178,0.6490124889534497,11.262759127056459,42.53656265358517,35.11193554514355,4.195976701242066,2.2874970785488085,25.865140963030015,3244.783619513975
4873,487.3000000000423,42.511409610766705,35.12754583869641,7.383863772070304,3244.699490625522,25.685973309351198,116.92679199999998,116.92679200000002,11.274674744198006,0.1,7.425199989399701,3245.7033648522356,35.12,25.635079751348183,3249.8559414379456,4.261268530924553,2.2993149817894176,4.195800000000006,2.287000000000001,77.0152546607171,39.729868960703904,25.785181139980846,0.5158701238570178,0.6490124889534497,11.32749675079142,42.5451999893997,35.11659129953148,4.1980106146454546,2.2889627458937847,25.61043064028274,3244.6345760595595
4874,487.4000000000423,42.511409610766705,35.12754583869641,7.383863772070304,3244.699490625522,25.685973309351198,116.92679199999998,116.92679200000002,11.274674744198006,0.1,7.367513753086087,3245.7033648522356,35.12,25.635079751348183,3249.8559414379456,4.261268530924553,2.2993149817894176,4.195800000000006,2.287000000000001,77.0152546607171,39.729868960703904,25.785181139980846,0.5158701238570178,0.6490124889534497,11.238090880217522,42.487513753086084,35.12577650714058,4.196952451157012,2.2871464604006624,25.544567015818764,3244.692525891834
4875,487.50000000004235,42.511409610766705,35.12754583869641,7.383863772070304,3244.699490625522,25.685973309351198,116.92679199999998,116.92679200000002,11.274674744198006,0.1,7.3617967121438355,3245.7033648522356,35.12,25.635079751348183,3249.8559414379456,4.261719703981041,2.299120343115057,4.195800000000006,2.287000000000001,77.0152546607171,39.729868960703904,25.785181139980846,0.5158701238570178,0.6490124889534497,11.278397975760653,42.48179671214383,35.120041672364685,4.196097859418771,2.286824158104915,25.4825722800971,3244.677112300984
4876,487.60000000004237,42.511409610766705,35.12754583869641,7.383863772070304,3244.699490625522,25.685973309351198,116.92679199999998,116.92679200000002,11.274674744198006,0.1,7.430708179141753,3245.7033648522356,35.12,25.635079751348183,3249.8559414379456,4.261719703981041,2.299120343115057,4.195800000000006,2.287000000000001,77.0152546607171,39.729868960703904,25.785181139980846,0.5158701238570178,0.6490124889534497,11.239013301719663,42.55070817914175,35.1547991900842,4.195849010657109,2.287483357303347,25.678355757998666,3244.9664147064486
4877,487.7000000000424,42.511409610766705,35.12754583869641,7.383863772070304,3244.699490625522,25.685973309351198,116.92679199999998,116.92679200000002,11.274674744198006,0.1,7.379065848375163,3245.7033648522356,35.12,25.606083336184255,3246.0386202215623,4.261719703981041,2.299120343115057,4.195800000000006,2.287000000000001,77.0152546607171,39.729868960703904,25.785181139980846,0.5158701238570178,0.6490124889534497,11.23974122857078,42.49906584837516,35.14150263547806,4.195813969802659,2.287218381001269,25.555650894117804,3244.861190490042
4878,487.8000000000424,42.511409610766705,35.12754583869641,7.383863772070304,3244.699490625522,25.685973309351198,116.92679199999998,116.92679200000002,11.274674744198006,0.1,7.433708674422313,3245.7033648522356,35.12,25.606083336184255,3246.0386202215623,4.261719703981041,2.299120343115057,4.195800000000006,2.287000000000001,77.0152546607171,39.729868960703904,25.785181139980846,0.5158701238570178,0.6490124889534497,11.1943542144253,42.55370867442231,35.06527254782237,4.196159062030894,2.286296846021482,25.535067837896005,3244.6799267640263
4879,487.90000000004244,42.511409610766705,35.12754583869641,7.383863772070304,3244.699490625522,25.685973309351198,116.92679199999998,116.92679200000002,11.274674744198006,0.1,7.409099316264566,3245.7033648522356,35.12,25.606083336184255,3246.0386202215623,4.261719703981041,2.299120343115057,4.195800000000006,2.287000000000001,77.0152546607171,39.729868960703904,25.785181139980846,0.5158701238570178,0.6490124889534497,11.26553792055602,42.52909931626456,35.13519849087716,4.195375028810213,2.2878589898849118,25.769813750243458,3244.862812655501
4880,488.00000000004246,42.511409610766705,35.12754583869641,7.383863772070304,3244.699490625522,25.685973309351198,116.92679199999998,116.92679200000002,11.274674744198006,0.1,7.421197747792576,3245.7033648522356,35.12,25.606083336184255,3246.0386202215623,4.261871358038579,2.2990390669725276,4.195800000000006,2.287000000000001,77.0152546607171,39.729868960703904,25.785181139980846,0.5158701238570178,0.6490124889534497,11.326670845961068,42.54119774779257,35.114161971677085,4.196014120009317,2.288686943837661,25.773375052393884,3244.8371270821835
4881,488.1000000000425,42.511409610766705,35.12754583869641,7.383863772070304,3244.699490625522,25.685973309351198,116.92679199999998,116.92679200000002,11.274674744198006,0.1,7.359865532903321,3245.7033648522356,35.12,25.606083336184255,3246.0386202215623,4.261871358038579,2.2990390669725276,4.195800000000006,2.287000000000001,77.0152546607171,39.729868960703904,25.785181139980846,0.5158701238570178,0.6490124889534497,11.226700716310253,42.47986553290332,35.0841726314205,4.196707439007989,2.286175317275208,25.847649708518098,3244.771216478845
4882,488.2000000000425,42.511409610766705,35.12754583869641,7.383863772070304,3244.699490625522,25.685973309351198,116.92679199999998,116.92679200000002,11.274674744198006,0.1,7.406586186076758,3245.7033648522356,35.12,25.630685253222275,3244.582857536626,4.261871358038579,2.2990390669725276,4.195800000000006,2.287000000000001,77.0152546607171,39.729868960703904,25.785181139980846,0.5158701238570178,0.6490124889534497,11.274741913155665,42.526586186076756,35.163602049612926,4.1959717532104115,2.2879900222516163,25.707297534120464,3244.9104488692224
4883,488.30000000004253,42.511409610766705,35.12754583869641,7.383863772070304,3244.699490625522,25.685973309351198,116.92679199999998,116.92679200000002,11.274674744198006,0.1,7.353005789846783,3245.7033648522356,35.12,25.630685253222275,3244.582857536626,4.261871358038579,2.2990390669725276,4.195800000000006,2.287000000000001,77.0152546607171,39.729868960703904,25.785181139980846,0.5158701238570178,0.6490124889534497,11.32538689137552,42.47300578984678,35.16231219520589,4.197584339017711,2.286918274068421,25.73728019906797,3244.6022843997566
4884,488.40000000004255,42.511409610766705,35.12754583869641,7.383863772070304,3244.699490625522,25.685973309351198,116.92679199999998,116.92679200000002,11.274674744198006,0.1,7.424700273918987,3245.7033648522356,35.12,25.630685253222275,3244.582857536626,4.261871358038579,2.2990390669725276,4.195800000000006,2.287000000000001,77.0152546607171,39.729868960703904,25.785181139980846,0.5158701238570178,0.6490124889534497,11.339592111343793,42.544700273918984,35.127116256948675,4.196198251576891,2.2866124409029016,25.71730903770846,3244.718414461307
4885,488.5000000000426,42.511409610766705,35.12754583869641,7.383863772070304,3244.699490625522,25.685973309351198,116.92679199999998,116.92679200000002,11.274674744198006,0.1,7.398177592605407,3245.7033648522356,35.12,25.630685253222275,3244.582857536626,4.265064978683492,2.298838545423158,4.195800000000006,2.287000000000001,77.0152546607171,39.729868960703904,25.785181139980846,0.5158701238570178,0.6490124889534497,11.25599079537187,42.518177592605404,35.1417064299931,4.196654119729156,2.286329115378589,25.538906155552123,3244.6546981116576
4886,488.6000000000426,42.511409610766705,35.12754583869641,7.383863772070304,3244.699490625522,25.685973309351198,116.92679199999998,116.92679200000002,11.274674744198006,0.1,7.4195992501260335,3245.7033648522356,35.12,25.630685253222275,3244.582857536626,4.265064978683492,2.298838545423158,4.195800000000006,2.287000000000001,77.0152546607171,39.729868960703904,25.785181139980846,0.5158701238570178,0.6490124889534497,11.336232591144787,42.53959925012603,35.097860494818136,4.197880751065024,2.2876973238341485,25.59805355447468,3244.599879322289
4887,488.7000000000426,42.511409610766705,35.12754583869641,7.383863772070304,3244.699490625522,25.685973309351198,116.92679199999998,116.92679200000002,11.274674744198006,0.1,7.381710359839197,3245.7033648522356,35.12,25.64025108895844,3243.046414154586,4.265064978683492,2.298838545423158,4.195800000000006,2.287000000000001,77.0152546607171,39.729868960703904,25.785181139980846,0.5158701238570178,0.6490124889534497,11.268014406427413,42.501710359839194,35.145126752004806,4.19693368671736,2.287092914036994,25.593700705621167,3244.6773558926193
4888,488.80000000004264,42.511409610766705,35.12754583869641,7.383863772070304,3244.699490625522,25.685973309351198,116.92679199999998,116.92679200000002,11.274674744198006,0.1,7.44436535963829,3245.7033648522356,35.12,25.64025108895844,3243.046414154586,4.265064978683492,2.298838545423158,4.195800000000006,2.287000000000001,77.0152546607171,39.729868960703904,25.785181139980846,0.5158701238570178,0.6490124889534497,11.21748577812897,42.56436535963829,35.089918892316696,4.196282727752122,2.2870746275007225,25.426998732408595,3244.686033839506
4889,488.90000000004267,42.511409610766705,35.12754583869641,7.383863772070304,3244.699490625522,25.685973309351198,116.92679199999998,116.92679200000002,11.274674744198006,0.1,7.3657317275858105,3245.7033648522356,35.12,25.64025108895844,3243.046414154586,4.265064978683492,2.298838545423158,4.195800000000006,2.287000000000001,77.0152546607171,39.729868960703904,25.785181139980846,0.5158701238570178,0.6490124889534497,11.236736406953755,42.48573172758581,35.07312471325731,4.1964835009974895,2.287480514281634,25.566423168328058,3244.6525362851053
4890,489.0000000000427,42.511409610766705,35.12754583869641,7.383863772070304,3244.699490625522,25.685973309351198,116.92679199999998,116.92679200000002,11.274674744198006,0.1,7.4239735998256435,3245.7033648522356,35.12,25.64025108895844,3243.046414154586,4.26205279547069,2.298699992886559,4.195800000000006,2.287000000000001,77.0152546607171,39.729868960703904,25.785181139980846,0.5158701238570178,0.6490124889534497,11.263958983867896,42.54397359982564,35.117634735251364,4.196430796397008,2.2872471436947186,25.73574993571452,3244.7117801956
4891,489.1000000000427,42.511409610766705,35.12754583869641,7.383863772070304,3244.699490625522,25.685973309351198,116.92679199999998,116.92679200000002,11.274674744198006,0.1,7.365896774119854,3245.7033648522356,35.12,25.64025108895844,3243.046414154586,4.26205279547069,2.298699992886559,4.195800000000006,2.287000000000001,77.0152546607171,39.729868960703904,25.785181139980846,0.5158701238570178,0.6490124889534497,11.286515120074027,42.48589677411985,35.118510270404485,4.195584618485901,2.2855181912912914,25.709493107341263,3244.821949676056
4892,489.20000000004273,42.511409610766705,35.12754583869641,7.383863772070304,3244.699490625522,25.685973309351198,116.92679199999998,116.92679200000002,11.274674744198006,0.1,7.403513446947635,3245.7033648522356,35.12,25.6618842139991,3243.9087358320285,4.26205279547069,2.298699992886559,4.195800000000006,2.287000000000001,77.0152546607171,39.729868960703904,25.785181139980846,0.5158701238570178,0.6490124889534497,11.288132840339324,42.52351344694763,35.11476915973559,4.196571713733603,2.2863039951744013,25.84130623707349,3244.5768810053723
4893,489.30000000004276,42.511409610766705,35.12754583869641,7.383863772070304,3244.699490625522,25.685973309351198,116.92679199999998,116.92679200000002,11.274674744198006,0.1,7.379236468737872,3245.7033648522356,35.12,25.6618842139991,3243.9087358320285,4.26205279547069,2.298699992886559,4.195800000000006,2.287000000000001,77.0152546607171,39.729868960703904,25.785181139980846,0.5158701238570178,0.6490124889534497,11.259686455104813,42.49923646873787,35.14468703684739,4.195985572440543,2.2862189450967723,25.813013117794974,3244.647896641564
4894,489.4000000000428,42.511409610766705,35.12754583869641,7.383863772070304,3244.699490625522,25.685973309351198,116.92679199999998,116.92679200000002,11.274674744198006,0.1,7.371474592577272,3245.7033648522356,35.12,25.6618842139991,3243.9087358320285,4.26205279547069,2.298699992886559,4.195800000000006,2.287000000000001,77.0152546607171,39.729868960703904,25.785181139980846,0.5158701238570178,0.6490124889534497,11.28902768014246,42.49147459257727,35.08762019141939,4.1956805494723675,2.2869960024913967,25.66030173454373,3244.669815196905
4895,489.5000000000428,42.511409610766705,35.12754583869641,7.383863772070304,3244.699490625522,25.685973309351198,116.92679199999998,116.92679200000002,11.274674744198006,0.1,7.401724841232998,3245.7033648522356,35.12,25.6618842139991,3243.9087358320285,4.262184097099455,2.298610503539532,4.195800000000006,2.287000000000001,77.0152546607171,39.729868960703904,25.785181139980846,0.5158701238570178,0.6490124889534497,11.34882065932001,42.521724841232995,35.12821239890167,4.195252934699307,2.287567174124292,25.70537016108699,3244.9031914057314
4896,489.6000000000428,42.511409610766705,35.12754583869641,7.383863772070304,3244.699490625522,25.685973309351198,116.92679199999998,116.92679200000002,11.274674744198006,0.1,7.430266205623944,3245.7033648522356,35.12,25.6618842139991,3243.9087358320285,4.262184097099455,2.298610503539532,4.195800000000006,2.287000000000001,77.0152546607171,39.729868960703904,25.785181139980846,0.5158701238570178,0.6490124889534497,11.275326135225157,42.55026620562394,35.1373736953502,4.196613918639169,2.2874749402029853,25.808792707482233,3244.711445139027
4897,489.70000000004285,42.511409610766705,35.12754583869641,7.383863772070304,3244.699490625522,25.685973309351198,116.92679199999998,116.92679200000002,11.274674744198006,0.1,7.390295929817533,3245.7033648522356,35.12,25.616624196469203,3239.881421453393,4.262184097099455,2.298610503539532,4.195800000000006,2.287000000000001,77.0152546607171,39.729868960703904,25.785181139980846,0.5158701238570178,0.6490124889534497,11.237603536561082,42.51029592981753,35.12531960971555,4.196507370731695,2.285744976836864,25.73959393041785,3244.6199365369907
4898,489.80000000004287,42.511409610766705,35.12754583869641,7.383863772070304,3244.699490625522,25.685973309351198,116.92679199999998,116.92679200000002,11.274674744198006,0.1,7.342163308479037,3245.7033648522356,35.12,25.616624196469203,3239.881421453393,4.262184097099455,2.298610503539532,4.195800000000006,2.287000000000001,77.0152546607171,39.729868960703904,25.785181139980846,0.5158701238570178,0.6490124889534497,11.310755302441967,42.462163308479035,35.11775049963162,4.195774624362195,2.2878530182644266,25.86479528742517,3244.766230788982
4899,489.9000000000429,42.511409610766705,35.12754583869641,7.383863772070304,3244.699490625522,25.685973309351198,116.92679199999998,116.92679200000002,11.274674744198006,0.1,7.418933678885473,3245.7033648522356,35.12,25.616624196469203,3239.881421453393,4.262184097099455,2.298610503539532,4.195800000000006,2.287000000000001,77.0152546607171,39.729868960703904,25.785181139980846,0.5158701238570178,0.6490124889534497,11.263026490395989,42.53893367888547,35.10912252245402,4.195144157122293,2.287436250818686,25.608247228072734,3244.626102617067
4900,490.0000000000429,42.511409610766705,35.12754583869641,7.383863772070304,3244.699490625522,25.685973309351198,116.92679199999998,116.92679200000002,11.274674744198006,0.1,7.388632728439958,3245.7033648522356,35.12,25.616624196469203,3239.881421453393,4.259334969774078,2.29834432512686,4.195800000000006,2.287000000000001,77.0152546607171,39.729868960703904,25.785181139980846,0.5158701238570178,0.6490124889534497,11.240484233159247,42.508632728439956,35.07183758045218,4.195360539899925,2.287762834972615,25.73107763367231,3244.541128134608
4901,490.10000000004294,42.511409610766705,35.12754583869641,7.383863772070304,3244.699490625522,25.685973309351198,116.92679199999998,116.92679200000002,11.274674744198006,0.1,7.39807312370246,3245.7033648522356,35.12,25.616624196469203,3239.881421453393,4.259334969774078,2.29834432512686,4.195800000000006,2.287000000000001,77.0152546607171,39.729868960703904,25.785181139980846,0.5158701238570178,0.6490124889534497,11.269142649684678,42.51807312370246,35.10579082450834,4.193830881255119,2.286045855900246,25.657774937837097,3244.6960514319676
4902,490.20000000004296,42.511409610766705,35.12754583869641,7.383863772070304,3244.699490625522,25.685973309351198,116.92679199999998,116.92679200000002,11.274674744198006,0.1,7.364808876209658,3245.7033648522356,35.12,25.660115769056226,3240.6984405942453,4.259334969774078,2.29834432512686,4.195800000000006,2.287000000000001,77.0152546607171,39.729868960703904,25.785181139980846,0.5158701238570178,0.6490124889534497,11.272145499480446,42.484808876209655,35.146000111120465,4.196878910105595,2.2883340851317113,25.743920007637552,3244.7037025945415
4903,490.300000000043,42.511409610766705,35.12754583869641,7.383863772070304,3244.699490625522,25.685973309351198,116.92679199999998,116.92679200000002,11.274674744198006,0.1,7.408532540320344,3245.7033648522356,35.12,25.660115769056226,3240.6984405942453,4.259334969774078,2.29834432512686,4.195800000000006,2.287000000000001,77.0152546607171,39.729868960703904,25.785181139980846,0.5158701238570178,0.6490124889534497,11.244339028262383,42.52853254032034,35.11903630196477,4.1970180831893,2.286885243160421,25.778695335236133,3244.814515278912
4904,490.400000000043,42.511409610766705,35.12754583869641,7.383863772070304,3244.699490625522,25.685973309351198,116.92679199999998,116.92679200000002,11.274674744198006,0.1,7.395823197899162,3245.7033648522356,35.12,25.660115769056226,3240.6984405942453,4.259334969774078,2.29834432512686,4.195800000000006,2.287000000000001,77.0152546607171,39.729868960703904,25.785181139980846,0.5158701238570178,0.6490124889534497,11.20060981123472,42.51582319789916,35.10905730280292,4.195633859040696,2.286075840250602,25.629960145178956,3244.6978980744475
4905,490.50000000004303,42.511409610766705,35.12754583869641,7.383863772070304,3244.699490625522,25.685973309351198,116.92679199999998,116.92679200000002,11.274674744198006,0.1,7.420210058163171,3245.7033648522356,35.12,25.660115769056226,3240.6984405942453,4.259754205706661,2.2981759197089016,4.195800000000006,2.287000000000001,77.0152546607171,39.729868960703904,25.785181139980846,0.5158701238570178,0.6490124889534497,11.317368862118698,42.54021005816317,35.10296378557088,4.1952859900784985,2.287059496206428,25.453165232147246,3244.491129481405
4906,490.60000000004305,42.511409610766705,35.12754583869641,7.383863772070304,3244.699490625522,25.685973309351198,116.92679199999998,116.92679200000002,11.274674744198006,0.1,7.369179075042915,3245.7033648522356,35.12,25.660115769056226,3240.6984405942453,4.259754205706661,2.2981759197089016,4.195800000000006,2.287000000000001,77.0152546607171,39.729868960703904,25.785181139980846,0.5158701238570178,0.6490124889534497,11.259576901627193,42.48917907504291,35.140547226293556,4.195408735014648,2.288189604548784,25.53549078622013,3244.8255620537784
4907,490.7000000000431,42.511409610766705,35.12754583869641,7.383863772070304,3244.699490625522,25.685973309351198,116.92679199999998,116.92679200000002,11.274674744198006,0.1,7.434276282269337,3245.7033648522356,35.12,25.554325851351294,3234.4075622982873,4.259754205706661,2.2981759197089016,4.195800000000006,2.287000000000001,77.0152546607171,39.729868960703904,25.785181139980846,0.5158701238570178,0.6490124889534497,11.170917055218158,42.554276282269335,35.07413779175065,4.194782431314022,2.287761230368225,25.689465712657974,3244.7352066666153
4908,490.8000000000431,42.511409610766705,35.12754583869641,7.383863772070304,3244.699490625522,25.685973309351198,116.92679199999998,116.92679200000002,11.274674744198006,0.1,7.3327974867339165,3245.7033648522356,35.12,25.554325851351294,3234.4075622982873,4.259754205706661,2.2981759197089016,4.195800000000006,2.287000000000001,77.0152546607171,39.729868960703904,25.785181139980846,0.5158701238570178,0.6490124889534497,11.198527754078368,42.452797486733914,35.11181430690025,4.193877829512376,2.287312009307422,25.661904484397258,3244.7709992625087
4909,490.9000000000431,42.511409610766705,35.12754583869641,7.383863772070304,3244.699490625522,25.685973309351198,116.92679199999998,116.92679200000002,11.274674744198006,0.1,7.363771009535043,3245.7033648522356,35.12,25.554325851351294,3234.4075622982873,4.259754205706661,2.2981759197089016,4.195800000000006,2.287000000000001,77.0152546607171,39.729868960703904,25.785181139980846,0.5158701238570178,0.6490124889534497,11.238955619104143,42.48377100953504,35.10577869732317,4.19636731935705,2.2866766827941607,25.663814212289907,3244.6744902124333
4910,491.00000000004314,42.511409610766705,35.12754583869641,7.383863772070304,3244.699490625522,25.685973309351198,116.92679199999998,116.92679200000002,11.274674744198006,0.1,7.435632456770257,3245.7033648522356,35.12,25.554325851351294,3234.4075622982873,4.262712580844745,2.298068737016113,4.195800000000006,2.287000000000001,77.0152546607171,39.729868960703904,25.785181139980846,0.5158701238570178,0.6490124889534497,11.225866107302267,42.555632456770255,35.18464913395301,4.196104501845599,2.287049710042598,25.582142660817066,3244.622645859418
4911,491.10000000004317,42.511409610766705,35.12754583869641,7.383863772070304,3244.699490625522,25.685973309351198,116.92679199999998,116.92679200000002,11.274674744198006,0.1,7.335621121281683,3245.7033648522356,35.12,25.554325851351294,3234.4075622982873,4.262712580844745,2.298068737016113,4.195800000000006,2.287000000000001,77.0152546607171,39.729868960703904,25.785181139980846,0.5158701238570178,0.6490124889534497,11.239218087535825,42.45562112128168,35.138729648396854,4.197662387794453,2.287118575239091,25.761050445872353,3244.6512057733917
4912,491.2000000000432,42.511409610766705,35.12754583869641,7.383863772070304,3244.699490625522,25.685973309351198,116.92679199999998,116.92679200000002,11.274674744198006,0.1,7.359000149482611,3245.7033648522356,35.12,25.674266023888205,3236.048145388667,4.262712580844745,2.298068737016113,4.195800000000006,2.287000000000001,77.0152546607171,39.729868960703904,25.785181139980846,0.5158701238570178,0.6490124889534497,11.273130361021291,42.47900014948261,35.064825540560754,4.1946094564623175,2.2865452879622756,25.6004833749671,3244.8742415268816
4913,491.3000000000432,42.511409610766705,35.12754583869641,7.383863772070304,3244.699490625522,25.685973309351198,116.92679199999998,116.92679200000002,11.274674744198006,0.1,7.376584525137346,3245.7033648522356,35.12,25.674266023888205,3236.048145388667,4.262712580844745,2.298068737016113,4.195800000000006,2.287000000000001,77.0152546607171,39.729868960703904,25.785181139980846,0.5158701238570178,0.6490124889534497,11.330579829995816,42.496584525137344,35.13733816352054,4.1958989917202,2.289091287384601,25.549094339135685,3244.5953457033124
4914,491.40000000004324,42.511409610766705,35.12754583869641,7.383863772070304,3244.699490625522,25.685973309351198,116.92679199999998,116.92679200000002,11.274674744198006,0.1,7.395019973131099,3245.7033648522356,35.12,25.674266023888205,3236.048145388667,4.262712580844745,2.298068737016113,4.195800000000006,2.287000000000001,77.0152546607171,39.729868960703904,25.785181139980846,0.5158701238570178,0.6490124889534497,11.239089067065967,42.515019973131096,35.13287198656279,4.19556951680976,2.2868913905109487,25.687140386492754,3244.5594913641894
4915,491.50000000004326,42.511409610766705,35.12754583869641,7.383863772070304,3244.699490625522,25.685973309351198,116.92679199999998,116.92679200000002,11.274674744198006,0.1,7.401036854132542,3245.7033648522356,35.12,25.674266023888205,3236.048145388667,4.260947504275611,2.297899183763362,4.195800000000006,2.287000000000001,77.0152546607171,39.729868960703904,25.785181139980846,0.5158701238570178,0.6490124889534497,11.239371279224319,42.52103685413254,35.12602395463714,4.197210225491483,2.286843081373815,25.741635268185583,3244.582838490536
4916,491.6000000000433,42.511409610766705,35.12754583869641,7.383863772070304,3244.699490625522,25.685973309351198,116.92679199999998,116.92679200000002,11.274674744198006,0.1,7.3587914236755765,3245.7033648522356,35.12,25.674266023888205,3236.048145388667,4.260947504275611,2.297899183763362,4.195800000000006,2.287000000000001,77.0152546607171,39.729868960703904,25.785181139980846,0.5158701238570178,0.6490124889534497,11.244762893984324,42.478791423675574,35.18053962661251,4.195829961522759,2.2868715649796845,25.62527067068866,3244.5914350868807
4917,491.7000000000433,42.511409610766705,35.12754583869641,7.383863772070304,3244.699490625522,25.685973309351198,116.92679199999998,116.92679200000002,11.274674744198006,0.1,7.423939121918714,3245.7033648522356,35.12,25.672636986086406,3237.6890671812853,4.260947504275611,2.297899183763362,4.195800000000006,2.287000000000001,77.0152546607171,39.729868960703904,25.785181139980846,0.5158701238570178,0.6490124889534497,11.285822958664903,42.54393912191871,35.15229160378479,4.197324985010371,2.2877575258785248,25.693990046672873,3244.719995592423
4918,491.8000000000433,42.511409610766705,35.12754583869641,7.383863772070304,3244.699490625522,25.685973309351198,116.92679199999998,116.92679200000002,11.274674744198006,0.1,7.390148450511511,3245.7033648522356,35.12,25.672636986086406,3237.6890671812853,4.260947504275611,2.297899183763362,4.195800000000006,2.287000000000001,77.0152546607171,39.729868960703904,25.785181139980846,0.5158701238570178,0.6490124889534497,11.21115505629549,42.51014845051151,35.10017540671059,4.197296732275178,2.2853444971922756,25.55291180284891,3244.7107373274284
4919,491.90000000004335,42.511409610766705,35.12754583869641,7.383863772070304,3244.699490625522,25.685973309351198,116.92679199999998,116.92679200000002,11.274674744198006,0.1,7.409195485582579,3245.7033648522356,35.12,25.672636986086406,3237.6890671812853,4.260947504275611,2.297899183763362,4.195800000000006,2.287000000000001,77.0152546607171,39.729868960703904,25.785181139980846,0.5158701238570178,0.6490124889534497,11.24888388175811,42.52919548558258,35.09567600641411,4.195271727035769,2.2876677243218984,25.886829641799817,3244.7162440065485
4920,492.00000000004337,42.511409610766705,35.12754583869641,7.383863772070304,3244.699490625522,25.685973309351198,116.92679199999998,116.92679200000002,11.274674744198006,0.1,7.362712870655251,3245.7033648522356,35.12,25.672636986086406,3237.6890671812853,4.259471740600331,2.2977581819850985,4.195800000000006,2.287000000000001,77.0152546607171,39.729868960703904,25.785181139980846,0.5158701238570178,0.6490124889534497,11.240319404872027,42.48271287065525,35.0740745943029,4.195009811374603,2.2859381584276113,25.780481242851522,3244.6278852616188
4921,492.1000000000434,42.511409610766705,35.12754583869641,7.383863772070304,3244.699490625522,25.685973309351198,116.92679199999998,116.92679200000002,11.274674744198006,0.1,7.366047158890815,3245.7033648522356,35.12,25.672636986086406,3237.6890671812853,4.259471740600331,2.2977581819850985,4.195800000000006,2.287000000000001,77.0152546607171,39.729868960703904,25.785181139980846,0.5158701238570178,0.6490124889534497,11.301415349762616,42.48604715889081,35.18304264124157,4.196873441012081,2.285016856366498,25.494157588364157,3244.563398550817
4922,492.2000000000434,42.511409610766705,35.12754583869641,7.383863772070304,3244.699490625522,25.685973309351198,116.92679199999998,116.92679200000002,11.274674744198006,0.1,7.4192479105829605,3245.7033648522356,35.12,25.669186607958764,3239.5065099514686,4.259471740600331,2.2977581819850985,4.195800000000006,2.287000000000001,77.0152546607171,39.729868960703904,25.785181139980846,0.5158701238570178,0.6490124889534497,11.290490451369505,42.53924791058296,35.116970616156436,4.198382026039638,2.286031568629457,25.683021770294513,3244.593786325353
4923,492.30000000004344,42.511409610766705,35.12754583869641,7.383863772070304,3244.699490625522,25.685973309351198,116.92679199999998,116.92679200000002,11.274674744198006,0.1,7.357675940920004,3245.7033648522356,35.12,25.669186607958764,3239.5065099514686,4.259471740600331,2.2977581819850985,4.195800000000006,2.287000000000001,77.0152546607171,39.729868960703904,25.785181139980846,0.5158701238570178,0.6490124889534497,11.335170716171476,42.47767594092,35.11664426293395,4.195865690277746,2.286892244006303,25.50158026681325,3244.6493457156366
4924,492.40000000004346,42.511409610766705,35.12754583869641,7.383863772070304,3244.699490625522,25.685973309351198,116.92679199999998,116.92679200000002,11.274674744198006,0.1,7.405019590624036,3245.7033648522356,35.12,25.669186607958764,3239.5065099514686,4.259471740600331,2.2977581819850985,4.195800000000006,2.287000000000001,77.0152546607171,39.729868960703904,25.785181139980846,0.5158701238570178,0.6490124889534497,11.29135344805501,42.525019590624034,35.100694287340076,4.196245407255246,2.2868378077494924,25.67811715155435,3244.634205851428
4925,492.5000000000435,42.511409610766705,35.12754583869641,7.383863772070304,3244.699490625522,25.685973309351198,116.92679199999998,116.92679200000002,11.274674744198006,0.1,7.391909043373197,3245.7033648522356,35.12,25.669186607958764,3239.5065099514686,4.262501342938328,2.2976141080248715,4.195800000000006,2.287000000000001,77.0152546607171,39.729868960703904,25.785181139980846,0.5158701238570178,0.6490124889534497,11.324049465897609,42.511909043373194,35.12885476561539,4.196520164741019,2.2868789620979935,25.80149175917514,3244.6865886448395
4926,492.6000000000435,42.511409610766705,35.12754583869641,7.383863772070304,3244.699490625522,25.685973309351198,116.92679199999998,116.92679200000002,11.274674744198006,0.1,7.3977645623085095,3245.7033648522356,35.12,25.669186607958764,3239.5065099514686,4.262501342938328,2.2976141080248715,4.195800000000006,2.287000000000001,77.0152546607171,39.729868960703904,25.785181139980846,0.5158701238570178,0.6490124889534497,11.389583838022078,42.51776456230851,35.1518482258012,4.197149028759255,2.2857560291571652,25.824365275446745,3244.544582449212
4927,492.70000000004353,42.511409610766705,35.12754583869641,7.383863772070304,3244.699490625522,25.685973309351198,116.92679199999998,116.92679200000002,11.274674744198006,0.1,7.408022603451428,3245.7033648522356,35.12,25.66668160247435,3240.219646106769,4.262501342938328,2.2976141080248715,4.195800000000006,2.287000000000001,77.0152546607171,39.729868960703904,25.785181139980846,0.5158701238570178,0.6490124889534497,11.283831821275774,42.528022603451426,35.120525455498594,4.193238117785625,2.2879298435578344,25.89570758873344,3244.7496119165053
4928,492.80000000004355,42.511409610766705,35.12754583869641,7.383863772070304,3244.699490625522,25.685973309351198,116.92679199999998,116.92679200000002,11.274674744198006,0.1,7.424327433572266,3245.7033648522356,35.12,25.66668160247435,3240.219646106769,4.262501342938328,2.2976141080248715,4.195800000000006,2.287000000000001,77.0152546607171,39.729868960703904,25.785181139980846,0.5158701238570178,0.6490124889534497,11.258176943457142,42.54432743357226,35.11622711399615,4.195406767196723,2.2879937170957145,25.685238715563386,3244.843611140445
4929,492.9000000000436,42.511409610766705,35.12754583869641,7.383863772070304,3244.699490625522,25.685973309351198,116.92679199999998,116.92679200000002,11.274674744198006,0.1,7.36714748739535,3245.7033648522356,35.12,25.66668160247435,3240.219646106769,4.262501342938328,2.2976141080248715,4.195800000000006,2.287000000000001,77.0152546607171,39.729868960703904,25.785181139980846,0.5158701238570178,0.6490124889534497,11.300602633593167,42.48714748739535,35.133470540125145,4.194786141946336,2.2884638627627703,25.538629501966035,3244.450849165072
4930,493.0000000000436,42.511409610766705,35.12754583869641,7.383863772070304,3244.699490625522,25.685973309351198,116.92679199999998,116.92679200000002,11.274674744198006,0.1,7.4220938971944435,3245.7033648522356,35.12,25.66668160247435,3240.219646106769,4.263731605891955,2.297412206202523,4.195800000000006,2.287000000000001,77.0152546607171,39.729868960703904,25.785181139980846,0.5158701238570178,0.6490124889534497,11.241261937671105,42.54209389719444,35.12389609765759,4.195638575845035,2.2885237727747687,25.7500374254448,3244.551272299398
4931,493.1000000000436,42.511409610766705,35.12754583869641,7.383863772070304,3244.699490625522,25.685973309351198,116.92679199999998,116.92679200000002,11.274674744198006,0.1,7.4095918504310205,3245.7033648522356,35.12,25.66668160247435,3240.219646106769,4.263731605891955,2.297412206202523,4.195800000000006,2.287000000000001,77.0152546607171,39.729868960703904,25.785181139980846,0.5158701238570178,0.6490124889534497,11.324205692257948,42.52959185043102,35.0956299896682,4.195515512479852,2.2873086470921318,25.60065994895619,3244.7808307738046
4932,493.20000000004364,42.511409610766705,35.12754583869641,7.383863772070304,3244.699490625522,25.685973309351198,116.92679199999998,116.92679200000002,11.274674744198006,0.1,7.382105713361227,3245.7033648522356,35.12,25.69267533652601,3240.964398578124,4.263731605891955,2.297412206202523,4.195800000000006,2.287000000000001,77.0152546607171,39.729868960703904,25.785181139980846,0.5158701238570178,0.6490124889534497,11.298419849365196,42.502105713361225,35.14864987478375,4.1952194514458245,2.2882695131980744,25.768006543942665,3244.606000112444
4933,493.30000000004367,42.511409610766705,35.12754583869641,7.383863772070304,3244.699490625522,25.685973309351198,116.92679199999998,116.92679200000002,11.274674744198006,0.1,7.4038500448368225,3245.7033648522356,35.12,25.69267533652601,3240.964398578124,4.263731605891955,2.297412206202523,4.195800000000006,2.287000000000001,77.0152546607171,39.729868960703904,25.785181139980846,0.5158701238570178,0.6490124889534497,11.26344299996236,42.52385004483682,35.08156414890255,4.194842432968239,2.2869242188189784,25.72256567795635,3244.5178881604097
4934,493.4000000000437,42.511409610766705,35.12754583869641,7.383863772070304,3244.699490625522,25.685973309351198,116.92679199999998,116.92679200000002,11.274674744198006,0.1,7.357363100662411,3245.7033648522356,35.12,25.69267533652601,3240.964398578124,4.263731605891955,2.297412206202523,4.195800000000006,2.287000000000001,77.0152546607171,39.729868960703904,25.785181139980846,0.5158701238570178,0.6490124889534497,11.368034239167944,42.47736310066241,35.14599584798055,4.1949726806776315,2.287561656606171,25.73017250186911,3244.7062508480653
4935,493.5000000000437,42.511409610766705,35.12754583869641,7.383863772070304,3244.699490625522,25.685973309351198,116.92679199999998,116.92679200000002,11.274674744198006,0.1,7.363358136769719,3245.7033648522356,35.12,25.69267533652601,3240.964398578124,4.2623603346372185,2.2972576911874545,4.195800000000006,2.287000000000001,77.0152546607171,39.729868960703904,25.785181139980846,0.5158701238570178,0.6490124889534497,11.306852247058382,42.483358136769716,35.103173597248976,4.196080360401107,2.287360869031812,25.743293468779516,3244.569825168923
4936,493.60000000004374,42.511409610766705,35.12754583869641,7.383863772070304,3244.699490625522,25.685973309351198,116.92679199999998,116.92679200000002,11.274674744198006,0.1,7.3489554019273555,3245.7033648522356,35.12,25.69267533652601,3240.964398578124,4.2623603346372185,2.2972576911874545,4.195800000000006,2.287000000000001,77.0152546607171,39.729868960703904,25.785181139980846,0.5158701238570178,0.6490124889534497,11.274435941583526,42.46895540192735,35.12000274944535,4.196680108845082,2.2856987558430544,25.63868862994562,3244.752158620962
4937,493.70000000004376,42.511409610766705,35.12754583869641,7.383863772070304,3244.699490625522,25.685973309351198,116.92679199999998,116.92679200000002,11.274674744198006,0.1,7.406563826725822,3245.7033648522356,35.12,25.658160673153635,3235.5402621271,4.2623603346372185,2.2972576911874545,4.195800000000006,2.287000000000001,77.0152546607171,39.729868960703904,25.785181139980846,0.5158701238570178,0.6490124889534497,11.266986573572295,42.52656382672582,35.111866919674824,4.196066874368568,2.287438571097105,25.588335639358657,3244.6443658588046
4938,493.8000000000438,42.511409610766705,35.12754583869641,7.383863772070304,3244.699490625522,25.685973309351198,116.92679199999998,116.92679200000002,11.274674744198006,0.1,7.3799674351514355,3245.7033648522356,35.12,25.658160673153635,3235.5402621271,4.2623603346372185,2.2972576911874545,4.195800000000006,2.287000000000001,77.0152546607171,39.729868960703904,25.785181139980846,0.5158701238570178,0.6490124889534497,11.35702345592133,42.49996743515143,35.10344166489202,4.19670854489614,2.2863420527279383,25.635682026741442,3244.7018987207057
4939,493.9000000000438,42.511409610766705,35.12754583869641,7.383863772070304,3244.699490625522,25.685973309351198,116.92679199999998,116.92679200000002,11.274674744198006,0.1,7.3918958192763355,3245.7033648522356,35.12,25.658160673153635,3235.5402621271,4.2623603346372185,2.2972576911874545,4.195800000000006,2.287000000000001,77.0152546607171,39.729868960703904,25.785181139980846,0.5158701238570178,0.6490124889534497,11.296895217051693,42.51189581927633,35.107041027360616,4.197251353213562,2.2862908191374154,25.700699134169124,3244.622432641222
4940,494.0000000000438,42.511409610766705,35.12754583869641,7.383863772070304,3244.699490625522,25.685973309351198,116.92679199999998,116.92679200000002,11.274674744198006,0.1,7.412894403989924,3245.7033648522356,35.12,25.658160673153635,3235.5402621271,4.26367322427228,2.2971287073258053,4.195800000000006,2.287000000000001,77.0152546607171,39.729868960703904,25.785181139980846,0.5158701238570178,0.6490124889534497,11.279105344417706,42.53289440398992,35.15229211185578,4.195275802230383,2.2867582095815684,25.493011631390115,3244.6540689139774
4941,494.10000000004385,42.511409610766705,35.12754583869641,7.383863772070304,3244.699490625522,25.685973309351198,116.92679199999998,116.92679200000002,11.274674744198006,0.1,7.378123402536339,3245.7033648522356,35.12,25.658160673153635,3235.5402621271,4.26367322427228,2.2971287073258053,4.195800000000006,2.287000000000001,77.0152546607171,39.729868960703904,25.785181139980846,0.5158701238570178,0.6490124889534497,11.29352805101489,42.498123402536336,35.11924174818824,4.197060065916059,2.28667014748716,25.799912884658344,3244.743167548824
4942,494.2000000000439,42.511409610766705,35.12754583869641,7.383863772070304,3244.699490625522,25.685973309351198,116.92679199999998,116.92679200000002,11.274674744198006,0.1,7.34888028135191,3245.7033648522356,35.12,25.65906329393958,3234.3925953259873,4.26367322427228,2.2971287073258053,4.195800000000006,2.287000000000001,77.0152546607171,39.729868960703904,25.785181139980846,0.5158701238570178,0.6490124889534497,11.23500469369047,42.46888028135191,35.1895512335378,4.197796294672616,2.2848016804278997,25.67716995881367,3244.7726132877888
4943,494.3000000000439,42.511409610766705,35.12754583869641,7.383863772070304,3244.699490625522,25.685973309351198,116.92679199999998,116.92679200000002,11.274674744198006,0.1,7.447189128863087,3245.7033648522356,35.12,25.65906329393958,3234.3925953259873,4.26367322427228,2.2971287073258053,4.195800000000006,2.287000000000001,77.0152546607171,39.729868960703904,25.785181139980846,0.5158701238570178,0.6490124889534497,11.284071060159588,42.567189128863085,35.08045603951006,4.196782031019183,2.2867322309620945,25.80973288906628,3244.6322115225917
4944,494.4000000000439,42.511409610766705,35.12754583869641,7.383863772070304,3244.699490625522,25.685973309351198,116.92679199999998,116.92679200000002,11.274674744198006,0.1,7.406264892212533,3245.7033648522356,35.12,25.65906329393958,3234.3925953259873,4.26367322427228,2.2971287073258053,4.195800000000006,2.287000000000001,77.0152546607171,39.729868960703904,25.785181139980846,0.5158701238570178,0.6490124889534497,11.157418709592188,42.52626489221253,35.09477005258955,4.197276230609045,2.2863864099073417,25.708189930444526,3244.925288972485
4945,494.50000000004394,42.511409610766705,35.12754583869641,7.383863772070304,3244.699490625522,25.685973309351198,116.92679199999998,116.92679200000002,11.274674744198006,0.1,7.403933699321485,3245.7033648522356,35.12,25.65906329393958,3234.3925953259873,4.260005829610077,2.2970450689697657,4.195800000000006,2.287000000000001,77.0152546607171,39.729868960703904,25.785181139980846,0.5158701238570178,0.6490124889534497,11.346619070120544,42.52393369932148,35.07301327464501,4.195339065017372,2.2885296863564335,25.70929968628497,3244.8360260789045
4946,494.60000000004396,42.511409610766705,35.12754583869641,7.383863772070304,3244.699490625522,25.685973309351198,116.92679199999998,116.92679200000002,11.274674744198006,0.1,7.400028246869006,3245.7033648522356,35.12,25.65906329393958,3234.3925953259873,4.260005829610077,2.2970450689697657,4.195800000000006,2.287000000000001,77.0152546607171,39.729868960703904,25.785181139980846,0.5158701238570178,0.6490124889534497,11.276540626594851,42.520028246869,35.10468537041896,4.196741875963488,2.286934768939389,25.624670432923757,3244.5588503509657
4947,494.700000000044,42.511409610766705,35.12754583869641,7.383863772070304,3244.699490625522,25.685973309351198,116.92679199999998,116.92679200000002,11.274674744198006,0.1,7.412467052296165,3245.7033648522356,35.12,25.708462039024468,3238.8178205813165,4.260005829610077,2.2970450689697657,4.195800000000006,2.287000000000001,77.0152546607171,39.729868960703904,25.785181139980846,0.5158701238570178,0.6490124889534497,11.308163884868973,42.53246705229616,35.15203192693348,4.195668720471904,2.2865756782694158,25.472776845806415,3244.691568176987
4948,494.800000000044,42.511409610766705,35.12754583869641,7.383863772070304,3244.699490625522,25.685973309351198,116.92679199999998,116.92679200000002,11.274674744198006,0.1,7.37689878706653,3245.7033648522356,35.12,25.708462039024468,3238.8178205813165,4.260005829610077,2.2970450689697657,4.195800000000006,2.287000000000001,77.0152546607171,39.729868960703904,25.785181139980846,0.5158701238570178,0.6490124889534497,11.266582800118485,42.49689878706653,35.09877950303389,4.195927658872487,2.2875718354526935,25.71523566629082,3244.675315329692
4949,494.90000000004403,42.511409610766705,35.12754583869641,7.383863772070304,3244.699490625522,25.685973309351198,116.92679199999998,116.92679200000002,11.274674744198006,0.1,7.389418153281127,3245.7033648522356,35.12,25.708462039024468,3238.8178205813165,4.260005829610077,2.2970450689697657,4.195800000000006,2.287000000000001,77.0152546607171,39.729868960703904,25.785181139980846,0.5158701238570178,0.6490124889534497,11.309422713716678,42.509418153281125,35.1364284281167,4.193315710823756,2.2882591149510585,25.717873972977337,3244.6818483816414
4950,495.00000000004405,42.511409610766705,35.12754583869641,7.383863772070304,3244.699490625522,25.685973309351198,116.92679199999998,116.92679200000002,11.274674744198006,0.1,7.343693323570676,3245.7033648522356,35.12,25.708462039024468,3238.8178205813165,4.262700996654469,2.2968517750963695,4.195800000000006,2.287000000000001,77.0152546607171,39.729868960703904,25.785181139980846,0.5158701238570178,0.6490124889534497,11.283219821540623,42.46369332357067,35.13546347381085,4.1964584436655645,2.287566354201559,25.63719271572826,3244.7114885179753
4951,495.1000000000441,42.511409610766705,35.12754583869641,7.383863772070304,3244.699490625522,25.685973309351198,116.92679199999998,116.92679200000002,11.274674744198006,0.1,7.373815704563839,3245.7033648522356,35.12,25.708462039024468,3238.8178205813165,4.262700996654469,2.2968517750963695,4.195800000000006,2.287000000000001,77.0152546607171,39.729868960703904,25.785181139980846,0.5158701238570178,0.6490124889534497,11.255836219824067,42.493815704563836,35.09927288962868,4.192650872846601,2.28800916249627,25.85651906070699,3244.7133086589656
4952,495.2000000000441,42.511409610766705,35.12754583869641,7.383863772070304,3244.699490625522,25.685973309351198,116.92679199999998,116.92679200000002,11.274674744198006,0.1,7.37457407022309,3245.7033648522356,35.12,25.787640549845797,3241.1785429108127,4.262700996654469,2.2968517750963695,4.195800000000006,2.287000000000001,77.0152546607171,39.729868960703904,25.785181139980846,0.5158701238570178,0.6490124889534497,11.326116652158612,42.49457407022309,35.10565389908548,4.1965214862033555,2.2853416798952852,25.667589360403547,3244.6766075352143
4953,495.3000000000441,42.511409610766705,35.12754583869641,7.383863772070304,3244.699490625522,25.685973309351198,116.92679199999998,116.92679200000002,11.274674744198006,0.1,7.380181075207737,3245.7033648522356,35.12,25.787640549845797,3241.1785429108127,4.262700996654469,2.2968517750963695,4.195800000000006,2.287000000000001,77.0152546607171,39.729868960703904,25.785181139980846,0.5158701238570178,0.6490124889534497,11.254662601609862,42.500181075207735,35.14950961308389,4.195093836689253,2.2863904246818474,25.614551248953916,3244.707887638235
4954,495.40000000004414,42.511409610766705,35.12754583869641,7.383863772070304,3244.699490625522,25.685973309351198,116.92679199999998,116.92679200000002,11.274674744198006,0.1,7.426468373935805,3245.7033648522356,35.12,25.787640549845797,3241.1785429108127,4.262700996654469,2.2968517750963695,4.195800000000006,2.287000000000001,77.0152546607171,39.729868960703904,25.785181139980846,0.5158701238570178,0.6490124889534497,11.231859371629323,42.5464683739358,35.16413071337837,4.196894658756205,2.286408249431839,25.56771326898395,3244.795135366956
4955,495.50000000004417,42.511409610766705,35.12754583869641,7.383863772070304,3244.699490625522,25.685973309351198,116.92679199999998,116.92679200000002,11.274674744198006,0.1,7.404752401620492,3245.7033648522356,35.12,25.787640549845797,3241.1785429108127,4.265834393333907,2.2967230214879524,4.195800000000006,2.287000000000001,77.0152546607171,39.729868960703904,25.785181139980846,0.5158701238570178,0.6490124889534497,11.277136247807636,42.52475240162049,35.16067145730782,4.196900082617735,2.2851046165882685,25.73288484770559,3244.767907572211
4956,495.6000000000442,42.511409610766705,35.12754583869641,7.383863772070304,3244.699490625522,25.685973309351198,116.92679199999998,116.92679200000002,11.274674744198006,0.1,7.396117037292626,3245.7033648522356,35.12,25.787640549845797,3241.1785429108127,4.265834393333907,2.2967230214879524,4.195800000000006,2.287000000000001,77.0152546607171,39.729868960703904,25.785181139980846,0.5158701238570178,0.6490124889534497,11.31238356417315,42.516117037292624,35.1648786072199,4.193932124977392,2.2873165054648115,25.60833948856864,3244.6733042482438
4957,495.7000000000442,42.511409610766705,35.12754583869641,7.383863772070304,3244.699490625522,25.685973309351198,116.92679199999998,116.92679200000002,11.274674744198006,0.1,7.363145871280331,3245.7033648522356,35.12,25.75093993278362,3241.630916772436,4.265834393333907,2.2967230214879524,4.195800000000006,2.287000000000001,77.0152546607171,39.729868960703904,25.785181139980846,0.5158701238570178,0.6490124889534497,11.260920611280179,42.48314587128033,35.12802622302434,4.19464558321659,2.2891531152009983,25.938034758565095,3244.7582180168947
4958,495.80000000004424,42.511409610766705,35.12754583869641,7.383863772070304,3244.699490625522,25.685973309351198,116.92679199999998,116.92679200000002,11.274674744198006,0.1,7.368213324134793,3245.7033648522356,35.12,25.75093993278362,3241.630916772436,4.265834393333907,2.2967230214879524,4.195800000000006,2.287000000000001,77.0152546607171,39.729868960703904,25.785181139980846,0.5158701238570178,0.6490124889534497,11.270547896314659,42.48821332413479,35.17120863781815,4.195465444083128,2.285589908480642,25.789760457442885,3244.8669546481415
4959,495.90000000004426,42.511409610766705,35.12754583869641,7.383863772070304,3244.699490625522,25.685973309351198,116.92679199999998,116.92679200000002,11.274674744198006,0.1,7.3891432917654,3245.7033648522356,35.12,25.75093993278362,3241.630916772436,4.265834393333907,2.2967230214879524,4.195800000000006,2.287000000000001,77.0152546607171,39.729868960703904,25.785181139980846,0.5158701238570178,0.6490124889534497,11.24763761472351,42.5091432917654,35.05909984815744,4.195060331132814,2.2864480724348013,25.575883510828138,3244.734497002962
4960,496.0000000000443,42.511409610766705,35.12754583869641,7.383863772070304,3244.699490625522,25.685973309351198,116.92679199999998,116.92679200000002,11.274674744198006,0.1,7.403295892940612,3245.7033648522356,35.12,25.75093993278362,3241.630916772436,4.267081618424435,2.2965708009811734,4.195800000000006,2.287000000000001,77.0152546607171,39.729868960703904,25.785181139980846,0.5158701238570178,0.6490124889534497,11.245400224391771,42.52329589294061,35.13951615538614,4.195077919208793,2.286405326383824,25.74744652219855,3244.7353553794924
4961,496.1000000000443,42.511409610766705,35.12754583869641,7.383863772070304,3244.699490625522,25.685973309351198,116.92679199999998,116.92679200000002,11.274674744198006,0.1,7.419543433424863,3245.7033648522356,35.12,25.75093993278362,3241.630916772436,4.267081618424435,2.2965708009811734,4.195800000000006,2.287000000000001,77.0152546607171,39.729868960703904,25.785181139980846,0.5158701238570178,0.6490124889534497,11.265900410782784,42.53954343342486,35.12184093502199,4.194205884077554,2.2876412023436794,25.625781625236783,3244.5045491684623
4962,496.2000000000443,42.511409610766705,35.12754583869641,7.383863772070304,3244.699490625522,25.685973309351198,116.92679199999998,116.92679200000002,11.274674744198006,0.1,7.4163693713519905,3245.7033648522356,35.12,25.733544065587846,3240.923953270822,4.267081618424435,2.2965708009811734,4.195800000000006,2.287000000000001,77.0152546607171,39.729868960703904,25.785181139980846,0.5158701238570178,0.6490124889534497,11.222131415161313,42.53636937135199,35.12841087817866,4.196996130324448,2.286557444310377,25.590219056416476,3244.68593620014
4963,496.30000000004435,42.511409610766705,35.12754583869641,7.383863772070304,3244.699490625522,25.685973309351198,116.92679199999998,116.92679200000002,11.274674744198006,0.1,7.34127450104554,3245.7033648522356,35.12,25.733544065587846,3240.923953270822,4.267081618424435,2.2965708009811734,4.195800000000006,2.287000000000001,77.0152546607171,39.729868960703904,25.785181139980846,0.5158701238570178,0.6490124889534497,11.352824245498432,42.46127450104554,35.092057481032114,4.194345425825776,2.286414933684117,25.508859297593048,3244.7340059415324
4964,496.4000000000444,42.511409610766705,35.12754583869641,7.383863772070304,3244.699490625522,25.685973309351198,116.92679199999998,116.92679200000002,11.274674744198006,0.1,7.414725862138205,3245.7033648522356,35.12,25.733544065587846,3240.923953270822,4.267081618424435,2.2965708009811734,4.195800000000006,2.287000000000001,77.0152546607171,39.729868960703904,25.785181139980846,0.5158701238570178,0.6490124889534497,11.40355476268589,42.5347258621382,35.10106372791359,4.194509876793184,2.2887407334560614,25.86056275129364,3244.925081924902
4965,496.5000000000444,42.511409610766705,35.12754583869641,7.383863772070304,3244.699490625522,25.685973309351198,116.92679199999998,116.92679200000002,11.274674744198006,0.1,7.40964537830687,3245.7033648522356,35.12,25.733544065587846,3240.923953270822,4.266445498084724,2.296426771105661,4.195800000000006,2.287000000000001,77.0152546607171,39.729868960703904,25.785181139980846,0.5158701238570178,0.6490124889534497,11.323569777846348,42.52964537830687,35.137469560958024,4.196501507605944,2.2865149297760516,25.739262455801303,3244.7472553609678
4966,496.6000000000444,42.511409610766705,35.12754583869641,7.383863772070304,3244.699490625522,25.685973309351198,116.92679199999998,116.92679200000002,11.274674744198006,0.1,7.376621339298481,3245.7033648522356,35.12,25.733544065587846,3240.923953270822,4.266445498084724,2.296426771105661,4.195800000000006,2.287000000000001,77.0152546607171,39.729868960703904,25.785181139980846,0.5158701238570178,0.6490124889534497,11.241298462283485,42.49662133929848,35.09724575076437,4.195636726802136,2.286348162874944,25.643249236457606,3244.6624016418928
4967,496.70000000004444,42.511409610766705,35.12754583869641,7.383863772070304,3244.699490625522,25.685973309351198,116.92679199999998,116.92679200000002,11.274674744198006,0.1,7.379364934880265,3245.7033648522356,35.12,25.740787251715705,3241.358883331085,4.266445498084724,2.296426771105661,4.195800000000006,2.287000000000001,77.0152546607171,39.729868960703904,25.785181139980846,0.5158701238570178,0.6490124889534497,11.280319594156698,42.49936493488026,35.06073355852465,4.1937372085394395,2.2859965428296225,25.585184545562157,3244.531438556437
4968,496.80000000004446,42.511409610766705,35.12754583869641,7.383863772070304,3244.699490625522,25.685973309351198,116.92679199999998,116.92679200000002,11.274674744198006,0.1,7.359317685840956,3245.7033648522356,35.12,25.740787251715705,3241.358883331085,4.266445498084724,2.296426771105661,4.195800000000006,2.287000000000001,77.0152546607171,39.729868960703904,25.785181139980846,0.5158701238570178,0.6490124889534497,11.372943926569036,42.479317685840954,35.095672932378584,4.196454271379726,2.288116119834689,25.499110254692237,3244.8884152433407
4969,496.9000000000445,42.511409610766705,35.12754583869641,7.383863772070304,3244.699490625522,25.685973309351198,116.92679199999998,116.92679200000002,11.274674744198006,0.1,7.388088731728473,3245.7033648522356,35.12,25.740787251715705,3241.358883331085,4.266445498084724,2.296426771105661,4.195800000000006,2.287000000000001,77.0152546607171,39.729868960703904,25.785181139980846,0.5158701238570178,0.6490124889534497,11.28599709556712,42.50808873172847,35.10341539873426,4.195805204653981,2.2864038022326727,25.600664784666325,3244.631383491819
4970,497.0000000000445,42.511409610766705,35.12754583869641,7.383863772070304,3244.699490625522,25.685973309351198,116.92679199999998,116.92679200000002,11.274674744198006,0.1,7.462469581352032,3245.7033648522356,35.12,25.740787251715705,3241.358883331085,4.262651722783078,2.2962197572588523,4.195800000000006,2.287000000000001,77.0152546607171,39.729868960703904,25.785181139980846,0.5158701238570178,0.6490124889534497,11.305528181539406,42.58246958135203,35.1269713719173,4.194833492810835,2.2864619427952446,26.062770300738265,3244.5795706706435
4971,497.10000000004453,42.511409610766705,35.12754583869641,7.383863772070304,3244.699490625522,25.685973309351198,116.92679199999998,116.92679200000002,11.274674744198006,0.1,7.399380995943581,3245.7033648522356,35.12,25.740787251715705,3241.358883331085,4.262651722783078,2.2962197572588523,4.195800000000006,2.287000000000001,77.0152546607171,39.729868960703904,25.785181139980846,0.5158701238570178,0.6490124889534497,11.217864304709439,42.51938099594358,35.1384145411333,4.195480003028703,2.286725537409719,25.690863966423013,3244.8237381967283
4972,497.20000000004455,42.511409610766705,35.12754583869641,7.383863772070304,3244.699490625522,25.685973309351198,116.92679199999998,116.92679200000002,11.274674744198006,0.1,7.44135466320013,3245.7033648522356,35.12,25.744877995241065,3242.0846015112443,4.262651722783078,2.2962197572588523,4.195800000000006,2.287000000000001,77.0152546607171,39.729868960703904,25.785181139980846,0.5158701238570178,0.6490124889534497,11.28984648930516,42.56135466320013,35.10246463416333,4.19616190585033,2.2874163328056367,25.707593749916782,3244.710651974146
4973,497.3000000000446,42.511409610766705,35.12754583869641,7.383863772070304,3244.699490625522,25.685973309351198,116.92679199999998,116.92679200000002,11.274674744198006,0.1,7.419052359212948,3245.7033648522356,35.12,25.744877995241065,3242.0846015112443,4.262651722783078,2.2962197572588523,4.195800000000006,2.287000000000001,77.0152546607171,39.729868960703904,25.785181139980846,0.5158701238570178,0.6490124889534497,11.297724542275267,42.539052359212945,35.126915145271525,4.196536162878711,2.2869115183674715,25.622779325983185,3244.731432377362
4974,497.4000000000446,42.511409610766705,35.12754583869641,7.383863772070304,3244.699490625522,25.685973309351198,116.92679199999998,116.92679200000002,11.274674744198006,0.1,7.329392743821586,3245.7033648522356,35.12,25.744877995241065,3242.0846015112443,4.262651722783078,2.2962197572588523,4.195800000000006,2.287000000000001,77.0152546607171,39.729868960703904,25.785181139980846,0.5158701238570178,0.6490124889534497,11.29505270633349,42.44939274382158,35.13599741245355,4.196943955194468,2.2879738957823172,25.605892161201908,3244.5262703959306
4975,497.5000000000446,42.511409610766705,35.12754583869641,7.383863772070304,3244.699490625522,25.685973309351198,116.92679199999998,116.92679200000002,11.274674744198006,0.1,7.363052306032571,3245.7033648522356,35.12,25.744877995241065,3242.0846015112443,4.267297139335252,2.296148520544688,4.195800000000006,2.287000000000001,77.0152546607171,39.729868960703904,25.785181139980846,0.5158701238570178,0.6490124889534497,11.42251447598685,42.48305230603257,35.189013428650696,4.194557330268082,2.2878196201963146,25.62711105490051,3244.8314437167837
4976,497.60000000004464,42.511409610766705,35.12754583869641,7.383863772070304,3244.699490625522,25.685973309351198,116.92679199999998,116.92679200000002,11.274674744198006,0.1,7.367543423003596,3245.7033648522356,35.12,25.744877995241065,3242.0846015112443,4.267297139335252,2.296148520544688,4.195800000000006,2.287000000000001,77.0152546607171,39.729868960703904,25.785181139980846,0.5158701238570178,0.6490124889534497,11.30120984831547,42.48754342300359,35.17899053602886,4.196855472995457,2.287674351176735,25.68646387386636,3244.6421957139996
4977,497.70000000004467,42.511409610766705,35.12754583869641,7.383863772070304,3244.699490625522,25.685973309351198,116.92679199999998,116.92679200000002,11.274674744198006,0.1,7.408327277303371,3245.7033648522356,35.12,25.721386808960006,3242.039553677892,4.267297139335252,2.296148520544688,4.195800000000006,2.287000000000001,77.0152546607171,39.729868960703904,25.785181139980846,0.5158701238570178,0.6490124889534497,11.242838825314143,42.52832727730337,35.09988357074728,4.194276773130903,2.284922599547374,25.707484586787963,3244.878591445329
4978,497.8000000000447,42.511409610766705,35.12754583869641,7.383863772070304,3244.699490625522,25.685973309351198,116.92679199999998,116.92679200000002,11.274674744198006,0.1,7.3388283446505085,3245.7033648522356,35.12,25.721386808960006,3242.039553677892,4.267297139335252,2.296148520544688,4.195800000000006,2.287000000000001,77.0152546607171,39.729868960703904,25.785181139980846,0.5158701238570178,0.6490124889534497,11.336147395287876,42.458828344650506,35.104443205650014,4.195168601341192,2.288287371692165,25.519874099042102,3244.8071424706504
4979,497.9000000000447,42.511409610766705,35.12754583869641,7.383863772070304,3244.699490625522,25.685973309351198,116.92679199999998,116.92679200000002,11.274674744198006,0.1,7.356817734623554,3245.7033648522356,35.12,25.721386808960006,3242.039553677892,4.267297139335252,2.296148520544688,4.195800000000006,2.287000000000001,77.0152546607171,39.729868960703904,25.785181139980846,0.5158701238570178,0.6490124889534497,11.365453386395245,42.47681773462355,35.12025257123638,4.197486936841808,2.287660466013262,25.721982305576145,3244.92713019003
4980,498.00000000004474,42.511409610766705,35.12754583869641,7.383863772070304,3244.699490625522,25.685973309351198,116.92679199999998,116.92679200000002,11.274674744198006,0.1,7.370628812299749,3245.7033648522356,35.12,25.721386808960006,3242.039553677892,4.2653145176760505,2.2959677239423373,4.195800000000006,2.287000000000001,77.0152546607171,39.729868960703904,25.785181139980846,0.5158701238570178,0.6490124889534497,11.2812979600324,42.49062881229975,35.10967807817405,4.1964835998837975,2.2873977545623556,25.613097013503832,3244.6863316543017
4981,498.10000000004476,42.511409610766705,35.12754583869641,7.383863772070304,3244.699490625522,25.685973309351198,116.92679199999998,116.92679200000002,11.274674744198006,0.1,7.359087948244273,3245.7033648522356,35.12,25.721386808960006,3242.039553677892,4.2653145176760505,2.2959677239423373,4.195800000000006,2.287000000000001,77.0152546607171,39.729868960703904,25.785181139980846,0.5158701238570178,0.6490124889534497,11.237463095503157,42.47908794824427,35.08764841748776,4.1960292747691685,2.285643094066094,25.679562011783624,3244.5678833547313
4982,498.2000000000448,42.511409610766705,35.12754583869641,7.383863772070304,3244.699490625522,25.685973309351198,116.92679199999998,116.92679200000002,11.274674744198006,0.1,7.384239763117385,3245.7033648522356,35.12,25.741901750190973,3242.466409403516,4.2653145176760505,2.2959677239423373,4.195800000000006,2.287000000000001,77.0152546607171,39.729868960703904,25.785181139980846,0.5158701238570178,0.6490124889534497,11.279409306863334,42.50423976311738,35.124335714453494,4.196156211967823,2.2869040131404432,25.69371812497633,3244.523013046658
4983,498.3000000000448,42.511409610766705,35.12754583869641,7.383863772070304,3244.699490625522,25.685973309351198,116.92679199999998,116.92679200000002,11.274674744198006,0.1,7.433074142916475,3245.7033648522356,35.12,25.741901750190973,3242.466409403516,4.2653145176760505,2.2959677239423373,4.195800000000006,2.287000000000001,77.0152546607171,39.729868960703904,25.785181139980846,0.5158701238570178,0.6490124889534497,11.261375134316202,42.55307414291647,35.13960342672669,4.196429408891737,2.2875454574328606,25.731472632206373,3244.867221931503
4984,498.4000000000448,42.511409610766705,35.12754583869641,7.383863772070304,3244.699490625522,25.685973309351198,116.92679199999998,116.92679200000002,11.274674744198006,0.1,7.361843288955619,3245.7033648522356,35.12,25.741901750190973,3242.466409403516,4.2653145176760505,2.2959677239423373,4.195800000000006,2.287000000000001,77.0152546607171,39.729868960703904,25.785181139980846,0.5158701238570178,0.6490124889534497,11.331097775470802,42.481843288955616,35.17760492490014,4.195341739554999,2.28770518527354,25.512778159956387,3244.7756039540814
4985,498.50000000004485,42.511409610766705,35.12754583869641,7.383863772070304,3244.699490625522,25.685973309351198,116.92679199999998,116.92679200000002,11.274674744198006,0.1,7.423880090777345,3245.7033648522356,35.12,25.741901750190973,3242.466409403516,4.265337940918394,2.295823302021169,4.195800000000006,2.287000000000001,77.0152546607171,39.729868960703904,25.785181139980846,0.5158701238570178,0.6490124889534497,11.304573641153112,42.54388009077734,35.090633184675355,4.195571685610513,2.2882750081619063,25.57303695190404,3244.7120322252986
4986,498.6000000000449,42.511409610766705,35.12754583869641,7.383863772070304,3244.699490625522,25.685973309351198,116.92679199999998,116.92679200000002,11.274674744198006,0.1,7.369367452014075,3245.7033648522356,35.12,25.741901750190973,3242.466409403516,4.265337940918394,2.295823302021169,4.195800000000006,2.287000000000001,77.0152546607171,39.729868960703904,25.785181139980846,0.5158701238570178,0.6490124889534497,11.312704681870724,42.48936745201407,35.13515951447601,4.196365675605488,2.2873461684454197,25.557205248501006,3244.5821875850625
4987,498.7000000000449,42.511409610766705,35.12754583869641,7.383863772070304,3244.699490625522,25.685973309351198,116.92679199999998,116.92679200000002,11.274674744198006,0.1,7.4064685976464375,3245.7033648522356,35.12,25.73515452837093,3242.712655345316,4.265337940918394,2.295823302021169,4.195800000000006,2.287000000000001,77.0152546607171,39.729868960703904,25.785181139980846,0.5158701238570178,0.6490124889534497,11.265385657820929,42.526468597646435,35.14259208945476,4.193524977445571,2.2867581408990345,25.68993990817897,3244.748092396355
4988,498.8000000000449,42.511409610766705,35.12754583869641,7.383863772070304,3244.699490625522,25.685973309351198,116.92679199999998,116.92679200000002,11.274674744198006,0.1,7.41947749758905,3245.7033648522356,35.12,25.73515452837093,3242.712655345316,4.265337940918394,2.295823302021169,4.195800000000006,2.287000000000001,77.0152546607171,39.729868960703904,25.785181139980846,0.5158701238570178,0.6490124889534497,11.26936463440892,42.53947749758905,35.115911650344714,4.195117783600213,2.2855062932995955,25.73251586168134,3244.6439908404723
4989,498.90000000004494,42.511409610766705,35.12754583869641,7.383863772070304,3244.699490625522,25.685973309351198,116.92679199999998,116.92679200000002,11.274674744198006,0.1,7.3680522539974405,3245.7033648522356,35.12,25.73515452837093,3242.712655345316,4.265337940918394,2.295823302021169,4.195800000000006,2.287000000000001,77.0152546607171,39.729868960703904,25.785181139980846,0.5158701238570178,0.6490124889534497,11.229469228683131,42.48805225399744,35.12501550358854,4.195430895701799,2.2884313384290573,25.58114121616906,3244.6314604491213
4990,499.00000000004496,42.511409610766705,35.12754583869641,7.383863772070304,3244.699490625522,25.685973309351198,116.92679199999998,116.92679200000002,11.274674744198006,0.1,7.324448880870833,3245.7033648522356,35.12,25.73515452837093,3242.712655345316,4.267673796166363,2.2957505482197433,4.195800000000006,2.287000000000001,77.0152546607171,39.729868960703904,25.785181139980846,0.5158701238570178,0.6490124889534497,11.3209442701335,42.44444888087083,35.12490813420516,4.194893014170377,2.286839774562006,25.642362287166574,3244.9642080480885
4991,499.100000000045,42.511409610766705,35.12754583869641,7.383863772070304,3244.699490625522,25.685973309351198,116.92679199999998,116.92679200000002,11.274674744198006,0.1,7.3698044857988165,3245.7033648522356,35.12,25.73515452837093,3242.712655345316,4.267673796166363,2.2957505482197433,4.195800000000006,2.287000000000001,77.0152546607171,39.729868960703904,25.785181139980846,0.5158701238570178,0.6490124889534497,11.262104024913935,42.489804485798814,35.106847399573205,4.194807818816764,2.2867653777027788,25.67341961090398,3244.71111293713
4992,499.200000000045,42.511409610766705,35.12754583869641,7.383863772070304,3244.699490625522,25.685973309351198,116.92679199999998,116.92679200000002,11.274674744198006,0.1,7.414123437803596,3245.7033648522356,35.12,25.81136930968014,3244.8576763040633,4.267673796166363,2.2957505482197433,4.195800000000006,2.287000000000001,77.0152546607171,39.729868960703904,25.785181139980846,0.5158701238570178,0.6490124889534497,11.349166678645119,42.53412343780359,35.14950158915467,4.196316121132996,2.2861830576480235,25.589623799845263,3244.814787506061
4993,499.30000000004503,42.511409610766705,35.12754583869641,7.383863772070304,3244.699490625522,25.685973309351198,116.92679199999998,116.92679200000002,11.274674744198006,0.1,7.402297792600038,3245.7033648522356,35.12,25.81136930968014,3244.8576763040633,4.267673796166363,2.2957505482197433,4.195800000000006,2.287000000000001,77.0152546607171,39.729868960703904,25.785181139980846,0.5158701238570178,0.6490124889534497,11.222608468103699,42.522297792600035,35.12047219308463,4.196247910356812,2.2877298640766535,25.84148829494347,3244.6489695286773
4994,499.40000000004505,42.511409610766705,35.12754583869641,7.383863772070304,3244.699490625522,25.685973309351198,116.92679199999998,116.92679200000002,11.274674744198006,0.1,7.4451339618626236,3245.7033648522356,35.12,25.81136930968014,3244.8576763040633,4.267673796166363,2.2957505482197433,4.195800000000006,2.287000000000001,77.0152546607171,39.729868960703904,25.785181139980846,0.5158701238570178,0.6490124889534497,11.24303397013202,42.56513396186262,35.17807454268478,4.195876307719352,2.2871529913909816,25.595967178203594,3244.5544235790335
4995,499.5000000000451,42.511409610766705,35.12754583869641,7.383863772070304,3244.699490625522,25.685973309351198,116.92679199999998,116.92679200000002,11.274674744198006,0.1,7.373881938343722,3245.7033648522356,35.12,25.81136930968014,3244.8576763040633,4.271903596462315,2.2955482660912114,4.195800000000006,2.287000000000001,77.0152546607171,39.729868960703904,25.785181139980846,0.5158701238570178,0.6490124889534497,11.26888997556414,42.49388193834372,35.15550287645313,4.195408250368967,2.286881703372689,25.656001653244495,3244.7897157794023
4996,499.6000000000451,42.511409610766705,35.12754583869641,7.383863772070304,3244.699490625522,25.685973309351198,116.92679199999998,116.92679200000002,11.274674744198006,0.1,7.360472166494056,3245.7033648522356,35.12,25.81136930968014,3244.8576763040633,4.271903596462315,2.2955482660912114,4.195800000000006,2.287000000000001,77.0152546607171,39.729868960703904,25.785181139980846,0.5158701238570178,0.6490124889534497,11.295923134856496,42.48047216649405,35.1160975733791,4.19681796347754,2.287758810764839,25.673609984382644,3244.6895426796646
4997,499.7000000000451,42.511409610766705,35.12754583869641,7.383863772070304,3244.699490625522,25.685973309351198,116.92679199999998,116.92679200000002,11.274674744198006,0.1,7.398446328243281,3245.7033648522356,35.12,25.75600112404473,3242.862958423934,4.271903596462315,2.2955482660912114,4.195800000000006,2.287000000000001,77.0152546607171,39.729868960703904,25.785181139980846,0.5158701238570178,0.6490124889534497,11.240473790833466,42.51844632824328,35.171616650744916,4.1955242186438335,2.2867982873736143,25.661759184893352,3244.667956513438
4998,499.80000000004515,42.511409610766705,35.12754583869641,7.383863772070304,3244.699490625522,25.685973309351198,116.92679199999998,116.92679200000002,11.274674744198006,0.1,7.393568086675842,3245.7033648522356,35.12,25.75600112404473,3242.862958423934,4.271903596462315,2.2955482660912114,4.195800000000006,2.287000000000001,77.0152546607171,39.729868960703904,25.785181139980846,0.5158701238570178,0.6490124889534497,11.268168332649202,42.51356808667584,35.21599640915761,4.196544302935133,2.285561453184444,25.741708376942462,3244.6951279253176
4999,499.90000000004517,42.511409610766705,35.12754583869641,7.383863772070304,3244.699490625522,25.685973309351198,116.92679199999998,116.92679200000002,11.274674744198006,0.1,7.396486448292592,3245.7033648522356,35.12,25.75600112404473,3242.862958423934,4.271903596462315,2.2955482660912114,4.195800000000006,2.287000000000001,77.0152546607171,39.729868960703904,25.785181139980846,0.5158701238570178,0.6490124889534497,11.316988352835757,42.51648644829259,35.1500302240655,4.19314724393527,2.288637772600951,26.003574067438155,3244.7576602393588
5000,500.0000000000452,42.511409610766705,35.12754583869641,7.383863772070304,3244.699490625522,25.685973309351198,116.92679199999998,116.92679200000002,11.274674744198006,0.1,7.389788996716149,3245.7033648522356,35.12,25.75600112404473,3242.862958423934,4.2744040726556225,2.295414533141509,4.195800000000006,2.287000000000001,77.0152546607171,39.729868960703904,25.785181139980846,0.5158701238570178,0.6490124889534497,11.199498311036377,42.509788996716146,35.092555612774774,4.194624011636647,2.2878916188444567,25.594917725584562,3244.831448155213
5001,500.1000000000452,42.511409610766705,35.12754583869641,7.383863772070304,3244.699490625522,25.685973309351198,116.92679199999998,116.92679200000002,11.274674744198006,0.1,7.397042054910905,3245.7033648522356,35.12,25.75600112404473,3242.862958423934,4.2744040726556225,2.295414533141509,4.195800000000006,2.287000000000001,77.0152546607171,39.729868960703904,25.785181139980846,0.5158701238570178,0.6490124889534497,11.410758845871179,42.5170420549109,35.12614218931938,4.196413706831609,2.287990627476045,25.864862195578436,3244.804976962148
5002,500.20000000004524,42.511409610766705,35.12754583869641,7.383863772070304,3244.699490625522,25.685973309351198,116.92679199999998,116.92679200000002,11.274674744198006,0.1,7.395231263487773,3245.7033648522356,35.12,25.750786565551564,3243.806397582701,4.2744040726556225,2.295414533141509,4.195800000000006,2.287000000000001,77.0152546607171,39.729868960703904,25.785181139980846,0.5158701238570178,0.6490124889534497,11.299095701430891,42.51523126348777,35.178582480410505,4.196550449463645,2.288220834714634,25.78690376290857,3244.664416904217
5003,500.30000000004526,42.511409610766705,35.12754583869641,7.383863772070304,3244.699490625522,25.685973309351198,116.92679199999998,116.92679200000002,11.274674744198006,0.1,7.3992183800079445,3245.7033648522356,35.12,25.750786565551564,3243.806397582701,4.2744040726556225,2.295414533141509,4.195800000000006,2.287000000000001,77.0152546607171,39.729868960703904,25.785181139980846,0.5158701238570178,0.6490124889534497,11.249541822049611,42.51921838000794,35.078974669940706,4.194808737438649,2.2859832686789745,25.918984824882898,3244.6850467171193
5004,500.4000000000453,42.511409610766705,35.12754583869641,7.383863772070304,3244.699490625522,25.685973309351198,116.92679199999998,116.92679200000002,11.274674744198006,0.1,7.368591319380144,3245.7033648522356,35.12,25.750786565551564,3243.806397582701,4.2744040726556225,2.295414533141509,4.195800000000006,2.287000000000001,77.0152546607171,39.729868960703904,25.785181139980846,0.5158701238570178,0.6490124889534497,11.288460984940055,42.48859131938014,35.11808085272029,4.197381280367259,2.287471911295792,25.792998814806317,3244.70849703565
5005,500.5000000000453,42.511409610766705,35.12754583869641,7.383863772070304,3244.699490625522,25.685973309351198,116.92679199999998,116.92679200000002,11.274674744198006,0.1,7.39203996926144,3245.7033648522356,35.12,25.750786565551564,3243.806397582701,4.276037513721201,2.29525891861278,4.195800000000006,2.287000000000001,77.0152546607171,39.729868960703904,25.785181139980846,0.5158701238570178,0.6490124889534497,11.32496474669713,42.51203996926144,35.12261172795158,4.196888131371099,2.2884316190885676,25.668284949114774,3244.7982924760486
5006,500.6000000000453,42.511409610766705,35.12754583869641,7.383863772070304,3244.699490625522,25.685973309351198,116.92679199999998,116.92679200000002,11.274674744198006,0.1,7.432286344577179,3245.7033648522356,35.12,25.750786565551564,3243.806397582701,4.276037513721201,2.29525891861278,4.195800000000006,2.287000000000001,77.0152546607171,39.729868960703904,25.785181139980846,0.5158701238570178,0.6490124889534497,11.260682548114207,42.552286344577176,35.14073191563419,4.196410724702874,2.287729487005843,25.820281974758785,3244.6828225488384
5007,500.70000000004535,42.511409610766705,35.12754583869641,7.383863772070304,3244.699490625522,25.685973309351198,116.92679199999998,116.92679200000002,11.274674744198006,0.1,7.365843641047682,3245.7033648522356,35.12,25.736635764401044,3243.4775211501087,4.276037513721201,2.29525891861278,4.195800000000006,2.287000000000001,77.0152546607171,39.729868960703904,25.785181139980846,0.5158701238570178,0.6490124889534497,11.260433462651159,42.48584364104768,35.16713867126331,4.195014238643283,2.2868530863198693,25.77981196132432,3244.7506101476483
5008,500.8000000000454,42.511409610766705,35.12754583869641,7.383863772070304,3244.699490625522,25.685973309351198,116.92679199999998,116.92679200000002,11.274674744198006,0.1,7.418889838027823,3245.7033648522356,35.12,25.736635764401044,3243.4775211501087,4.276037513721201,2.29525891861278,4.195800000000006,2.287000000000001,77.0152546607171,39.729868960703904,25.785181139980846,0.5158701238570178,0.6490124889534497,11.31509442786309,42.53888983802782,35.1623455851695,4.195490773184218,2.2866213196956577,25.714732510758928,3244.7246753333134
5009,500.9000000000454,42.511409610766705,35.12754583869641,7.383863772070304,3244.699490625522,25.685973309351198,116.92679199999998,116.92679200000002,11.274674744198006,0.1,7.362334457069807,3245.7033648522356,35.12,25.736635764401044,3243.4775211501087,4.276037513721201,2.29525891861278,4.195800000000006,2.287000000000001,77.0152546607171,39.729868960703904,25.785181139980846,0.5158701238570178,0.6490124889534497,11.28056542899684,42.482334457069804,35.107251178096305,4.1967350500937775,2.28419570842042,25.95384020927785,3244.627196705274
5010,501.0000000000454,42.511409610766705,35.12754583869641,7.383863772070304,3244.699490625522,25.685973309351198,116.92679199999998,116.92679200000002,11.274674744198006,0.1,7.428174204516566,3245.7033648522356,35.12,25.736635764401044,3243.4775211501087,4.2801916670843125,2.2950728737882056,4.195800000000006,2.287000000000001,77.0152546607171,39.729868960703904,25.785181139980846,0.5158701238570178,0.6490124889534497,11.400015272262058,42.54817420451656,35.14180807827933,4.194760579302916,2.2878912747011904,25.666055135892908,3244.6829954667373
5011,501.10000000004544,42.511409610766705,35.12754583869641,7.383863772070304,3244.699490625522,25.685973309351198,116.92679199999998,116.92679200000002,11.274674744198006,0.1,7.380358156227153,3245.7033648522356,35.12,25.736635764401044,3243.4775211501087,4.2801916670843125,2.2950728737882056,4.195800000000006,2.287000000000001,77.0152546607171,39.729868960703904,25.785181139980846,0.5158701238570178,0.6490124889534497,11.24562122146988,42.50035815622715,35.09097364279792,4.1960321202321635,2.2877572027800857,25.673591442982108,3244.5455927603325
5012,501.20000000004546,42.511409610766705,35.12754583869641,7.383863772070304,3244.699490625522,25.685973309351198,116.92679199999998,116.92679200000002,11.274674744198006,0.1,7.402913076999894,3245.7033648522356,35.12,25.792514370103643,3245.2745492182557,4.2801916670843125,2.2950728737882056,4.195800000000006,2.287000000000001,77.0152546607171,39.729868960703904,25.785181139980846,0.5158701238570178,0.6490124889534497,11.332152000262953,42.52291307699989,35.14529895948282,4.196685921188798,2.2864784516516976,25.573546048194327,3244.5483496859806
5013,501.3000000000455,42.511409610766705,35.12754583869641,7.383863772070304,3244.699490625522,25.685973309351198,116.92679199999998,116.92679200000002,11.274674744198006,0.1,7.400946253799013,3245.7033648522356,35.12,25.792514370103643,3245.2745492182557,4.2801916670843125,2.2950728737882056,4.195800000000006,2.287000000000001,77.0152546607171,39.729868960703904,25.785181139980846,0.5158701238570178,0.6490124889534497,11.330787470743072,42.52094625379901,35.08305283401992,4.196300655911032,2.286831389740589,25.747907568360823,3244.946692301387
5014,501.4000000000455,42.511409610766705,35.12754583869641,7.383863772070304,3244.699490625522,25.685973309351198,116.92679199999998,116.92679200000002,11.274674744198006,0.1,7.359438779638964,3245.7033648522356,35.12,25.792514370103643,3245.2745492182557,4.2801916670843125,2.2950728737882056,4.195800000000006,2.287000000000001,77.0152546607171,39.729868960703904,25.785181139980846,0.5158701238570178,0.6490124889534497,11.280172995461228,42.47943877963896,35.14029916952534,4.194413489425248,2.2868787695289416,25.78863158451701,3244.4827906088162
5015,501.50000000004553,42.511409610766705,35.12754583869641,7.383863772070304,3244.699490625522,25.685973309351198,116.92679199999998,116.92679200000002,11.274674744198006,0.1,7.366808160591731,3245.7033648522356,35.12,25.792514370103643,3245.2745492182557,4.275666243707394,2.294908838203514,4.195800000000006,2.287000000000001,77.0152546607171,39.729868960703904,25.785181139980846,0.5158701238570178,0.6490124889534497,11.36789862571843,42.48680816059173,35.06566801327803,4.196059257890934,2.287426068912199,25.76609715910895,3244.6686818862713
5016,501.60000000004555,42.511409610766705,35.12754583869641,7.383863772070304,3244.699490625522,25.685973309351198,116.92679199999998,116.92679200000002,11.274674744198006,0.1,7.4064859160175445,3245.7033648522356,35.12,25.792514370103643,3245.2745492182557,4.275666243707394,2.294908838203514,4.195800000000006,2.287000000000001,77.0152546607171,39.729868960703904,25.785181139980846,0.5158701238570178,0.6490124889534497,11.309611495703052,42.52648591601754,35.12790510752746,4.194597386078834,2.287366845885558,25.872182332345883,3244.6391095937115
5017,501.7000000000456,42.511409610766705,35.12754583869641,7.383863772070304,3244.699490625522,25.685973309351198,116.92679199999998,116.92679200000002,11.274674744198006,0.1,7.4353737327941545,3245.7033648522356,35.12,25.796781600728792,3248.0921333459855,4.275666243707394,2.294908838203514,4.195800000000006,2.287000000000001,77.0152546607171,39.729868960703904,25.785181139980846,0.5158701238570178,0.6490124889534497,11.353029457675225,42.55537373279415,35.15263928017458,4.196479397497048,2.2863967899066977,25.68551408848004,3244.7052806106144
5018,501.8000000000456,42.511409610766705,35.12754583869641,7.383863772070304,3244.699490625522,25.685973309351198,116.92679199999998,116.92679200000002,11.274674744198006,0.1,7.393041494033383,3245.7033648522356,35.12,25.796781600728792,3248.0921333459855,4.275666243707394,2.294908838203514,4.195800000000006,2.287000000000001,77.0152546607171,39.729868960703904,25.785181139980846,0.5158701238570178,0.6490124889534497,11.255917421912311,42.51304149403338,35.14841408136806,4.195384926635496,2.287332804159009,25.350095019489327,3244.7811773902695
5019,501.9000000000456,42.511409610766705,35.12754583869641,7.383863772070304,3244.699490625522,25.685973309351198,116.92679199999998,116.92679200000002,11.274674744198006,0.1,7.366102147532622,3245.7033648522356,35.12,25.796781600728792,3248.0921333459855,4.275666243707394,2.294908838203514,4.195800000000006,2.287000000000001,77.0152546607171,39.729868960703904,25.785181139980846,0.5158701238570178,0.6490124889534497,11.334619490750237,42.48610214753262,35.09116952715706,4.195402895274974,2.287360700364331,25.713541954621686,3244.695117857674
5020,502.00000000004565,42.511409610766705,35.12754583869641,7.383863772070304,3244.699490625522,25.685973309351198,116.92679199999998,116.92679200000002,11.274674744198006,0.1,7.3917625876214785,3245.7033648522356,35.12,25.796781600728792,3248.0921333459855,4.279354527366581,2.2947854429398005,4.195800000000006,2.287000000000001,77.0152546607171,39.729868960703904,25.785181139980846,0.5158701238570178,0.6490124889534497,11.23417940937347,42.511762587621476,35.13424140284521,4.196276941664426,2.288607300330705,25.71947972255122,3244.751798383136
5021,502.10000000004567,42.511409610766705,35.12754583869641,7.383863772070304,3244.699490625522,25.685973309351198,116.92679199999998,116.92679200000002,11.274674744198006,0.1,7.4244767110213985,3245.7033648522356,35.12,25.796781600728792,3248.0921333459855,4.279354527366581,2.2947854429398005,4.195800000000006,2.287000000000001,77.0152546607171,39.729868960703904,25.785181139980846,0.5158701238570178,0.6490124889534497,11.279727258422612,42.544476711021396,35.14044958029641,4.195871676623129,2.2864507692324607,25.580499341439236,3244.8526744819037
5022,502.2000000000457,42.511409610766705,35.12754583869641,7.383863772070304,3244.699490625522,25.685973309351198,116.92679199999998,116.92679200000002,11.274674744198006,0.1,7.362841251853794,3245.7033648522356,35.12,25.775710972721843,3250.1592801224015,4.279354527366581,2.2947854429398005,4.195800000000006,2.287000000000001,77.0152546607171,39.729868960703904,25.785181139980846,0.5158701238570178,0.6490124889534497,11.377703185492189,42.48284125185379,35.12506399936958,4.196629909534559,2.28592598132019,25.796689136382806,3244.664534598392
5023,502.3000000000457,42.511409610766705,35.12754583869641,7.383863772070304,3244.699490625522,25.685973309351198,116.92679199999998,116.92679200000002,11.274674744198006,0.1,7.380439756417125,3245.7033648522356,35.12,25.775710972721843,3250.1592801224015,4.279354527366581,2.2947854429398005,4.195800000000006,2.287000000000001,77.0152546607171,39.729868960703904,25.785181139980846,0.5158701238570178,0.6490124889534497,11.293936566496788,42.50043975641712,35.10140856306718,4.194931244703515,2.2860359601587414,25.6942519829195,3244.7940455746248
5024,502.40000000004574,42.511409610766705,35.12754583869641,7.383863772070304,3244.699490625522,25.685973309351198,116.92679199999998,116.92679200000002,11.274674744198006,0.1,7.438290781833011,3245.7033648522356,35.12,25.775710972721843,3250.1592801224015,4.279354527366581,2.2947854429398005,4.195800000000006,2.287000000000001,77.0152546607171,39.729868960703904,25.785181139980846,0.5158701238570178,0.6490124889534497,11.339964275736243,42.55829078183301,35.1629305494447,4.1955943557622914,2.287271817511608,25.58577230846395,3244.6838320680677
5025,502.50000000004576,42.511409610766705,35.12754583869641,7.383863772070304,3244.699490625522,25.685973309351198,116.92679199999998,116.92679200000002,11.274674744198006,0.1,7.434002406269485,3245.7033648522356,35.12,25.775710972721843,3250.1592801224015,4.279248598157131,2.2946491789967265,4.195800000000006,2.287000000000001,77.0152546607171,39.729868960703904,25.785181139980846,0.5158701238570178,0.6490124889534497,11.29869417115788,42.55400240626948,35.1004288685095,4.1958270627808725,2.2861112635330305,25.72067245232963,3244.772508175795
5026,502.6000000000458,42.511409610766705,35.12754583869641,7.383863772070304,3244.699490625522,25.685973309351198,116.92679199999998,116.92679200000002,11.274674744198006,0.1,7.355088240949428,3245.7033648522356,35.12,25.775710972721843,3250.1592801224015,4.279248598157131,2.2946491789967265,4.195800000000006,2.287000000000001,77.0152546607171,39.729868960703904,25.785181139980846,0.5158701238570178,0.6490124889534497,11.263960584952464,42.475088240949425,35.13858211325786,4.194628040553169,2.285696543187811,25.68375729467249,3244.7711764000014
5027,502.7000000000458,42.511409610766705,35.12754583869641,7.383863772070304,3244.699490625522,25.685973309351198,116.92679199999998,116.92679200000002,11.274674744198006,0.1,7.416724548854944,3245.7033648522356,35.12,25.686902360531235,3248.43464207849,4.279248598157131,2.2946491789967265,4.195800000000006,2.287000000000001,77.0152546607171,39.729868960703904,25.785181139980846,0.5158701238570178,0.6490124889534497,11.233674727760574,42.53672454885494,35.11432753518993,4.197312597393754,2.286540264812153,25.616990429106043,3244.850692341832
5028,502.8000000000458,42.511409610766705,35.12754583869641,7.383863772070304,3244.699490625522,25.685973309351198,116.92679199999998,116.92679200000002,11.274674744198006,0.1,7.3936732387397655,3245.7033648522356,35.12,25.686902360531235,3248.43464207849,4.279248598157131,2.2946491789967265,4.195800000000006,2.287000000000001,77.0152546607171,39.729868960703904,25.785181139980846,0.5158701238570178,0.6490124889534497,11.302560598397273,42.51367323873976,35.12205343268112,4.196429785213346,2.2869102064831877,25.612749030395506,3244.6444403956807
5029,502.90000000004585,42.511409610766705,35.12754583869641,7.383863772070304,3244.699490625522,25.685973309351198,116.92679199999998,116.92679200000002,11.274674744198006,0.1,7.387997469872943,3245.7033648522356,35.12,25.686902360531235,3248.43464207849,4.279248598157131,2.2946491789967265,4.195800000000006,2.287000000000001,77.0152546607171,39.729868960703904,25.785181139980846,0.5158701238570178,0.6490124889534497,11.2700733119697,42.50799746987294,35.085468056040725,4.196419400397959,2.287220927368512,25.74898254138591,3244.6286992925734
5030,503.0000000000459,42.511409610766705,35.12754583869641,7.383863772070304,3244.699490625522,25.685973309351198,116.92679199999998,116.92679200000002,11.274674744198006,0.1,7.351822672016773,3245.7033648522356,35.12,25.686902360531235,3248.43464207849,4.278439845224496,2.2944560743881213,4.195800000000006,2.287000000000001,77.0152546607171,39.729868960703904,25.785181139980846,0.5158701238570178,0.6490124889534497,11.290014483724622,42.47182267201677,35.10651965012601,4.196817709323288,2.2857795745370577,25.75664292394085,3244.6281888456547
5031,503.1000000000459,42.511409610766705,35.12754583869641,7.383863772070304,3244.699490625522,25.685973309351198,116.92679199999998,116.92679200000002,11.274674744198006,0.1,7.404815962529433,3245.7033648522356,35.12,25.686902360531235,3248.43464207849,4.278439845224496,2.2944560743881213,4.195800000000006,2.287000000000001,77.0152546607171,39.729868960703904,25.785181139980846,0.5158701238570178,0.6490124889534497,11.205600747459151,42.52481596252943,35.15733631454895,4.196915510205414,2.2851959571546416,25.575694907826755,3244.554571658471
5032,503.2000000000459,42.511409610766705,35.12754583869641,7.383863772070304,3244.699490625522,25.685973309351198,116.92679199999998,116.92679200000002,11.274674744198006,0.1,7.44798929862462,3245.7033648522356,35.12,25.652299728306573,3244.207228807695,4.278439845224496,2.2944560743881213,4.195800000000006,2.287000000000001,77.0152546607171,39.729868960703904,25.785181139980846,0.5158701238570178,0.6490124889534497,11.28890908607873,42.56798929862462,35.13100535505862,4.197164963651779,2.2885853665835607,25.550293051454233,3244.674394973805
5033,503.30000000004594,42.511409610766705,35.12754583869641,7.383863772070304,3244.699490625522,25.685973309351198,116.92679199999998,116.92679200000002,11.274674744198006,0.1,7.3590324556179,3245.7033648522356,35.12,25.652299728306573,3244.207228807695,4.278439845224496,2.2944560743881213,4.195800000000006,2.287000000000001,77.0152546607171,39.729868960703904,25.785181139980846,0.5158701238570178,0.6490124889534497,11.308256561198013,42.4790324556179,35.10854334247129,4.196247625782421,2.2852650177436296,25.641600430691575,3244.5623696468188
5034,503.40000000004596,42.511409610766705,35.12754583869641,7.383863772070304,3244.699490625522,25.685973309351198,116.92679199999998,116.92679200000002,11.274674744198006,0.1,7.37530560180484,3245.7033648522356,35.12,25.652299728306573,3244.207228807695,4.278439845224496,2.2944560743881213,4.195800000000006,2.287000000000001,77.0152546607171,39.729868960703904,25.785181139980846,0.5158701238570178,0.6490124889534497,11.240818537140877,42.49530560180484,35.07587621722643,4.195615573123037,2.2869442484870457,25.5810999083291,3244.678097200504
5035,503.500000000046,42.511409610766705,35.12754583869641,7.383863772070304,3244.699490625522,25.685973309351198,116.92679199999998,116.92679200000002,11.274674744198006,0.1,7.438014548196655,3245.7033648522356,35.12,25.652299728306573,3244.207228807695,4.2774810379663775,2.294352106613167,4.195800000000006,2.287000000000001,77.0152546607171,39.729868960703904,25.785181139980846,0.5158701238570178,0.6490124889534497,11.332178915725562,42.55801454819665,35.10089908944169,4.197496245348079,2.285633863855679,25.691302223172734,3244.805789703605
5036,503.600000000046,42.511409610766705,35.12754583869641,7.383863772070304,3244.699490625522,25.685973309351198,116.92679199999998,116.92679200000002,11.274674744198006,0.1,7.401748978733032,3245.7033648522356,35.12,25.652299728306573,3244.207228807695,4.2774810379663775,2.294352106613167,4.195800000000006,2.287000000000001,77.0152546607171,39.729868960703904,25.785181139980846,0.5158701238570178,0.6490124889534497,11.275650803768686,42.52174897873303,35.10424904927861,4.195867891512316,2.2856932120797513,25.70562143263136,3244.890570735056
5037,503.70000000004603,42.511409610766705,35.12754583869641,7.383863772070304,3244.699490625522,25.685973309351198,116.92679199999998,116.92679200000002,11.274674744198006,0.1,7.422299397986997,3245.7033648522356,35.12,25.543291921811353,3238.045828260161,4.2774810379663775,2.294352106613167,4.195800000000006,2.287000000000001,77.0152546607171,39.729868960703904,25.785181139980846,0.5158701238570178,0.6490124889534497,11.201305651215073,42.542299397986994,35.0715029999398,4.195349589797516,2.287713384380149,25.685304559307813,3244.6985886501307
5038,503.80000000004605,42.511409610766705,35.12754583869641,7.383863772070304,3244.699490625522,25.685973309351198,116.92679199999998,116.92679200000002,11.274674744198006,0.1,7.393371374379662,3245.7033648522356,35.12,25.543291921811353,3238.045828260161,4.2774810379663775,2.294352106613167,4.195800000000006,2.287000000000001,77.0152546607171,39.729868960703904,25.785181139980846,0.5158701238570178,0.6490124889534497,11.301767351445331,42.51337137437966,35.11520008161062,4.195358307547313,2.286843362777773,25.634699786465482,3244.7815191470013
5039,503.9000000000461,42.511409610766705,35.12754583869641,7.383863772070304,3244.699490625522,25.685973309351198,116.92679199999998,116.92679200000002,11.274674744198006,0.1,7.411031856792327,3245.7033648522356,35.12,25.543291921811353,3238.045828260161,4.2774810379663775,2.294352106613167,4.195800000000006,2.287000000000001,77.0152546607171,39.729868960703904,25.785181139980846,0.5158701238570178,0.6490124889534497,11.242981991656857,42.531031856792325,35.118079714788465,4.194756846708466,2.2873340640527333,25.79579161038006,3244.723491942763
5040,504.0000000000461,42.511409610766705,35.12754583869641,7.383863772070304,3244.699490625522,25.685973309351198,116.92679199999998,116.92679200000002,11.274674744198006,0.1,7.387086490168379,3245.7033648522356,35.12,25.543291921811353,3238.045828260161,4.277199009886317,2.2941444307197836,4.195800000000006,2.287000000000001,77.0152546607171,39.729868960703904,25.785181139980846,0.5158701238570178,0.6490124889534497,11.257416047855136,42.507086490168376,35.141233153911095,4.1963670943628015,2.287584036091593,25.914756711711476,3244.596183731165
5041,504.1000000000461,42.511409610766705,35.12754583869641,7.383863772070304,3244.699490625522,25.685973309351198,116.92679199999998,116.92679200000002,11.274674744198006,0.1,7.40860930699872,3245.7033648522356,35.12,25.543291921811353,3238.045828260161,4.277199009886317,2.2941444307197836,4.195800000000006,2.287000000000001,77.0152546607171,39.729868960703904,25.785181139980846,0.5158701238570178,0.6490124889534497,11.300471305920393,42.52860930699872,35.10753750697609,4.193845021953396,2.286973839010518,25.62541125242128,3244.683502206648
5042,504.20000000004615,42.511409610766705,35.12754583869641,7.383863772070304,3244.699490625522,25.685973309351198,116.92679199999998,116.92679200000002,11.274674744198006,0.1,7.408626502051874,3245.7033648522356,35.12,25.73356422309632,3240.7979633258515,4.277199009886317,2.2941444307197836,4.195800000000006,2.287000000000001,77.0152546607171,39.729868960703904,25.785181139980846,0.5158701238570178,0.6490124889534497,11.280712629174685,42.52862650205187,35.13894300031292,4.195758265600017,2.2874437714075384,25.454240349287804,3244.8455477813854
5043,504.30000000004617,42.511409610766705,35.12754583869641,7.383863772070304,3244.699490625522,25.685973309351198,116.92679199999998,116.92679200000002,11.274674744198006,0.1,7.384575895808169,3245.7033648522356,35.12,25.73356422309632,3240.7979633258515,4.277199009886317,2.2941444307197836,4.195800000000006,2.287000000000001,77.0152546607171,39.729868960703904,25.785181139980846,0.5158701238570178,0.6490124889534497,11.295228607278013,42.504575895808166,35.15983551513235,4.195879249470782,2.287407175441527,25.444561082970754,3244.669237270995
5044,504.4000000000462,42.511409610766705,35.12754583869641,7.383863772070304,3244.699490625522,25.685973309351198,116.92679199999998,116.92679200000002,11.274674744198006,0.1,7.417095733927319,3245.7033648522356,35.12,25.73356422309632,3240.7979633258515,4.277199009886317,2.2941444307197836,4.195800000000006,2.287000000000001,77.0152546607171,39.729868960703904,25.785181139980846,0.5158701238570178,0.6490124889534497,11.247381712217708,42.537095733927316,35.14592642720633,4.1954951197670365,2.287569978344754,25.676082650163522,3244.740613771338
5045,504.5000000000462,42.511409610766705,35.12754583869641,7.383863772070304,3244.699490625522,25.685973309351198,116.92679199999998,116.92679200000002,11.274674744198006,0.1,7.372582385382373,3245.7033648522356,35.12,25.73356422309632,3240.7979633258515,4.2810443407602365,2.294051001243633,4.195800000000006,2.287000000000001,77.0152546607171,39.729868960703904,25.785181139980846,0.5158701238570178,0.6490124889534497,11.261100766861366,42.49258238538237,35.15858420004036,4.193959863444144,2.287773977007723,25.620152815024486,3244.7659495155253
5046,504.60000000004624,42.511409610766705,35.12754583869641,7.383863772070304,3244.699490625522,25.685973309351198,116.92679199999998,116.92679200000002,11.274674744198006,0.1,7.412284225424202,3245.7033648522356,35.12,25.73356422309632,3240.7979633258515,4.2810443407602365,2.294051001243633,4.195800000000006,2.287000000000001,77.0152546607171,39.729868960703904,25.785181139980846,0.5158701238570178,0.6490124889534497,11.302281146456547,42.5322842254242,35.13533188145221,4.196436354793609,2.286106814091906,25.7837403292681,3244.730133383329
5047,504.70000000004626,42.511409610766705,35.12754583869641,7.383863772070304,3244.699490625522,25.685973309351198,116.92679199999998,116.92679200000002,11.274674744198006,0.1,7.408159860157497,3245.7033648522356,35.12,25.751422691866996,3242.2706661491807,4.2810443407602365,2.294051001243633,4.195800000000006,2.287000000000001,77.0152546607171,39.729868960703904,25.785181139980846,0.5158701238570178,0.6490124889534497,11.28076153596596,42.528159860157494,35.14391054348101,4.193748306710686,2.2864160223316965,25.63381007185343,3244.610357174663
